fp64
 8 268435456 552980.452 552980.452 552980.452 7.76694235838919 7.76694235838919 7.76694235838919 1.9417355895972974 1.9417355895972974 1.9417355895972974
 16 134217728 273885.427 273885.427 273885.427 15.681620387929586 15.681620387929586 15.681620387929586 3.9204050969823965 3.9204050969823965 3.9204050969823965
 32 67108864 144835.155 144835.155 144835.155 29.654176819156927 29.654176819156927 29.654176819156927 7.413544204789232 7.413544204789232 7.413544204789232
 64 33554432 75462.112 75462.112 75462.112 56.91554585697257 56.91554585697257 56.91554585697257 14.228886464243143 14.228886464243143 14.228886464243143
 128 16777216 40045.983 40045.983 40045.983 107.25088945875046 107.25088945875046 107.25088945875046 26.812722364687616 26.812722364687616 26.812722364687616
 256 8388608 24880.279 24880.279 24880.279 172.62536710299753 172.62536710299753 172.62536710299753 43.15634177574938 43.15634177574938 43.15634177574938
 512 4194304 22062.219 22062.219 22062.219 194.67521811835883 194.67521811835883 194.67521811835883 48.66880452958971 48.66880452958971 48.66880452958971
 1024 2097152 15945.336 15945.336 15945.336 269.3557097824718 269.3557097824718 269.3557097824718 67.33892744561795 67.33892744561795 67.33892744561795
 2048 1048576 21521.837 21521.837 21521.837 199.56322947711203 199.56322947711203 199.56322947711203 49.89080736927801 49.89080736927801 49.89080736927801
 4096 524288 18685.574 18685.574 18685.574 229.85471551476022 229.85471551476022 229.85471551476022 57.463678878690054 57.463678878690054 57.463678878690054
 8192 262144 18817.597 18817.597 18817.597 228.2420702282018 228.2420702282018 228.2420702282018 57.06051755705045 57.06051755705045 57.06051755705045
 16384 131072 20172.089 20172.089 20172.089 212.91633682560095 212.91633682560095 212.91633682560095 53.22908420640024 53.22908420640024 53.22908420640024
 32768 65536 21915.064 21915.064 21915.064 195.98242085900367 195.98242085900367 195.98242085900367 48.99560521475092 48.99560521475092 48.99560521475092
 65536 32768 27228.023 27228.023 27228.023 157.74069589995574 157.74069589995574 157.74069589995574 39.435173974988935 39.435173974988935 39.435173974988935
 131072 16384 25662.635 25662.635 25662.635 167.3626771374023 167.3626771374023 167.3626771374023 41.840669284350575 41.840669284350575 41.840669284350575
 262144 8192 23183.194 23183.194 23183.194 185.2621039188992 185.2621039188992 185.2621039188992 46.3155259797248 46.3155259797248 46.3155259797248
 524288 4096 22476.195 22476.195 22476.195 191.08960818323564 191.08960818323564 191.08960818323564 47.77240204580891 47.77240204580891 47.77240204580891
 1048576 2048 26274.425 26274.425 26274.425 163.46570080981792 163.46570080981792 163.46570080981792 40.86642520245448 40.86642520245448 40.86642520245448
 2097152 1024 26854.767 26854.767 26854.767 159.93314319204484 159.93314319204484 159.93314319204484 39.98328579801121 39.98328579801121 39.98328579801121
 4194304 512 32630.476 32630.476 32630.476 131.6244144277883 131.6244144277883 131.6244144277883 32.90610360694708 32.90610360694708 32.90610360694708
 8388608 256 33606.084 33606.084 33606.084 127.80326609907897 127.80326609907897 127.80326609907897 31.950816524769742 31.950816524769742 31.950816524769742
 16777216 128 52269.542 52269.542 52269.542 82.16959880765744 82.16959880765744 82.16959880765744 20.54239970191436 20.54239970191436 20.54239970191436
 33554432 64 82754.305 82754.305 82754.305 51.900227982097135 51.900227982097135 51.900227982097135 12.975056995524284 12.975056995524284 12.975056995524284
 67108864 32 97416.057 97416.057 97416.057 44.08890513809238 44.08890513809238 44.08890513809238 11.022226284523095 11.022226284523095 11.022226284523095
 134217728 16 97326.233 97326.233 97326.233 44.12959552230898 44.12959552230898 44.12959552230898 11.032398880577245 11.032398880577245 11.032398880577245
 268435456 8 90940.728 90940.728 90940.728 47.228204463021235 47.228204463021235 47.228204463021235 11.807051115755309 11.807051115755309 11.807051115755309
 536870912 4 118851.322 118851.322 118851.322 36.137311926576636 36.137311926576636 36.137311926576636 9.034327981644159 9.034327981644159 9.034327981644159
 1073741824 2 169664.808 169664.808 169664.808 25.314426407154514 25.314426407154514 25.314426407154514 6.328606601788628 6.328606601788628 6.328606601788628
 2147483648 1 142555.569 142555.569 142555.569 30.128372578695963 30.128372578695963 30.128372578695963 7.532093144673991 7.532093144673991 7.532093144673991
 
META_DATA
 FLOPS          4
 OPENMP_THREADS 1
 ERT_VERSION  1.1.0
 HOSTNAME  ('areeba-vm', [], ['127.0.1.1'])
 UNAME  uname_result(system='Linux', node='areeba-vm', release='6.17.0-23-generic', version='#23~24.04.1-Ubuntu SMP PREEMPT_DYNAMIC Tue Apr 14 16:11:48 UTC 2', machine='x86_64')
 TIMESTAMP_DATA  1778236620.327397
 CONFIG  {'ERT_RESULTS': ['roofline/mylaptop/Results'], 'ERT_DRIVER': ['driver1'], 'ERT_KERNEL': ['kernel1'], 'ERT_MPI': ['False'], 'ERT_MPI_CFLAGS': [], 'ERT_MPI_LDFLAGS': [], 'ERT_MPI_PROCS': ['1'], 'ERT_OPENMP': ['True'], 'ERT_OPENMP_CFLAGS': ['-fopenmp'], 'ERT_OPENMP_LDFLAGS': ['-fopenmp'], 'ERT_OPENMP_THREADS': ['1,2,4'], 'ERT_GPU': ['False'], 'ERT_GPU_CFLAGS': [], 'ERT_GPU_LDFLAGS': [], 'ERT_GPU_BLOCKS': ['1'], 'ERT_GPU_THREADS': ['1'], 'ERT_HIP': ['False'], 'ERT_OCL': ['False'], 'ERT_SYCL': ['False'], 'ERT_FLOPS': ['1,2,4,8'], 'ERT_ALIGN': ['32'], 'ERT_CC': ['g++'], 'ERT_CFLAGS': ['-O3', '-march=native', '-mavx2', '-mfma', '-ffast-math'], 'ERT_LD': ['g++'], 'ERT_LDFLAGS': [], 'ERT_LDLIBS': [], 'ERT_PRECISION': ['FP64'], 'ERT_PROCS_THREADS': ['6'], 'ERT_BLOCKS_THREADS': ['1'], 'ERT_WORKING_SET_MIN': ['1'], 'ERT_MEMORY_MAX': ['2147483648'], 'ERT_WSS_MULT': ['2.0'], 'ERT_TRIALS_MIN': ['1'], 'ERT_NUM_EXPERIMENTS': ['1'], 'ERT_RUN': ['OMP_NUM_THREADS=ERT_OPENMP_THREADS', './ERT_CODE'], 'ERT_GNUPLOT': ['False']}
 