fp64

8 1 1.711 1.711 1.711 0.00935125657510228 0.00935125657510228 0.00935125657510228 0.00233781414377557 0.00233781414377557 0.00233781414377557
8 2 0.535 0.535 0.535 0.05981308411214953 0.05981308411214953 0.05981308411214953 0.014953271028037382 0.014953271028037382 0.014953271028037382
8 4 0.552 0.552 0.552 0.11594202898550723 0.11594202898550723 0.11594202898550723 0.02898550724637681 0.02898550724637681 0.02898550724637681
8 8 0.525 0.525 0.525 0.2438095238095238 0.2438095238095238 0.2438095238095238 0.06095238095238095 0.06095238095238095 0.06095238095238095
8 16 0.532 0.532 0.532 0.48120300751879697 0.48120300751879697 0.48120300751879697 0.12030075187969924 0.12030075187969924 0.12030075187969924
8 32 0.562 0.562 0.562 0.9110320284697508 0.9110320284697508 0.9110320284697508 0.2277580071174377 0.2277580071174377 0.2277580071174377
8 64 0.631 0.631 0.631 1.6228209191759113 1.6228209191759113 1.6228209191759113 0.40570522979397783 0.40570522979397783 0.40570522979397783
8 128 0.777 0.777 0.777 2.6357786357786357 2.6357786357786357 2.6357786357786357 0.6589446589446589 0.6589446589446589 0.6589446589446589
8 256 1.058 1.058 1.058 3.8714555765595464 3.8714555765595464 3.8714555765595464 0.9678638941398866 0.9678638941398866 0.9678638941398866
8 512 1.621 1.621 1.621 5.053670573719926 5.053670573719926 5.053670573719926 1.2634176434299815 1.2634176434299815 1.2634176434299815
8 1024 2.741 2.741 2.741 5.977380518059102 5.977380518059102 5.977380518059102 1.4943451295147756 1.4943451295147756 1.4943451295147756
8 2048 4.996 4.996 4.996 6.55884707766213 6.55884707766213 6.55884707766213 1.6397117694155325 1.6397117694155325 1.6397117694155325
8 4096 9.489 9.489 9.489 6.906523342818 6.906523342818 6.906523342818 1.7266308357045 1.7266308357045 1.7266308357045
8 8192 18.524 18.524 18.524 7.075793565104729 7.075793565104729 7.075793565104729 1.7689483912761823 1.7689483912761823 1.7689483912761823
8 16384 36.518 36.518 36.518 7.178487321320993 7.178487321320993 7.178487321320993 1.7946218303302484 1.7946218303302484 1.7946218303302484
8 32768 72.577 72.577 72.577 7.223886355181395 7.223886355181395 7.223886355181395 1.8059715887953487 1.8059715887953487 1.8059715887953487
8 65536 144.635 144.635 144.635 7.249808137726 7.249808137726 7.249808137726 1.8124520344315 1.8124520344315 1.8124520344315
8 131072 294.623 294.623 294.623 7.1180865037692245 7.1180865037692245 7.1180865037692245 1.7795216259423061 1.7795216259423061 1.7795216259423061
8 262144 563.404 563.404 563.404 7.444576183342682 7.444576183342682 7.444576183342682 1.8611440458356705 1.8611440458356705 1.8611440458356705
8 524288 1138.851 1138.851 1138.851 7.36585207371289 7.36585207371289 7.36585207371289 1.8414630184282226 1.8414630184282226 1.8414630184282226
8 1048576 2266.549 2266.549 2266.549 7.402097197104497 7.402097197104497 7.402097197104497 1.8505242992761242 1.8505242992761242 1.8505242992761242
8 2097152 4586.858 4586.858 4586.858 7.315341351312816 7.315341351312816 7.315341351312816 1.828835337828204 1.828835337828204 1.828835337828204
8 4194304 9240.094 9240.094 9240.094 7.262790183736227 7.262790183736227 7.262790183736227 1.8156975459340567 1.8156975459340567 1.8156975459340567
8 8388608 18183.902 18183.902 18183.902 7.381129088795134 7.381129088795134 7.381129088795134 1.8452822721987836 1.8452822721987836 1.8452822721987836
8 16777216 38562.227 38562.227 38562.227 6.961098382621938 6.961098382621938 6.961098382621938 1.7402745956554846 1.7402745956554846 1.7402745956554846
8 33554432 71837.064 71837.064 71837.064 7.473452868285375 7.473452868285375 7.473452868285375 1.8683632170713438 1.8683632170713438 1.8683632170713438
8 67108864 141889.833 141889.833 141889.833 7.5674331366645555 7.5674331366645555 7.5674331366645555 1.8918582841661389 1.8918582841661389 1.8918582841661389
8 134217728 277391.368 277391.368 277391.368 7.741710434190583 7.741710434190583 7.741710434190583 1.9354276085476458 1.9354276085476458 1.9354276085476458
8 268435456 552980.452 552980.452 552980.452 7.76694235838919 7.76694235838919 7.76694235838919 1.9417355895972974 1.9417355895972974 1.9417355895972974

16 1 1.189 1.189 1.189 0.026913372582001684 0.026913372582001684 0.026913372582001684 0.006728343145500421 0.006728343145500421 0.006728343145500421
16 2 0.53 0.53 0.53 0.12075471698113208 0.12075471698113208 0.12075471698113208 0.03018867924528302 0.03018867924528302 0.03018867924528302
16 4 0.535 0.535 0.535 0.2392523364485981 0.2392523364485981 0.2392523364485981 0.05981308411214953 0.05981308411214953 0.05981308411214953
16 8 0.51 0.51 0.51 0.5019607843137255 0.5019607843137255 0.5019607843137255 0.12549019607843137 0.12549019607843137 0.12549019607843137
16 16 0.525 0.525 0.525 0.9752380952380952 0.9752380952380952 0.9752380952380952 0.2438095238095238 0.2438095238095238 0.2438095238095238
16 32 0.549 0.549 0.549 1.8652094717668488 1.8652094717668488 1.8652094717668488 0.4663023679417122 0.4663023679417122 0.4663023679417122
16 64 0.62 0.62 0.62 3.3032258064516133 3.3032258064516133 3.3032258064516133 0.8258064516129033 0.8258064516129033 0.8258064516129033
16 128 0.75 0.75 0.75 5.461333333333333 5.461333333333333 5.461333333333333 1.3653333333333333 1.3653333333333333 1.3653333333333333
16 256 1.026 1.026 1.026 7.984405458089669 7.984405458089669 7.984405458089669 1.9961013645224173 1.9961013645224173 1.9961013645224173
16 512 1.579 1.579 1.579 10.376187460417986 10.376187460417986 10.376187460417986 2.5940468651044966 2.5940468651044966 2.5940468651044966
16 1024 2.682 2.682 2.682 12.217747949291574 12.217747949291574 12.217747949291574 3.0544369873228936 3.0544369873228936 3.0544369873228936
16 2048 4.887 4.887 4.887 13.410272150603642 13.410272150603642 13.410272150603642 3.3525680376509106 3.3525680376509106 3.3525680376509106
16 4096 9.269 9.269 9.269 14.140899773438344 14.140899773438344 14.140899773438344 3.535224943359586 3.535224943359586 3.535224943359586
16 8192 18.072 18.072 18.072 14.505533421868085 14.505533421868085 14.505533421868085 3.6263833554670213 3.6263833554670213 3.6263833554670213
16 16384 35.671 35.671 35.671 14.69787782792745 14.69787782792745 14.69787782792745 3.6744694569818623 3.6744694569818623 3.6744694569818623
16 32768 70.836 70.836 70.836 14.80286859788808 14.80286859788808 14.80286859788808 3.70071714947202 3.70071714947202 3.70071714947202
16 65536 158.063 158.063 158.063 13.267823589328309 13.267823589328309 13.267823589328309 3.316955897332077 3.316955897332077 3.316955897332077
16 131072 275.221 275.221 275.221 15.239767314267443 15.239767314267443 15.239767314267443 3.8099418285668607 3.8099418285668607 3.8099418285668607
16 262144 525.815 525.815 525.815 15.953534988541598 15.953534988541598 15.953534988541598 3.9883837471353996 3.9883837471353996 3.9883837471353996
16 524288 1057.864 1057.864 1057.864 15.859520694531625 15.859520694531625 15.859520694531625 3.9648801736329062 3.9648801736329062 3.9648801736329062
16 1048576 2118.521 2118.521 2118.521 15.838611937290212 15.838611937290212 15.838611937290212 3.959652984322553 3.959652984322553 3.959652984322553
16 2097152 4261.798 4261.798 4261.798 15.746608356379165 15.746608356379165 15.746608356379165 3.936652089094791 3.936652089094791 3.936652089094791
16 4194304 8464.551 8464.551 8464.551 15.856449798695763 15.856449798695763 15.856449798695763 3.964112449673941 3.964112449673941 3.964112449673941
16 8388608 17187.594 17187.594 17187.594 15.617977478406809 15.617977478406809 15.617977478406809 3.9044943696017023 3.9044943696017023 3.9044943696017023
16 16777216 34180.875 34180.875 34180.875 15.706763270396092 15.706763270396092 15.706763270396092 3.926690817599023 3.926690817599023 3.926690817599023
16 33554432 69297.369 69297.369 69297.369 15.494698276351587 15.494698276351587 15.494698276351587 3.8736745690878966 3.8736745690878966 3.8736745690878966
16 67108864 140819.043 140819.043 140819.043 15.249952011106908 15.249952011106908 15.249952011106908 3.812488002776727 3.812488002776727 3.812488002776727
16 134217728 273885.427 273885.427 273885.427 15.681620387929586 15.681620387929586 15.681620387929586 3.9204050969823965 3.9204050969823965 3.9204050969823965

32 1 1.263 1.263 1.263 0.05067300079176565 0.05067300079176565 0.05067300079176565 0.012668250197941412 0.012668250197941412 0.012668250197941412
32 2 0.508 0.508 0.508 0.25196850393700787 0.25196850393700787 0.25196850393700787 0.06299212598425197 0.06299212598425197 0.06299212598425197
32 4 0.492 0.492 0.492 0.5203252032520326 0.5203252032520326 0.5203252032520326 0.13008130081300814 0.13008130081300814 0.13008130081300814
32 8 0.48 0.48 0.48 1.0666666666666669 1.0666666666666669 1.0666666666666669 0.2666666666666667 0.2666666666666667 0.2666666666666667
32 16 0.503 0.503 0.503 2.035785288270378 2.035785288270378 2.035785288270378 0.5089463220675945 0.5089463220675945 0.5089463220675945
32 32 0.525 0.525 0.525 3.900952380952381 3.900952380952381 3.900952380952381 0.9752380952380952 0.9752380952380952 0.9752380952380952
32 64 0.59 0.59 0.59 6.942372881355933 6.942372881355933 6.942372881355933 1.7355932203389832 1.7355932203389832 1.7355932203389832
32 128 0.735 0.735 0.735 11.145578231292518 11.145578231292518 11.145578231292518 2.7863945578231295 2.7863945578231295 2.7863945578231295
32 256 1.001 1.001 1.001 16.36763236763237 16.36763236763237 16.36763236763237 4.091908091908093 4.091908091908093 4.091908091908093
32 512 1.539 1.539 1.539 21.29174788823912 21.29174788823912 21.29174788823912 5.32293697205978 5.32293697205978 5.32293697205978
32 1024 2.633 2.633 2.633 24.890239270793774 24.890239270793774 24.890239270793774 6.222559817698444 6.222559817698444 6.222559817698444
32 2048 4.796 4.796 4.796 27.329441201000833 27.329441201000833 27.329441201000833 6.832360300250208 6.832360300250208 6.832360300250208
32 4096 9.117 9.117 9.117 28.753317977404848 28.753317977404848 28.753317977404848 7.188329494351212 7.188329494351212 7.188329494351212
32 8192 24.404 24.404 24.404 21.483691198164237 21.483691198164237 21.483691198164237 5.370922799541059 5.370922799541059 5.370922799541059
32 16384 35.189 35.189 35.189 29.798402910000288 29.798402910000288 29.798402910000288 7.449600727500072 7.449600727500072 7.449600727500072
32 32768 77.634 77.634 77.634 27.013318906664608 27.013318906664608 27.013318906664608 6.753329726666152 6.753329726666152 6.753329726666152
32 65536 144.099 144.099 144.099 29.107099979874953 29.107099979874953 29.107099979874953 7.276774994968738 7.276774994968738 7.276774994968738
32 131072 277.595 277.595 277.595 30.218872818314452 30.218872818314452 30.218872818314452 7.554718204578613 7.554718204578613 7.554718204578613
32 262144 1118.895 1118.895 1118.895 14.994450775095073 14.994450775095073 14.994450775095073 3.7486126937737683 3.7486126937737683 3.7486126937737683
32 524288 1243.694 1243.694 1243.694 26.979652551190245 26.979652551190245 26.979652551190245 6.744913137797561 6.744913137797561 6.744913137797561
32 1048576 2170.003 2170.003 2170.003 30.925701024376462 30.925701024376462 30.925701024376462 7.7314252560941155 7.7314252560941155 7.7314252560941155
32 2097152 4324.577 4324.577 4324.577 31.036036125614135 31.036036125614135 31.036036125614135 7.759009031403534 7.759009031403534 7.759009031403534
32 4194304 9437.041 9437.041 9437.041 28.44487546467161 28.44487546467161 28.44487546467161 7.111218866167903 7.111218866167903 7.111218866167903
32 8388608 19406.495 19406.495 19406.495 27.664496448225197 27.664496448225197 27.664496448225197 6.916124112056299 6.916124112056299 6.916124112056299
32 16777216 36739.339 36739.339 36739.339 29.225942905505185 29.225942905505185 29.225942905505185 7.306485726376296 7.306485726376296 7.306485726376296
32 33554432 77278.946 77278.946 77278.946 27.788728484987363 27.788728484987363 27.788728484987363 6.947182121246841 6.947182121246841 6.947182121246841
32 67108864 144835.155 144835.155 144835.155 29.654176819156927 29.654176819156927 29.654176819156927 7.413544204789232 7.413544204789232 7.413544204789232

64 1 1.361 1.361 1.361 0.09404849375459222 0.09404849375459222 0.09404849375459222 0.023512123438648055 0.023512123438648055 0.023512123438648055
64 2 0.598 0.598 0.598 0.42809364548494994 0.42809364548494994 0.42809364548494994 0.10702341137123748 0.10702341137123748 0.10702341137123748
64 4 0.49 0.49 0.49 1.0448979591836736 1.0448979591836736 1.0448979591836736 0.2612244897959184 0.2612244897959184 0.2612244897959184
64 8 0.495 0.495 0.495 2.0686868686868687 2.0686868686868687 2.0686868686868687 0.5171717171717172 0.5171717171717172 0.5171717171717172
64 16 0.525 0.525 0.525 3.900952380952381 3.900952380952381 3.900952380952381 0.9752380952380952 0.9752380952380952 0.9752380952380952
64 32 0.519 0.519 0.519 7.892100192678227 7.892100192678227 7.892100192678227 1.9730250481695568 1.9730250481695568 1.9730250481695568
64 64 0.6 0.6 0.6 13.653333333333334 13.653333333333334 13.653333333333334 3.4133333333333336 3.4133333333333336 3.4133333333333336
64 128 0.726 0.726 0.726 22.56749311294766 22.56749311294766 22.56749311294766 5.641873278236915 5.641873278236915 5.641873278236915
64 256 0.998 0.998 0.998 32.83366733466934 32.83366733466934 32.83366733466934 8.208416833667336 8.208416833667336 8.208416833667336
64 512 1.55 1.55 1.55 42.281290322580645 42.281290322580645 42.281290322580645 10.570322580645161 10.570322580645161 10.570322580645161
64 1024 2.636 2.636 2.636 49.72382397572079 49.72382397572079 49.72382397572079 12.430955993930198 12.430955993930198 12.430955993930198
64 2048 4.808 4.808 4.808 54.522462562396015 54.522462562396015 54.522462562396015 13.630615640599004 13.630615640599004 13.630615640599004
64 4096 9.14 9.14 9.14 57.36192560175055 57.36192560175055 57.36192560175055 14.340481400437637 14.340481400437637 14.340481400437637
64 8192 17.851 17.851 17.851 58.740462719175405 58.740462719175405 58.740462719175405 14.685115679793851 14.685115679793851 14.685115679793851
64 16384 35.216 35.216 35.216 59.55111313039527 59.55111313039527 59.55111313039527 14.887778282598818 14.887778282598818 14.887778282598818
64 32768 82.7 82.7 82.7 50.717097944377265 50.717097944377265 50.717097944377265 12.679274486094316 12.679274486094316 12.679274486094316
64 65536 144.949 144.949 144.949 57.872824234730835 57.872824234730835 57.872824234730835 14.468206058682709 14.468206058682709 14.468206058682709
64 131072 278.374 278.374 278.374 60.26861704038452 60.26861704038452 60.26861704038452 15.06715426009613 15.06715426009613 15.06715426009613
64 262144 562.435 562.435 562.435 59.659217509578895 59.659217509578895 59.659217509578895 14.914804377394724 14.914804377394724 14.914804377394724
64 524288 1117.39 1117.39 1117.39 60.05858652753292 60.05858652753292 60.05858652753292 15.01464663188323 15.01464663188323 15.01464663188323
64 1048576 2241.098 2241.098 2241.098 59.889272133570245 59.889272133570245 59.889272133570245 14.972318033392561 14.972318033392561 14.972318033392561
64 2097152 4532.588 4532.588 4532.588 59.22344055978616 59.22344055978616 59.22344055978616 14.80586013994654 14.80586013994654 14.80586013994654
64 4194304 8935.083 8935.083 8935.083 60.08572186738501 60.08572186738501 60.08572186738501 15.021430466846253 15.021430466846253 15.021430466846253
64 8388608 18024.338 18024.338 18024.338 59.571775895458686 59.571775895458686 59.571775895458686 14.892943973864671 14.892943973864671 14.892943973864671
64 16777216 36793.452 36793.452 36793.452 58.36591924019525 58.36591924019525 58.36591924019525 14.591479810048812 14.591479810048812 14.591479810048812
64 33554432 75462.112 75462.112 75462.112 56.91554585697257 56.91554585697257 56.91554585697257 14.228886464243143 14.228886464243143 14.228886464243143

128 1 1.157 1.157 1.157 0.2212618841832325 0.2212618841832325 0.2212618841832325 0.055315471045808126 0.055315471045808126 0.055315471045808126
128 2 0.534 0.534 0.534 0.958801498127341 0.958801498127341 0.958801498127341 0.23970037453183524 0.23970037453183524 0.23970037453183524
128 4 0.578 0.578 0.578 1.7716262975778552 1.7716262975778552 1.7716262975778552 0.4429065743944638 0.4429065743944638 0.4429065743944638
128 8 0.509 0.509 0.509 4.023575638506876 4.023575638506876 4.023575638506876 1.005893909626719 1.005893909626719 1.005893909626719
128 16 0.52 0.52 0.52 7.876923076923077 7.876923076923077 7.876923076923077 1.9692307692307693 1.9692307692307693 1.9692307692307693
128 32 0.555 0.555 0.555 14.760360360360359 14.760360360360359 14.760360360360359 3.6900900900900897 3.6900900900900897 3.6900900900900897
128 64 0.63 0.63 0.63 26.006349206349206 26.006349206349206 26.006349206349206 6.501587301587302 6.501587301587302 6.501587301587302
128 128 0.766 0.766 0.766 42.778067885117494 42.778067885117494 42.778067885117494 10.694516971279374 10.694516971279374 10.694516971279374
128 256 1.061 1.061 1.061 61.76814326107447 61.76814326107447 61.76814326107447 15.442035815268618 15.442035815268618 15.442035815268618
128 512 1.645 1.645 1.645 79.6790273556231 79.6790273556231 79.6790273556231 19.919756838905776 19.919756838905776 19.919756838905776
128 1024 2.824 2.824 2.824 92.8271954674221 92.8271954674221 92.8271954674221 23.206798866855525 23.206798866855525 23.206798866855525
128 2048 5.158 5.158 5.158 101.64559906940674 101.64559906940674 101.64559906940674 25.411399767351686 25.411399767351686 25.411399767351686
128 4096 9.802 9.802 9.802 106.97571924097123 106.97571924097123 106.97571924097123 26.743929810242808 26.743929810242808 26.743929810242808
128 8192 19.223 19.223 19.223 109.09597877542528 109.09597877542528 109.09597877542528 27.27399469385632 27.27399469385632 27.27399469385632
128 16384 37.478 37.478 37.478 111.91376274080794 111.91376274080794 111.91376274080794 27.978440685201985 27.978440685201985 27.978440685201985
128 32768 74.393 74.393 74.393 112.76071673410132 112.76071673410132 112.76071673410132 28.19017918352533 28.19017918352533 28.19017918352533
128 65536 148.225 148.225 148.225 113.18749198853097 113.18749198853097 113.18749198853097 28.29687299713274 28.29687299713274 28.29687299713274
128 131072 641.265 641.265 641.265 52.325375624741724 52.325375624741724 52.325375624741724 13.081343906185431 13.081343906185431 13.081343906185431
128 262144 946.674 946.674 946.674 70.88909592953858 70.88909592953858 70.88909592953858 17.722273982384646 17.722273982384646 17.722273982384646
128 524288 1216.026 1216.026 1216.026 110.37406108093084 110.37406108093084 110.37406108093084 27.59351527023271 27.59351527023271 27.59351527023271
128 1048576 2239.824 2239.824 2239.824 119.84667366721672 119.84667366721672 119.84667366721672 29.96166841680418 29.96166841680418 29.96166841680418
128 2097152 4642.076 4642.076 4642.076 115.65319309722634 115.65319309722634 115.65319309722634 28.913298274306584 28.913298274306584 28.913298274306584
128 4194304 10023.064 10023.064 10023.064 107.12710444630505 107.12710444630505 107.12710444630505 26.781776111576264 26.781776111576264 26.781776111576264
128 8388608 19670.473 19670.473 19670.473 109.17295420399907 109.17295420399907 109.17295420399907 27.293238550999767 27.293238550999767 27.293238550999767
128 16777216 40045.983 40045.983 40045.983 107.25088945875046 107.25088945875046 107.25088945875046 26.812722364687616 26.812722364687616 26.812722364687616

256 1 1.423 1.423 1.423 0.359803232607168 0.359803232607168 0.359803232607168 0.089950808151792 0.089950808151792 0.089950808151792
256 2 0.501 0.501 0.501 2.0439121756487024 2.0439121756487024 2.0439121756487024 0.5109780439121756 0.5109780439121756 0.5109780439121756
256 4 0.564 0.564 0.564 3.631205673758866 3.631205673758866 3.631205673758866 0.9078014184397165 0.9078014184397165 0.9078014184397165
256 8 0.538 0.538 0.538 7.613382899628252 7.613382899628252 7.613382899628252 1.903345724907063 1.903345724907063 1.903345724907063
256 16 0.521 0.521 0.521 15.723608445297506 15.723608445297506 15.723608445297506 3.9309021113243765 3.9309021113243765 3.9309021113243765
256 32 0.567 0.567 0.567 28.895943562610235 28.895943562610235 28.895943562610235 7.223985890652559 7.223985890652559 7.223985890652559
256 64 0.661 0.661 0.661 49.57337367624811 49.57337367624811 49.57337367624811 12.393343419062028 12.393343419062028 12.393343419062028
256 128 0.83 0.83 0.83 78.95903614457832 78.95903614457832 78.95903614457832 19.73975903614458 19.73975903614458 19.73975903614458
256 256 1.181 1.181 1.181 110.98391193903473 110.98391193903473 110.98391193903473 27.74597798475868 27.74597798475868 27.74597798475868
256 512 1.871 1.871 1.871 140.10903260288617 140.10903260288617 140.10903260288617 35.02725815072154 35.02725815072154 35.02725815072154
256 1024 3.284 3.284 3.284 159.64920828258224 159.64920828258224 159.64920828258224 39.91230207064556 39.91230207064556 39.91230207064556
256 2048 6.092 6.092 6.092 172.12344057780697 172.12344057780697 172.12344057780697 43.030860144451744 43.030860144451744 43.030860144451744
256 4096 11.509 11.509 11.509 182.21843774437397 182.21843774437397 182.21843774437397 45.55460943609349 45.55460943609349 45.55460943609349
256 8192 20.543 20.543 20.543 204.17193204497883 204.17193204497883 204.17193204497883 51.04298301124471 51.04298301124471 51.04298301124471
256 16384 46.256 46.256 46.256 181.35178139052232 181.35178139052232 181.35178139052232 45.33794534763058 45.33794534763058 45.33794534763058
256 32768 82.54 82.54 82.54 203.26164283983522 203.26164283983522 203.26164283983522 50.815410709958805 50.815410709958805 50.815410709958805
256 65536 164.547 164.547 164.547 203.92004715977808 203.92004715977808 203.92004715977808 50.98001178994452 50.98001178994452 50.98001178994452
256 131072 330.728 330.728 330.728 202.91255654193174 202.91255654193174 202.91255654193174 50.728139135482934 50.728139135482934 50.728139135482934
256 262144 649.269 649.269 649.269 206.72129425553973 206.72129425553973 206.72129425553973 51.68032356388493 51.68032356388493 51.68032356388493
256 524288 1411.414 1411.414 1411.414 190.18902745757094 190.18902745757094 190.18902745757094 47.547256864392736 47.547256864392736 47.547256864392736
256 1048576 3583.103 3583.103 3583.103 149.83407175289128 149.83407175289128 149.83407175289128 37.45851793822282 37.45851793822282 37.45851793822282
256 2097152 6736.183 6736.183 6736.183 159.39914696498005 159.39914696498005 159.39914696498005 39.84978674124501 39.84978674124501 39.84978674124501
256 4194304 12191.987 12191.987 12191.987 176.13893846835632 176.13893846835632 176.13893846835632 44.03473461708908 44.03473461708908 44.03473461708908
256 8388608 24880.279 24880.279 24880.279 172.62536710299753 172.62536710299753 172.62536710299753 43.15634177574938 43.15634177574938 43.15634177574938

512 1 1.392 1.392 1.392 0.7356321839080461 0.7356321839080461 0.7356321839080461 0.18390804597701152 0.18390804597701152 0.18390804597701152
512 2 0.515 0.515 0.515 3.9766990291262134 3.9766990291262134 3.9766990291262134 0.9941747572815534 0.9941747572815534 0.9941747572815534
512 4 0.592 0.592 0.592 6.918918918918919 6.918918918918919 6.918918918918919 1.7297297297297298 1.7297297297297298 1.7297297297297298
512 8 0.567 0.567 0.567 14.447971781305117 14.447971781305117 14.447971781305117 3.6119929453262793 3.6119929453262793 3.6119929453262793
512 16 0.574 0.574 0.574 28.543554006968648 28.543554006968648 28.543554006968648 7.135888501742162 7.135888501742162 7.135888501742162
512 32 0.66 0.66 0.66 49.64848484848485 49.64848484848485 49.64848484848485 12.412121212121212 12.412121212121212 12.412121212121212
512 64 0.842 0.842 0.842 77.83372921615202 77.83372921615202 77.83372921615202 19.458432304038006 19.458432304038006 19.458432304038006
512 128 1.175 1.175 1.175 111.55063829787235 111.55063829787235 111.55063829787235 27.88765957446809 27.88765957446809 27.88765957446809
512 256 2.126 2.126 2.126 123.30385700846661 123.30385700846661 123.30385700846661 30.825964252116652 30.825964252116652 30.825964252116652
512 512 3.289 3.289 3.289 159.40650653694132 159.40650653694132 159.40650653694132 39.85162663423533 39.85162663423533 39.85162663423533
512 1024 6.074 6.074 6.074 172.63351992097466 172.63351992097466 172.63351992097466 43.158379980243666 43.158379980243666 43.158379980243666
512 2048 13.304 13.304 13.304 157.63319302465425 157.63319302465425 157.63319302465425 39.40829825616356 39.40829825616356 39.40829825616356
512 4096 28.758 28.758 28.758 145.84825092148273 145.84825092148273 145.84825092148273 36.46206273037068 36.46206273037068 36.46206273037068
512 8192 53.529 53.529 53.529 156.7114648134656 156.7114648134656 156.7114648134656 39.1778662033664 39.1778662033664 39.1778662033664
512 16384 77.106 77.106 77.106 217.58638757035774 217.58638757035774 217.58638757035774 54.396596892589436 54.396596892589436 54.396596892589436
512 32768 155.803 155.803 155.803 215.3644795029621 215.3644795029621 215.3644795029621 53.841119875740524 53.841119875740524 53.841119875740524
512 65536 349.226 349.226 349.226 192.16456964830797 192.16456964830797 192.16456964830797 48.041142412076994 48.041142412076994 48.041142412076994
512 131072 555.787 555.787 555.787 241.49130512228604 241.49130512228604 241.49130512228604 60.37282628057151 60.37282628057151 60.37282628057151
512 262144 1211.443 1211.443 1211.443 221.58323255819715 221.58323255819715 221.58323255819715 55.39580813954929 55.39580813954929 55.39580813954929
512 524288 2843.601 2843.601 2843.601 188.79966352522734 188.79966352522734 188.79966352522734 47.199915881306836 47.199915881306836 47.199915881306836
512 1048576 5817.695 5817.695 5817.695 184.56481888445512 184.56481888445512 184.56481888445512 46.14120472111378 46.14120472111378 46.14120472111378
512 2097152 11201.851 11201.851 11201.851 191.70792827006895 191.70792827006895 191.70792827006895 47.92698206751724 47.92698206751724 47.92698206751724
512 4194304 22062.219 22062.219 22062.219 194.67521811835883 194.67521811835883 194.67521811835883 48.66880452958971 48.66880452958971 48.66880452958971

1024 1 1.2 1.2 1.2 1.7066666666666668 1.7066666666666668 1.7066666666666668 0.4266666666666667 0.4266666666666667 0.4266666666666667
1024 2 0.593 0.593 0.593 6.907251264755481 6.907251264755481 6.907251264755481 1.7268128161888703 1.7268128161888703 1.7268128161888703
1024 4 0.62 0.62 0.62 13.212903225806453 13.212903225806453 13.212903225806453 3.3032258064516133 3.3032258064516133 3.3032258064516133
1024 8 0.594 0.594 0.594 27.58249158249159 27.58249158249159 27.58249158249159 6.895622895622897 6.895622895622897 6.895622895622897
1024 16 0.645 0.645 0.645 50.803100775193805 50.803100775193805 50.803100775193805 12.700775193798451 12.700775193798451 12.700775193798451
1024 32 0.77 0.77 0.77 85.11168831168831 85.11168831168831 85.11168831168831 21.277922077922078 21.277922077922078 21.277922077922078
1024 64 1.023 1.023 1.023 128.12512218963832 128.12512218963832 128.12512218963832 32.03128054740958 32.03128054740958 32.03128054740958
1024 128 1.512 1.512 1.512 173.37566137566137 173.37566137566137 173.37566137566137 43.34391534391534 43.34391534391534 43.34391534391534
1024 256 2.501 2.501 2.501 209.63134746101562 209.63134746101562 209.63134746101562 52.407836865253906 52.407836865253906 52.407836865253906
1024 512 4.527 4.527 4.527 231.62712613209632 231.62712613209632 231.62712613209632 57.90678153302408 57.90678153302408 57.90678153302408
1024 1024 8.508 8.508 8.508 246.49177244945938 246.49177244945938 246.49177244945938 61.622943112364844 61.622943112364844 61.622943112364844
1024 2048 16.349 16.349 16.349 256.5480457520338 256.5480457520338 256.5480457520338 64.13701143800844 64.13701143800844 64.13701143800844
1024 4096 31.372 31.372 31.372 267.3915593522887 267.3915593522887 267.3915593522887 66.84788983807218 66.84788983807218 66.84788983807218
1024 8192 53.996 53.996 53.996 310.7122009037707 310.7122009037707 310.7122009037707 77.67805022594267 77.67805022594267 77.67805022594267
1024 16384 107.094 107.094 107.094 313.3175714792613 313.3175714792613 313.3175714792613 78.32939286981532 78.32939286981532 78.32939286981532
1024 32768 227.07 227.07 227.07 295.54262562205486 295.54262562205486 295.54262562205486 73.88565640551371 73.88565640551371 73.88565640551371
1024 65536 403.916 403.916 403.916 332.29118925717233 332.29118925717233 332.29118925717233 83.07279731429308 83.07279731429308 83.07279731429308
1024 131072 835.527 835.527 835.527 321.27681810402294 321.27681810402294 321.27681810402294 80.31920452600573 80.31920452600573 80.31920452600573
1024 262144 1968.644 1968.644 1968.644 272.7110193615504 272.7110193615504 272.7110193615504 68.1777548403876 68.1777548403876 68.1777548403876
1024 524288 4335.492 4335.492 4335.492 247.66320039340405 247.66320039340405 247.66320039340405 61.91580009835101 61.91580009835101 61.91580009835101
1024 1048576 8375.374 8375.374 8375.374 256.40450778675677 256.40450778675677 256.40450778675677 64.10112694668919 64.10112694668919 64.10112694668919
1024 2097152 15945.336 15945.336 15945.336 269.3557097824718 269.3557097824718 269.3557097824718 67.33892744561795 67.33892744561795 67.33892744561795

2048 1 1.544 1.544 1.544 2.6528497409326426 2.6528497409326426 2.6528497409326426 0.6632124352331606 0.6632124352331606 0.6632124352331606
2048 2 0.586 0.586 0.586 13.979522184300343 13.979522184300343 13.979522184300343 3.494880546075086 3.494880546075086 3.494880546075086
2048 4 0.629 0.629 0.629 26.047694753577108 26.047694753577108 26.047694753577108 6.511923688394277 6.511923688394277 6.511923688394277
2048 8 0.687 0.687 0.687 47.69723435225619 47.69723435225619 47.69723435225619 11.924308588064047 11.924308588064047 11.924308588064047
2048 16 0.83 0.83 0.83 78.95903614457832 78.95903614457832 78.95903614457832 19.73975903614458 19.73975903614458 19.73975903614458
2048 32 1.118 1.118 1.118 117.23792486583183 117.23792486583183 117.23792486583183 29.309481216457957 29.309481216457957 29.309481216457957
2048 64 1.634 1.634 1.634 160.4308445532436 160.4308445532436 160.4308445532436 40.1077111383109 40.1077111383109 40.1077111383109
2048 128 2.876 2.876 2.876 182.29763560500697 182.29763560500697 182.29763560500697 45.57440890125174 45.57440890125174 45.57440890125174
2048 256 5.198 5.198 5.198 201.72681800692575 201.72681800692575 201.72681800692575 50.43170450173144 50.43170450173144 50.43170450173144
2048 512 9.958 9.958 9.958 210.59971881903996 210.59971881903996 210.59971881903996 52.64992970475999 52.64992970475999 52.64992970475999
2048 1024 18.697 18.697 18.697 224.33032037225223 224.33032037225223 224.33032037225223 56.08258009306306 56.08258009306306 56.08258009306306
2048 2048 35.626 35.626 35.626 235.46308875540336 235.46308875540336 235.46308875540336 58.86577218885084 58.86577218885084 58.86577218885084
2048 4096 66.069 66.069 66.069 253.93476516974675 253.93476516974675 253.93476516974675 63.48369129243669 63.48369129243669 63.48369129243669
2048 8192 131.487 131.487 131.487 255.19201137755067 255.19201137755067 255.19201137755067 63.79800284438767 63.79800284438767 63.79800284438767
2048 16384 262.494 262.494 262.494 255.65865886458354 255.65865886458354 255.65865886458354 63.914664716145886 63.914664716145886 63.914664716145886
2048 32768 515.058 515.058 515.058 260.5875998431245 260.5875998431245 260.5875998431245 65.14689996078113 65.14689996078113 65.14689996078113
2048 65536 1151.642 1151.642 1151.642 233.0893246338706 233.0893246338706 233.0893246338706 58.27233115846765 58.27233115846765 58.27233115846765
2048 131072 2688.32 2688.32 2688.32 199.70498750148792 199.70498750148792 199.70498750148792 49.92624687537198 49.92624687537198 49.92624687537198
2048 262144 5473.489 5473.489 5473.489 196.1713678423397 196.1713678423397 196.1713678423397 49.04284196058492 49.04284196058492 49.04284196058492
2048 524288 10812.866 10812.866 10812.866 198.60448173499975 198.60448173499975 198.60448173499975 49.65112043374994 49.65112043374994 49.65112043374994
2048 1048576 21521.837 21521.837 21521.837 199.56322947711203 199.56322947711203 199.56322947711203 49.89080736927801 49.89080736927801 49.89080736927801

4096 1 1.836 1.836 1.836 4.461873638344227 4.461873638344227 4.461873638344227 1.1154684095860568 1.1154684095860568 1.1154684095860568
4096 2 0.729 0.729 0.729 22.47462277091907 22.47462277091907 22.47462277091907 5.618655692729767 5.618655692729767 5.618655692729767
4096 4 0.714 0.714 0.714 45.893557422969195 45.893557422969195 45.893557422969195 11.473389355742299 11.473389355742299 11.473389355742299
4096 8 0.85 0.85 0.85 77.10117647058824 77.10117647058824 77.10117647058824 19.27529411764706 19.27529411764706 19.27529411764706
4096 16 1.166 1.166 1.166 112.41166380789024 112.41166380789024 112.41166380789024 28.10291595197256 28.10291595197256 28.10291595197256
4096 32 1.779 1.779 1.779 147.35469364811695 147.35469364811695 147.35469364811695 36.83867341202924 36.83867341202924 36.83867341202924
4096 64 3.494 3.494 3.494 150.05380652547223 150.05380652547223 150.05380652547223 37.513451631368056 37.513451631368056 37.513451631368056
4096 128 5.542 5.542 5.542 189.20534103211838 189.20534103211838 189.20534103211838 47.301335258029596 47.301335258029596 47.301335258029596
4096 256 10.482 10.482 10.482 200.071742033963 200.071742033963 200.071742033963 50.01793550849075 50.01793550849075 50.01793550849075
4096 512 18.825 18.825 18.825 222.80499335989376 222.80499335989376 222.80499335989376 55.70124833997344 55.70124833997344 55.70124833997344
4096 1024 36.667 36.667 36.667 228.7781383805602 228.7781383805602 228.7781383805602 57.19453459514005 57.19453459514005 57.19453459514005
4096 2048 69.209 69.209 69.209 242.4137901140025 242.4137901140025 242.4137901140025 60.603447528500624 60.603447528500624 60.603447528500624
4096 4096 159.865 159.865 159.865 209.8922966252776 209.8922966252776 209.8922966252776 52.4730741563194 52.4730741563194 52.4730741563194
4096 8192 272.499 272.499 272.499 246.2719643007864 246.2719643007864 246.2719643007864 61.5679910751966 61.5679910751966 61.5679910751966
4096 16384 489.116 489.116 489.116 274.4087864637428 274.4087864637428 274.4087864637428 68.6021966159357 68.6021966159357 68.6021966159357
4096 32768 990.002 990.002 990.002 271.1463774820657 271.1463774820657 271.1463774820657 67.78659437051643 67.78659437051643 67.78659437051643
4096 65536 2142.229 2142.229 2142.229 250.61322202248223 250.61322202248223 250.61322202248223 62.65330550562056 62.65330550562056 62.65330550562056
4096 131072 4626.506 4626.506 4626.506 232.08482254210844 232.08482254210844 232.08482254210844 58.02120563552711 58.02120563552711 58.02120563552711
4096 262144 9447.66 9447.66 9447.66 227.3032314880087 227.3032314880087 227.3032314880087 56.82580787200217 56.82580787200217 56.82580787200217
4096 524288 18685.574 18685.574 18685.574 229.85471551476022 229.85471551476022 229.85471551476022 57.463678878690054 57.463678878690054 57.463678878690054

8192 1 2.217 2.217 2.217 7.390166892196662 7.390166892196662 7.390166892196662 1.8475417230491655 1.8475417230491655 1.8475417230491655
8192 2 0.866 0.866 0.866 37.83833718244804 37.83833718244804 37.83833718244804 9.45958429561201 9.45958429561201 9.45958429561201
8192 4 0.919 0.919 0.919 71.31229597388466 71.31229597388466 71.31229597388466 17.828073993471165 17.828073993471165 17.828073993471165
8192 8 1.554 1.554 1.554 84.34491634491634 84.34491634491634 84.34491634491634 21.086229086229086 21.086229086229086 21.086229086229086
8192 16 1.839 1.839 1.839 142.54703643284395 142.54703643284395 142.54703643284395 35.63675910821099 35.63675910821099 35.63675910821099
8192 32 2.94 2.94 2.94 178.3292517006803 178.3292517006803 178.3292517006803 44.58231292517007 44.58231292517007 44.58231292517007
8192 64 5.257 5.257 5.257 199.46281148944266 199.46281148944266 199.46281148944266 49.865702872360664 49.865702872360664 49.865702872360664
8192 128 9.735 9.735 9.735 215.4239342578326 215.4239342578326 215.4239342578326 53.85598356445815 53.85598356445815 53.85598356445815
8192 256 18.392 18.392 18.392 228.0504567203132 228.0504567203132 228.0504567203132 57.0126141800783 57.0126141800783 57.0126141800783
8192 512 35.704 35.704 35.704 234.94868922249609 234.94868922249609 234.94868922249609 58.73717230562402 58.73717230562402 58.73717230562402
8192 1024 67.594 67.594 67.594 248.20569873065662 248.20569873065662 248.20569873065662 62.051424682664155 62.051424682664155 62.051424682664155
8192 2048 134.609 134.609 134.609 249.2733175344888 249.2733175344888 249.2733175344888 62.3183293836222 62.3183293836222 62.3183293836222
8192 4096 275.422 275.422 275.422 243.65832794765848 243.65832794765848 243.65832794765848 60.91458198691462 60.91458198691462 60.91458198691462
8192 8192 484.787 484.787 484.787 276.85917320390195 276.85917320390195 276.85917320390195 69.21479330097549 69.21479330097549 69.21479330097549
8192 16384 953.796 953.796 953.796 281.439066634794 281.439066634794 281.439066634794 70.3597666586985 70.3597666586985 70.3597666586985
8192 32768 2087.491 2087.491 2087.491 257.1847792397668 257.1847792397668 257.1847792397668 64.2961948099417 64.2961948099417 64.2961948099417
8192 65536 4485.666 4485.666 4485.666 239.37177311016916 239.37177311016916 239.37177311016916 59.84294327754229 59.84294327754229 59.84294327754229
8192 131072 9153.029 9153.029 9153.029 234.61999825412988 234.61999825412988 234.61999825412988 58.65499956353247 58.65499956353247 58.65499956353247
8192 262144 18817.597 18817.597 18817.597 228.2420702282018 228.2420702282018 228.2420702282018 57.06051755705045 57.06051755705045 57.06051755705045

16384 1 2.891 2.891 2.891 11.334486336907645 11.334486336907645 11.334486336907645 2.8336215842269112 2.8336215842269112 2.8336215842269112
16384 2 1.023 1.023 1.023 64.06256109481916 64.06256109481916 64.06256109481916 16.01564027370479 16.01564027370479 16.01564027370479
16384 4 1.347 1.347 1.347 97.30660727542688 97.30660727542688 97.30660727542688 24.32665181885672 24.32665181885672 24.32665181885672
16384 8 1.922 1.922 1.922 136.39125910509887 136.39125910509887 136.39125910509887 34.09781477627472 34.09781477627472 34.09781477627472
16384 16 3.175 3.175 3.175 165.1300787401575 165.1300787401575 165.1300787401575 41.282519685039375 41.282519685039375 41.282519685039375
16384 32 5.521 5.521 5.521 189.92501358449556 189.92501358449556 189.92501358449556 47.48125339612389 47.48125339612389 47.48125339612389
16384 64 10.393 10.393 10.393 201.78504762821132 201.78504762821132 201.78504762821132 50.44626190705283 50.44626190705283 50.44626190705283
16384 128 19.431 19.431 19.431 215.85631207863725 215.85631207863725 215.85631207863725 53.96407801965931 53.96407801965931 53.96407801965931
16384 256 36.988 36.988 36.988 226.79268952092573 226.79268952092573 226.79268952092573 56.69817238023143 56.69817238023143 56.69817238023143
16384 512 69.781 69.781 69.781 240.42670641005432 240.42670641005432 240.42670641005432 60.10667660251358 60.10667660251358 60.10667660251358
16384 1024 163.351 163.351 163.351 205.41307980973488 205.41307980973488 205.41307980973488 51.35326995243372 51.35326995243372 51.35326995243372
16384 2048 274.398 274.398 274.398 244.56761346657044 244.56761346657044 244.56761346657044 61.14190336664261 61.14190336664261 61.14190336664261
16384 4096 505.806 505.806 505.806 265.3541634539725 265.3541634539725 265.3541634539725 66.33854086349312 66.33854086349312 66.33854086349312
16384 8192 998.22 998.22 998.22 268.9141231391878 268.9141231391878 268.9141231391878 67.22853078479694 67.22853078479694 67.22853078479694
16384 16384 2166.241 2166.241 2166.241 247.8352648666515 247.8352648666515 247.8352648666515 61.958816216662875 61.958816216662875 61.958816216662875
16384 32768 5819.071 5819.071 5819.071 184.521175974653 184.521175974653 184.521175974653 46.13029399366325 46.13029399366325 46.13029399366325
16384 65536 10659.6 10659.6 10659.6 201.46005928927917 201.46005928927917 201.46005928927917 50.36501482231979 50.36501482231979 50.36501482231979
16384 131072 20172.089 20172.089 20172.089 212.91633682560095 212.91633682560095 212.91633682560095 53.22908420640024 53.22908420640024 53.22908420640024

32768 1 4.631 4.631 4.631 14.151587130209458 14.151587130209458 14.151587130209458 3.5378967825523646 3.5378967825523646 3.5378967825523646
32768 2 1.596 1.596 1.596 82.12531328320802 82.12531328320802 82.12531328320802 20.531328320802004 20.531328320802004 20.531328320802004
32768 4 2.177 2.177 2.177 120.4152503445108 120.4152503445108 120.4152503445108 30.1038125861277 30.1038125861277 30.1038125861277
32768 8 3.344 3.344 3.344 156.78468899521533 156.78468899521533 156.78468899521533 39.19617224880383 39.19617224880383 39.19617224880383
32768 16 5.7 5.7 5.7 183.96070175438595 183.96070175438595 183.96070175438595 45.99017543859649 45.99017543859649 45.99017543859649
32768 32 10.429 10.429 10.429 201.08850321219677 201.08850321219677 201.08850321219677 50.27212580304919 50.27212580304919 50.27212580304919
32768 64 19.56 19.56 19.56 214.43271983640085 214.43271983640085 214.43271983640085 53.60817995910021 53.60817995910021 53.60817995910021
32768 128 36.329 36.329 36.329 230.9066585923092 230.9066585923092 230.9066585923092 57.7266646480773 57.7266646480773 57.7266646480773
32768 256 71.086 71.086 71.086 236.01294207016852 236.01294207016852 236.01294207016852 59.00323551754213 59.00323551754213 59.00323551754213
32768 512 141.185 141.185 141.185 237.66286786839964 237.66286786839964 237.66286786839964 59.41571696709991 59.41571696709991 59.41571696709991
32768 1024 296.971 296.971 296.971 225.97783621969825 225.97783621969825 225.97783621969825 56.49445905492456 56.49445905492456 56.49445905492456
32768 2048 526.295 526.295 526.295 255.02375663838725 255.02375663838725 255.02375663838725 63.755939159596814 63.755939159596814 63.755939159596814
32768 4096 1139.624 1139.624 1139.624 235.54738755940556 235.54738755940556 235.54738755940556 58.88684688985139 58.88684688985139 58.88684688985139
32768 8192 2894.714 2894.714 2894.714 185.46596036776 185.46596036776 185.46596036776 46.36649009194 46.36649009194 46.36649009194
32768 16384 6560.677 6560.677 6560.677 163.66326584893602 163.66326584893602 163.66326584893602 40.915816462234005 40.915816462234005 40.915816462234005
32768 32768 12386.617 12386.617 12386.617 173.37128031003138 173.37128031003138 173.37128031003138 43.342820077507845 43.342820077507845 43.342820077507845
32768 65536 21915.064 21915.064 21915.064 195.98242085900367 195.98242085900367 195.98242085900367 48.99560521475092 48.99560521475092 48.99560521475092

65536 1 8.788 8.788 8.788 14.914883932635414 14.914883932635414 14.914883932635414 3.7287209831588535 3.7287209831588535 3.7287209831588535
65536 2 3.666 3.666 3.666 71.50681942171305 71.50681942171305 71.50681942171305 17.87670485542826 17.87670485542826 17.87670485542826
65536 4 5.391 5.391 5.391 97.2524578000371 97.2524578000371 97.2524578000371 24.313114450009277 24.313114450009277 24.313114450009277
65536 8 8.757 8.757 8.757 119.74146397167982 119.74146397167982 119.74146397167982 29.935365992919955 29.935365992919955 29.935365992919955
65536 16 15.316 15.316 15.316 136.9255680334291 136.9255680334291 136.9255680334291 34.231392008357275 34.231392008357275 34.231392008357275
65536 32 27.842 27.842 27.842 150.64664894763308 150.64664894763308 150.64664894763308 37.66166223690827 37.66166223690827 37.66166223690827
65536 64 61.831 61.831 61.831 135.66993902734876 135.66993902734876 135.66993902734876 33.91748475683719 33.91748475683719 33.91748475683719
65536 128 106.765 106.765 106.765 157.1415351472861 157.1415351472861 157.1415351472861 39.28538378682153 39.28538378682153 39.28538378682153
65536 256 211.989 211.989 211.989 158.28383548202973 158.28383548202973 158.28383548202973 39.57095887050743 39.57095887050743 39.57095887050743
65536 512 368.079 368.079 368.079 182.3219037217554 182.3219037217554 182.3219037217554 45.58047593043885 45.58047593043885 45.58047593043885
65536 1024 733.14 733.14 733.14 183.0724390975803 183.0724390975803 183.0724390975803 45.76810977439507 45.76810977439507 45.76810977439507
65536 2048 1380.06 1380.06 1380.06 194.50998942074983 194.50998942074983 194.50998942074983 48.62749735518746 48.62749735518746 48.62749735518746
65536 4096 2819.927 2819.927 2819.927 190.38468442622803 190.38468442622803 190.38468442622803 47.59617110655701 47.59617110655701 47.59617110655701
65536 8192 6107.96 6107.96 6107.96 175.79385326688453 175.79385326688453 175.79385326688453 43.94846331672113 43.94846331672113 43.94846331672113
65536 16384 13870.689 13870.689 13870.689 154.8216997728087 154.8216997728087 154.8216997728087 38.705424943202175 38.705424943202175 38.705424943202175
65536 32768 27228.023 27228.023 27228.023 157.74069589995574 157.74069589995574 157.74069589995574 39.435173974988935 39.435173974988935 39.435173974988935

131072 1 12.02 12.02 12.02 21.808985024958403 21.808985024958403 21.808985024958403 5.452246256239601 5.452246256239601 5.452246256239601
131072 2 6.088 6.088 6.088 86.11826544021025 86.11826544021025 86.11826544021025 21.529566360052563 21.529566360052563 21.529566360052563
131072 4 9.115 9.115 9.115 115.03850795392212 115.03850795392212 115.03850795392212 28.75962698848053 28.75962698848053 28.75962698848053
131072 8 14.885 14.885 14.885 140.8902922405106 140.8902922405106 140.8902922405106 35.22257306012765 35.22257306012765 35.22257306012765
131072 16 26.364 26.364 26.364 159.09209528144441 159.09209528144441 159.09209528144441 39.773023820361104 39.773023820361104 39.773023820361104
131072 32 49.354 49.354 49.354 169.96814847834017 169.96814847834017 169.96814847834017 42.49203711958504 42.49203711958504 42.49203711958504
131072 64 93.589 93.589 93.589 179.2648281315112 179.2648281315112 179.2648281315112 44.8162070328778 44.8162070328778 44.8162070328778
131072 128 183.415 183.415 183.415 182.94268189624623 182.94268189624623 182.94268189624623 45.73567047406156 45.73567047406156 45.73567047406156
131072 256 362.918 362.918 362.918 184.91467494034467 184.91467494034467 184.91467494034467 46.22866873508617 46.22866873508617 46.22866873508617
131072 512 641.295 641.295 641.295 209.29171130291056 209.29171130291056 209.29171130291056 52.32292782572764 52.32292782572764 52.32292782572764
131072 1024 1264.341 1264.341 1264.341 212.31254542880444 212.31254542880444 212.31254542880444 53.07813635720111 53.07813635720111 53.07813635720111
131072 2048 2581.435 2581.435 2581.435 207.97382541106015 207.97382541106015 207.97382541106015 51.99345635276504 51.99345635276504 51.99345635276504
131072 4096 5617.155 5617.155 5617.155 191.1540315337569 191.1540315337569 191.1540315337569 47.78850788343922 47.78850788343922 47.78850788343922
131072 8192 11836.501 11836.501 11836.501 181.42892464588985 181.42892464588985 181.42892464588985 45.35723116147246 45.35723116147246 45.35723116147246
131072 16384 25662.635 25662.635 25662.635 167.3626771374023 167.3626771374023 167.3626771374023 41.840669284350575 41.840669284350575 41.840669284350575

262144 1 23.556 23.556 23.556 22.257089488877572 22.257089488877572 22.257089488877572 5.564272372219393 5.564272372219393 5.564272372219393
262144 2 11.239 11.239 11.239 93.29798024735297 93.29798024735297 93.29798024735297 23.324495061838242 23.324495061838242 23.324495061838242
262144 4 17.398 17.398 17.398 120.53983216461664 120.53983216461664 120.53983216461664 30.13495804115416 30.13495804115416 30.13495804115416
262144 8 29.022 29.022 29.022 144.52153538694785 144.52153538694785 144.52153538694785 36.13038384673696 36.13038384673696 36.13038384673696
262144 16 51.357 51.357 51.357 163.33913585295093 163.33913585295093 163.33913585295093 40.83478396323773 40.83478396323773 40.83478396323773
262144 32 95.87 95.87 95.87 174.99964535308231 174.99964535308231 174.99964535308231 43.74991133827058 43.74991133827058 43.74991133827058
262144 64 185.904 185.904 185.904 180.4933298906963 180.4933298906963 180.4933298906963 45.12333247267407 45.12333247267407 45.12333247267407
262144 128 362.87 362.87 362.87 184.93913522749196 184.93913522749196 184.93913522749196 46.23478380687299 46.23478380687299 46.23478380687299
262144 256 639.918 639.918 639.918 209.74207320312917 209.74207320312917 209.74207320312917 52.43551830078229 52.43551830078229 52.43551830078229
262144 512 1271.103 1271.103 1271.103 211.18308744452654 211.18308744452654 211.18308744452654 52.795771861131634 52.795771861131634 52.795771861131634
262144 1024 2832.672 2832.672 2832.672 189.52808937992117 189.52808937992117 189.52808937992117 47.38202234498029 47.38202234498029 47.38202234498029
262144 2048 5821.788 5821.788 5821.788 184.43506084385075 184.43506084385075 184.43506084385075 46.10876521096269 46.10876521096269 46.10876521096269
262144 4096 11799.2 11799.2 11799.2 182.00247881212286 182.00247881212286 182.00247881212286 45.500619703030715 45.500619703030715 45.500619703030715
262144 8192 23183.194 23183.194 23183.194 185.2621039188992 185.2621039188992 185.2621039188992 46.3155259797248 46.3155259797248 46.3155259797248

524288 1 45.347 45.347 45.347 23.12338192162657 23.12338192162657 23.12338192162657 5.780845480406643 5.780845480406643 5.780845480406643
524288 2 20.22 20.22 20.22 103.71671612265085 103.71671612265085 103.71671612265085 25.929179030662713 25.929179030662713 25.929179030662713
524288 4 30.749 30.749 30.749 136.40456600214642 136.40456600214642 136.40456600214642 34.101141500536606 34.101141500536606 34.101141500536606
524288 8 50.561 50.561 50.561 165.91064259013865 165.91064259013865 165.91064259013865 41.47766064753466 41.47766064753466 41.47766064753466
524288 16 91.334 91.334 91.334 183.69080517660456 183.69080517660456 183.69080517660456 45.92270129415114 45.92270129415114 45.92270129415114
524288 32 208.137 208.137 208.137 161.21320092054754 161.21320092054754 161.21320092054754 40.303300230136884 40.303300230136884 40.303300230136884
524288 64 677.642 677.642 677.642 99.03291708601297 99.03291708601297 99.03291708601297 24.758229271503243 24.758229271503243 24.758229271503243
524288 128 1572.617 1572.617 1572.617 85.34673604571235 85.34673604571235 85.34673604571235 21.336684011428087 21.336684011428087 21.336684011428087
524288 256 1237.054 1237.054 1237.054 216.9957463457537 216.9957463457537 216.9957463457537 54.248936586438425 54.248936586438425 54.248936586438425
524288 512 2533.04 2533.04 2533.04 211.94726968385817 211.94726968385817 211.94726968385817 52.98681742096454 52.98681742096454 52.98681742096454
524288 1024 5476.103 5476.103 5476.103 196.0777260763722 196.0777260763722 196.0777260763722 49.01943151909305 49.01943151909305 49.01943151909305
524288 2048 11776.875 11776.875 11776.875 182.34749439048986 182.34749439048986 182.34749439048986 45.586873597622464 45.586873597622464 45.586873597622464
524288 4096 22476.195 22476.195 22476.195 191.08960818323564 191.08960818323564 191.08960818323564 47.77240204580891 47.77240204580891 47.77240204580891

1048576 1 89.16 89.16 89.16 23.52122027815164 23.52122027815164 23.52122027815164 5.88030506953791 5.88030506953791 5.88030506953791
1048576 2 43.47 43.47 43.47 96.48732459167242 96.48732459167242 96.48732459167242 24.121831147918105 24.121831147918105 24.121831147918105
1048576 4 63.639 63.639 63.639 131.81552192837725 131.81552192837725 131.81552192837725 32.95388048209431 32.95388048209431 32.95388048209431
1048576 8 105.713 105.713 105.713 158.70532479449076 158.70532479449076 158.70532479449076 39.67633119862269 39.67633119862269 39.67633119862269
1048576 16 191.915 191.915 191.915 174.84006982257773 174.84006982257773 174.84006982257773 43.71001745564443 43.71001745564443 43.71001745564443
1048576 32 337.524 337.524 337.524 198.82693971391663 198.82693971391663 198.82693971391663 49.70673492847916 49.70673492847916 49.70673492847916
1048576 64 624.222 624.222 624.222 215.01601673763503 215.01601673763503 215.01601673763503 53.75400418440876 53.75400418440876 53.75400418440876
1048576 128 1303.328 1303.328 1303.328 205.96155073780352 205.96155073780352 205.96155073780352 51.49038768445088 51.49038768445088 51.49038768445088
1048576 256 2894.619 2894.619 2894.619 185.47204727116073 185.47204727116073 185.47204727116073 46.36801181779018 46.36801181779018 46.36801181779018
1048576 512 6922.335 6922.335 6922.335 155.11266415161938 155.11266415161938 155.11266415161938 38.778166037904846 38.778166037904846 38.778166037904846
1048576 1024 12768.371 12768.371 12768.371 168.18775456947486 168.18775456947486 168.18775456947486 42.046938642368715 42.046938642368715 42.046938642368715
1048576 2048 26274.425 26274.425 26274.425 163.46570080981792 163.46570080981792 163.46570080981792 40.86642520245448 40.86642520245448 40.86642520245448

2097152 1 173.983 173.983 173.983 24.107550737715755 24.107550737715755 24.107550737715755 6.026887684428939 6.026887684428939 6.026887684428939
2097152 2 102.356 102.356 102.356 81.95521513150183 81.95521513150183 81.95521513150183 20.488803782875458 20.488803782875458 20.488803782875458
2097152 4 141.448 141.448 141.448 118.6104858322493 118.6104858322493 118.6104858322493 29.652621458062324 29.652621458062324 29.652621458062324
2097152 8 241.983 241.983 241.983 138.66441857485856 138.66441857485856 138.66441857485856 34.66610464371464 34.66610464371464 34.66610464371464
2097152 16 392.18 392.18 392.18 171.11750726707126 171.11750726707126 171.11750726707126 42.779376816767815 42.779376816767815 42.779376816767815
2097152 32 716.25 716.25 716.25 187.38949808027925 187.38949808027925 187.38949808027925 46.84737452006981 46.84737452006981 46.84737452006981
2097152 64 1825.248 1825.248 1825.248 147.06793597363207 147.06793597363207 147.06793597363207 36.76698399340802 36.76698399340802 36.76698399340802
2097152 128 2945.881 2945.881 2945.881 182.24460254843967 182.24460254843967 182.24460254843967 45.56115063710992 45.56115063710992 45.56115063710992
2097152 256 5932.058 5932.058 5932.058 181.00662940247722 181.00662940247722 181.00662940247722 45.251657350619304 45.251657350619304 45.251657350619304
2097152 512 12301.692 12301.692 12301.692 174.56815273866394 174.56815273866394 174.56815273866394 43.642038184665985 43.642038184665985 43.642038184665985
2097152 1024 26854.767 26854.767 26854.767 159.93314319204484 159.93314319204484 159.93314319204484 39.98328579801121 39.98328579801121 39.98328579801121

4194304 1 348.158 348.158 348.158 24.09425605615841 24.09425605615841 24.09425605615841 6.023564014039603 6.023564014039603 6.023564014039603
4194304 2 309.333 309.333 309.333 54.23674809994407 54.23674809994407 54.23674809994407 13.559187024986018 13.559187024986018 13.559187024986018
4194304 4 347.148 347.148 347.148 96.65742565130722 96.65742565130722 96.65742565130722 24.164356412826805 24.164356412826805 24.164356412826805
4194304 8 507.251 507.251 507.251 132.2991260736795 132.2991260736795 132.2991260736795 33.074781518419876 33.074781518419876 33.074781518419876
4194304 16 905.71 905.71 905.71 148.1906217221848 148.1906217221848 148.1906217221848 37.0476554305462 37.0476554305462 37.0476554305462
4194304 32 1808.345 1808.345 1808.345 148.442612443975 148.442612443975 148.442612443975 37.11065311099375 37.11065311099375 37.11065311099375
4194304 64 4041.458 4041.458 4041.458 132.84089850741984 132.84089850741984 132.84089850741984 33.21022462685496 33.21022462685496 33.21022462685496
4194304 128 8783.237 8783.237 8783.237 122.24898679154396 122.24898679154396 122.24898679154396 30.56224669788599 30.56224669788599 30.56224669788599
4194304 256 17328.744 17328.744 17328.744 123.92609920257348 123.92609920257348 123.92609920257348 30.98152480064337 30.98152480064337 30.98152480064337
4194304 512 32630.476 32630.476 32630.476 131.6244144277883 131.6244144277883 131.6244144277883 32.90610360694708 32.90610360694708 32.90610360694708

8388608 1 695.013 695.013 695.013 24.139427607828917 24.139427607828917 24.139427607828917 6.034856901957229 6.034856901957229 6.034856901957229
8388608 2 952.701 952.701 952.701 35.22031781219921 35.22031781219921 35.22031781219921 8.805079453049803 8.805079453049803 8.805079453049803
8388608 4 1036.969 1036.969 1036.969 64.71636471292777 64.71636471292777 64.71636471292777 16.179091178231943 16.179091178231943 16.179091178231943
8388608 8 1254.071 1254.071 1254.071 107.0256213563666 107.0256213563666 107.0256213563666 26.75640533909165 26.75640533909165 26.75640533909165
8388608 16 2057.412 2057.412 2057.412 130.47238764039486 130.47238764039486 130.47238764039486 32.618096910098714 32.618096910098714 32.618096910098714
8388608 32 4384.614 4384.614 4384.614 122.44428175433461 122.44428175433461 122.44428175433461 30.611070438583653 30.611070438583653 30.611070438583653
8388608 64 7844.835 7844.835 7844.835 136.8724548062515 136.8724548062515 136.8724548062515 34.21811370156288 34.21811370156288 34.21811370156288
8388608 128 15082.188 15082.188 15082.188 142.38541834911487 142.38541834911487 142.38541834911487 35.59635458727872 35.59635458727872 35.59635458727872
8388608 256 33606.084 33606.084 33606.084 127.80326609907897 127.80326609907897 127.80326609907897 31.950816524769742 31.950816524769742 31.950816524769742

16777216 1 1388.869 1388.869 1388.869 24.15953700456991 24.15953700456991 24.15953700456991 6.039884251142477 6.039884251142477 6.039884251142477
16777216 2 2525.173 2525.173 2525.173 26.57594707372525 26.57594707372525 26.57594707372525 6.643986768431312 6.643986768431312 6.643986768431312
16777216 4 3108.134 3108.134 3108.134 43.18273536469149 43.18273536469149 43.18273536469149 10.795683841172872 10.795683841172872 10.795683841172872
16777216 8 4097.489 4097.489 4097.489 65.51218465748171 65.51218465748171 65.51218465748171 16.378046164370428 16.378046164370428 16.378046164370428
16777216 16 6647.487 6647.487 6647.487 80.76298787797555 80.76298787797555 80.76298787797555 20.190746969493887 20.190746969493887 20.190746969493887
16777216 32 12021.407 12021.407 12021.407 89.31914741760262 89.31914741760262 89.31914741760262 22.329786854400655 22.329786854400655 22.329786854400655
16777216 64 24215.482 24215.482 24215.482 88.68225906054647 88.68225906054647 88.68225906054647 22.170564765136618 22.170564765136618 22.170564765136618
16777216 128 52269.542 52269.542 52269.542 82.16959880765744 82.16959880765744 82.16959880765744 20.54239970191436 20.54239970191436 20.54239970191436

33554432 1 2734.864 2734.864 2734.864 24.53828197672718 24.53828197672718 24.53828197672718 6.134570494181795 6.134570494181795 6.134570494181795
33554432 2 5355.767 5355.767 5355.767 25.060412075431962 25.060412075431962 25.060412075431962 6.265103018857991 6.265103018857991 6.265103018857991
33554432 4 8124.421 8124.421 8124.421 33.04056449068802 33.04056449068802 33.04056449068802 8.260141122672005 8.260141122672005 8.260141122672005
33554432 8 13969.872 13969.872 13969.872 38.43062499069426 38.43062499069426 38.43062499069426 9.607656247673566 9.607656247673566 9.607656247673566
33554432 16 22483.137 22483.137 22483.137 47.75765161240623 47.75765161240623 47.75765161240623 11.939412903101557 11.939412903101557 11.939412903101557
33554432 32 42042.665 42042.665 42042.665 51.078675626295336 51.078675626295336 51.078675626295336 12.769668906573834 12.769668906573834 12.769668906573834
33554432 64 82754.305 82754.305 82754.305 51.900227982097135 51.900227982097135 51.900227982097135 12.975056995524284 12.975056995524284 12.975056995524284

67108864 1 7282.783 7282.783 7282.783 18.429455882455926 18.429455882455926 18.429455882455926 4.6073639706139815 4.6073639706139815 4.6073639706139815
67108864 2 11994.662 11994.662 11994.662 22.37957651495307 22.37957651495307 22.37957651495307 5.594894128738267 5.594894128738267 5.594894128738267
67108864 4 17506.12 17506.12 17506.12 30.667612926222375 30.667612926222375 30.667612926222375 7.666903231555594 7.666903231555594 7.666903231555594
67108864 8 28957.007 28957.007 28957.007 37.080552696623656 37.080552696623656 37.080552696623656 9.270138174155914 9.270138174155914 9.270138174155914
67108864 16 49792.982 49792.982 49792.982 43.12823939727088 43.12823939727088 43.12823939727088 10.78205984931772 10.78205984931772 10.78205984931772
67108864 32 97416.057 97416.057 97416.057 44.08890513809238 44.08890513809238 44.08890513809238 11.022226284523095 11.022226284523095 11.022226284523095

134217728 1 10701.662 10701.662 10701.662 25.083529642405075 25.083529642405075 25.083529642405075 6.270882410601269 6.270882410601269 6.270882410601269
134217728 2 21012.759 21012.759 21012.759 25.549758220707716 25.549758220707716 25.549758220707716 6.387439555176929 6.387439555176929 6.387439555176929
134217728 4 34125.768 34125.768 34125.768 31.464253756867837 31.464253756867837 31.464253756867837 7.866063439216959 7.866063439216959 7.866063439216959
134217728 8 54060.883 54060.883 54060.883 39.72342900873446 39.72342900873446 39.72342900873446 9.930857252183616 9.930857252183616 9.930857252183616
134217728 16 97326.233 97326.233 97326.233 44.12959552230898 44.12959552230898 44.12959552230898 11.032398880577245 11.032398880577245 11.032398880577245

268435456 1 17235.259 17235.259 17235.259 31.149570308168855 31.149570308168855 31.149570308168855 7.787392577042214 7.787392577042214 7.787392577042214
268435456 2 34933.696 34933.696 34933.696 30.73656517764396 30.73656517764396 30.73656517764396 7.68414129441099 7.68414129441099 7.68414129441099
268435456 4 53059.022 53059.022 53059.022 40.47348720449465 40.47348720449465 40.47348720449465 10.118371801123663 10.118371801123663 10.118371801123663
268435456 8 90940.728 90940.728 90940.728 47.228204463021235 47.228204463021235 47.228204463021235 11.807051115755309 11.807051115755309 11.807051115755309

536870912 1 41345.843 41345.843 41345.843 25.969764941060703 25.969764941060703 25.969764941060703 6.492441235265176 6.492441235265176 6.492441235265176
536870912 2 80308.988 80308.988 80308.988 26.740265336178812 26.740265336178812 26.740265336178812 6.685066334044703 6.685066334044703 6.685066334044703
536870912 4 118851.322 118851.322 118851.322 36.137311926576636 36.137311926576636 36.137311926576636 9.034327981644159 9.034327981644159 9.034327981644159

1073741824 1 81440.289 81440.289 81440.289 26.36881173150061 26.36881173150061 26.36881173150061 6.592202932875153 6.592202932875153 6.592202932875153
1073741824 2 169664.808 169664.808 169664.808 25.314426407154514 25.314426407154514 25.314426407154514 6.328606601788628 6.328606601788628 6.328606601788628

2147483648 1 142555.569 142555.569 142555.569 30.128372578695963 30.128372578695963 30.128372578695963 7.532093144673991 7.532093144673991 7.532093144673991

META_DATA
FLOPS          4
OPENMP_THREADS 1
ERT_VERSION  1.1.0
HOSTNAME  ('areeba-vm', [], ['127.0.1.1'])
UNAME  uname_result(system='Linux', node='areeba-vm', release='6.17.0-23-generic', version='#23~24.04.1-Ubuntu SMP PREEMPT_DYNAMIC Tue Apr 14 16:11:48 UTC 2', machine='x86_64')
TIMESTAMP_DATA  1778236620.327397
CONFIG  {'ERT_RESULTS': ['roofline/mylaptop/Results'], 'ERT_DRIVER': ['driver1'], 'ERT_KERNEL': ['kernel1'], 'ERT_MPI': ['False'], 'ERT_MPI_CFLAGS': [], 'ERT_MPI_LDFLAGS': [], 'ERT_MPI_PROCS': ['1'], 'ERT_OPENMP': ['True'], 'ERT_OPENMP_CFLAGS': ['-fopenmp'], 'ERT_OPENMP_LDFLAGS': ['-fopenmp'], 'ERT_OPENMP_THREADS': ['1,2,4'], 'ERT_GPU': ['False'], 'ERT_GPU_CFLAGS': [], 'ERT_GPU_LDFLAGS': [], 'ERT_GPU_BLOCKS': ['1'], 'ERT_GPU_THREADS': ['1'], 'ERT_HIP': ['False'], 'ERT_OCL': ['False'], 'ERT_SYCL': ['False'], 'ERT_FLOPS': ['1,2,4,8'], 'ERT_ALIGN': ['32'], 'ERT_CC': ['g++'], 'ERT_CFLAGS': ['-O3', '-march=native', '-mavx2', '-mfma', '-ffast-math'], 'ERT_LD': ['g++'], 'ERT_LDFLAGS': [], 'ERT_LDLIBS': [], 'ERT_PRECISION': ['FP64'], 'ERT_PROCS_THREADS': ['6'], 'ERT_BLOCKS_THREADS': ['1'], 'ERT_WORKING_SET_MIN': ['1'], 'ERT_MEMORY_MAX': ['2147483648'], 'ERT_WSS_MULT': ['2.0'], 'ERT_TRIALS_MIN': ['1'], 'ERT_NUM_EXPERIMENTS': ['1'], 'ERT_RUN': ['OMP_NUM_THREADS=ERT_OPENMP_THREADS', './ERT_CODE'], 'ERT_GNUPLOT': ['False']}
