fp64
           8            1           1.711           16            4
           8            2           0.535           32            8
           8            4           0.552           64           16
           8            8           0.525          128           32
           8           16           0.532          256           64
           8           32           0.562          512          128
           8           64           0.631         1024          256
           8          128           0.777         2048          512
           8          256           1.058         4096         1024
           8          512           1.621         8192         2048
           8         1024           2.741        16384         4096
           8         2048           4.996        32768         8192
           8         4096           9.489        65536        16384
           8         8192          18.524       131072        32768
           8        16384          36.518       262144        65536
           8        32768          72.577       524288       131072
           8        65536         144.635      1048576       262144
           8       131072         294.623      2097152       524288
           8       262144         563.404      4194304      1048576
           8       524288        1138.851      8388608      2097152
           8      1048576        2266.549     16777216      4194304
           8      2097152        4586.858     33554432      8388608
           8      4194304        9240.094     67108864     16777216
           8      8388608       18183.902    134217728     33554432
           8     16777216       38562.227    268435456     67108864
           8     33554432       71837.064    536870912    134217728
           8     67108864      141889.833   1073741824    268435456
           8    134217728      277391.368   2147483648    536870912
           8    268435456      552980.452   4294967296   1073741824
          16            1           1.189           32            8
          16            2           0.530           64           16
          16            4           0.535          128           32
          16            8           0.510          256           64
          16           16           0.525          512          128
          16           32           0.549         1024          256
          16           64           0.620         2048          512
          16          128           0.750         4096         1024
          16          256           1.026         8192         2048
          16          512           1.579        16384         4096
          16         1024           2.682        32768         8192
          16         2048           4.887        65536        16384
          16         4096           9.269       131072        32768
          16         8192          18.072       262144        65536
          16        16384          35.671       524288       131072
          16        32768          70.836      1048576       262144
          16        65536         158.063      2097152       524288
          16       131072         275.221      4194304      1048576
          16       262144         525.815      8388608      2097152
          16       524288        1057.864     16777216      4194304
          16      1048576        2118.521     33554432      8388608
          16      2097152        4261.798     67108864     16777216
          16      4194304        8464.551    134217728     33554432
          16      8388608       17187.594    268435456     67108864
          16     16777216       34180.875    536870912    134217728
          16     33554432       69297.369   1073741824    268435456
          16     67108864      140819.043   2147483648    536870912
          16    134217728      273885.427   4294967296   1073741824
          32            1           1.263           64           16
          32            2           0.508          128           32
          32            4           0.492          256           64
          32            8           0.480          512          128
          32           16           0.503         1024          256
          32           32           0.525         2048          512
          32           64           0.590         4096         1024
          32          128           0.735         8192         2048
          32          256           1.001        16384         4096
          32          512           1.539        32768         8192
          32         1024           2.633        65536        16384
          32         2048           4.796       131072        32768
          32         4096           9.117       262144        65536
          32         8192          24.404       524288       131072
          32        16384          35.189      1048576       262144
          32        32768          77.634      2097152       524288
          32        65536         144.099      4194304      1048576
          32       131072         277.595      8388608      2097152
          32       262144        1118.895     16777216      4194304
          32       524288        1243.694     33554432      8388608
          32      1048576        2170.003     67108864     16777216
          32      2097152        4324.577    134217728     33554432
          32      4194304        9437.041    268435456     67108864
          32      8388608       19406.495    536870912    134217728
          32     16777216       36739.339   1073741824    268435456
          32     33554432       77278.946   2147483648    536870912
          32     67108864      144835.155   4294967296   1073741824
          64            1           1.361          128           32
          64            2           0.598          256           64
          64            4           0.490          512          128
          64            8           0.495         1024          256
          64           16           0.525         2048          512
          64           32           0.519         4096         1024
          64           64           0.600         8192         2048
          64          128           0.726        16384         4096
          64          256           0.998        32768         8192
          64          512           1.550        65536        16384
          64         1024           2.636       131072        32768
          64         2048           4.808       262144        65536
          64         4096           9.140       524288       131072
          64         8192          17.851      1048576       262144
          64        16384          35.216      2097152       524288
          64        32768          82.700      4194304      1048576
          64        65536         144.949      8388608      2097152
          64       131072         278.374     16777216      4194304
          64       262144         562.435     33554432      8388608
          64       524288        1117.390     67108864     16777216
          64      1048576        2241.098    134217728     33554432
          64      2097152        4532.588    268435456     67108864
          64      4194304        8935.083    536870912    134217728
          64      8388608       18024.338   1073741824    268435456
          64     16777216       36793.452   2147483648    536870912
          64     33554432       75462.112   4294967296   1073741824
         128            1           1.157          256           64
         128            2           0.534          512          128
         128            4           0.578         1024          256
         128            8           0.509         2048          512
         128           16           0.520         4096         1024
         128           32           0.555         8192         2048
         128           64           0.630        16384         4096
         128          128           0.766        32768         8192
         128          256           1.061        65536        16384
         128          512           1.645       131072        32768
         128         1024           2.824       262144        65536
         128         2048           5.158       524288       131072
         128         4096           9.802      1048576       262144
         128         8192          19.223      2097152       524288
         128        16384          37.478      4194304      1048576
         128        32768          74.393      8388608      2097152
         128        65536         148.225     16777216      4194304
         128       131072         641.265     33554432      8388608
         128       262144         946.674     67108864     16777216
         128       524288        1216.026    134217728     33554432
         128      1048576        2239.824    268435456     67108864
         128      2097152        4642.076    536870912    134217728
         128      4194304       10023.064   1073741824    268435456
         128      8388608       19670.473   2147483648    536870912
         128     16777216       40045.983   4294967296   1073741824
         256            1           1.423          512          128
         256            2           0.501         1024          256
         256            4           0.564         2048          512
         256            8           0.538         4096         1024
         256           16           0.521         8192         2048
         256           32           0.567        16384         4096
         256           64           0.661        32768         8192
         256          128           0.830        65536        16384
         256          256           1.181       131072        32768
         256          512           1.871       262144        65536
         256         1024           3.284       524288       131072
         256         2048           6.092      1048576       262144
         256         4096          11.509      2097152       524288
         256         8192          20.543      4194304      1048576
         256        16384          46.256      8388608      2097152
         256        32768          82.540     16777216      4194304
         256        65536         164.547     33554432      8388608
         256       131072         330.728     67108864     16777216
         256       262144         649.269    134217728     33554432
         256       524288        1411.414    268435456     67108864
         256      1048576        3583.103    536870912    134217728
         256      2097152        6736.183   1073741824    268435456
         256      4194304       12191.987   2147483648    536870912
         256      8388608       24880.279   4294967296   1073741824
         512            1           1.392         1024          256
         512            2           0.515         2048          512
         512            4           0.592         4096         1024
         512            8           0.567         8192         2048
         512           16           0.574        16384         4096
         512           32           0.660        32768         8192
         512           64           0.842        65536        16384
         512          128           1.175       131072        32768
         512          256           2.126       262144        65536
         512          512           3.289       524288       131072
         512         1024           6.074      1048576       262144
         512         2048          13.304      2097152       524288
         512         4096          28.758      4194304      1048576
         512         8192          53.529      8388608      2097152
         512        16384          77.106     16777216      4194304
         512        32768         155.803     33554432      8388608
         512        65536         349.226     67108864     16777216
         512       131072         555.787    134217728     33554432
         512       262144        1211.443    268435456     67108864
         512       524288        2843.601    536870912    134217728
         512      1048576        5817.695   1073741824    268435456
         512      2097152       11201.851   2147483648    536870912
         512      4194304       22062.219   4294967296   1073741824
        1024            1           1.200         2048          512
        1024            2           0.593         4096         1024
        1024            4           0.620         8192         2048
        1024            8           0.594        16384         4096
        1024           16           0.645        32768         8192
        1024           32           0.770        65536        16384
        1024           64           1.023       131072        32768
        1024          128           1.512       262144        65536
        1024          256           2.501       524288       131072
        1024          512           4.527      1048576       262144
        1024         1024           8.508      2097152       524288
        1024         2048          16.349      4194304      1048576
        1024         4096          31.372      8388608      2097152
        1024         8192          53.996     16777216      4194304
        1024        16384         107.094     33554432      8388608
        1024        32768         227.070     67108864     16777216
        1024        65536         403.916    134217728     33554432
        1024       131072         835.527    268435456     67108864
        1024       262144        1968.644    536870912    134217728
        1024       524288        4335.492   1073741824    268435456
        1024      1048576        8375.374   2147483648    536870912
        1024      2097152       15945.336   4294967296   1073741824
        2048            1           1.544         4096         1024
        2048            2           0.586         8192         2048
        2048            4           0.629        16384         4096
        2048            8           0.687        32768         8192
        2048           16           0.830        65536        16384
        2048           32           1.118       131072        32768
        2048           64           1.634       262144        65536
        2048          128           2.876       524288       131072
        2048          256           5.198      1048576       262144
        2048          512           9.958      2097152       524288
        2048         1024          18.697      4194304      1048576
        2048         2048          35.626      8388608      2097152
        2048         4096          66.069     16777216      4194304
        2048         8192         131.487     33554432      8388608
        2048        16384         262.494     67108864     16777216
        2048        32768         515.058    134217728     33554432
        2048        65536        1151.642    268435456     67108864
        2048       131072        2688.320    536870912    134217728
        2048       262144        5473.489   1073741824    268435456
        2048       524288       10812.866   2147483648    536870912
        2048      1048576       21521.837   4294967296   1073741824
        4096            1           1.836         8192         2048
        4096            2           0.729        16384         4096
        4096            4           0.714        32768         8192
        4096            8           0.850        65536        16384
        4096           16           1.166       131072        32768
        4096           32           1.779       262144        65536
        4096           64           3.494       524288       131072
        4096          128           5.542      1048576       262144
        4096          256          10.482      2097152       524288
        4096          512          18.825      4194304      1048576
        4096         1024          36.667      8388608      2097152
        4096         2048          69.209     16777216      4194304
        4096         4096         159.865     33554432      8388608
        4096         8192         272.499     67108864     16777216
        4096        16384         489.116    134217728     33554432
        4096        32768         990.002    268435456     67108864
        4096        65536        2142.229    536870912    134217728
        4096       131072        4626.506   1073741824    268435456
        4096       262144        9447.660   2147483648    536870912
        4096       524288       18685.574   4294967296   1073741824
        8192            1           2.217        16384         4096
        8192            2           0.866        32768         8192
        8192            4           0.919        65536        16384
        8192            8           1.554       131072        32768
        8192           16           1.839       262144        65536
        8192           32           2.940       524288       131072
        8192           64           5.257      1048576       262144
        8192          128           9.735      2097152       524288
        8192          256          18.392      4194304      1048576
        8192          512          35.704      8388608      2097152
        8192         1024          67.594     16777216      4194304
        8192         2048         134.609     33554432      8388608
        8192         4096         275.422     67108864     16777216
        8192         8192         484.787    134217728     33554432
        8192        16384         953.796    268435456     67108864
        8192        32768        2087.491    536870912    134217728
        8192        65536        4485.666   1073741824    268435456
        8192       131072        9153.029   2147483648    536870912
        8192       262144       18817.597   4294967296   1073741824
       16384            1           2.891        32768         8192
       16384            2           1.023        65536        16384
       16384            4           1.347       131072        32768
       16384            8           1.922       262144        65536
       16384           16           3.175       524288       131072
       16384           32           5.521      1048576       262144
       16384           64          10.393      2097152       524288
       16384          128          19.431      4194304      1048576
       16384          256          36.988      8388608      2097152
       16384          512          69.781     16777216      4194304
       16384         1024         163.351     33554432      8388608
       16384         2048         274.398     67108864     16777216
       16384         4096         505.806    134217728     33554432
       16384         8192         998.220    268435456     67108864
       16384        16384        2166.241    536870912    134217728
       16384        32768        5819.071   1073741824    268435456
       16384        65536       10659.600   2147483648    536870912
       16384       131072       20172.089   4294967296   1073741824
       32768            1           4.631        65536        16384
       32768            2           1.596       131072        32768
       32768            4           2.177       262144        65536
       32768            8           3.344       524288       131072
       32768           16           5.700      1048576       262144
       32768           32          10.429      2097152       524288
       32768           64          19.560      4194304      1048576
       32768          128          36.329      8388608      2097152
       32768          256          71.086     16777216      4194304
       32768          512         141.185     33554432      8388608
       32768         1024         296.971     67108864     16777216
       32768         2048         526.295    134217728     33554432
       32768         4096        1139.624    268435456     67108864
       32768         8192        2894.714    536870912    134217728
       32768        16384        6560.677   1073741824    268435456
       32768        32768       12386.617   2147483648    536870912
       32768        65536       21915.064   4294967296   1073741824
       65536            1           8.788       131072        32768
       65536            2           3.666       262144        65536
       65536            4           5.391       524288       131072
       65536            8           8.757      1048576       262144
       65536           16          15.316      2097152       524288
       65536           32          27.842      4194304      1048576
       65536           64          61.831      8388608      2097152
       65536          128         106.765     16777216      4194304
       65536          256         211.989     33554432      8388608
       65536          512         368.079     67108864     16777216
       65536         1024         733.140    134217728     33554432
       65536         2048        1380.060    268435456     67108864
       65536         4096        2819.927    536870912    134217728
       65536         8192        6107.960   1073741824    268435456
       65536        16384       13870.689   2147483648    536870912
       65536        32768       27228.023   4294967296   1073741824
      131072            1          12.020       262144        65536
      131072            2           6.088       524288       131072
      131072            4           9.115      1048576       262144
      131072            8          14.885      2097152       524288
      131072           16          26.364      4194304      1048576
      131072           32          49.354      8388608      2097152
      131072           64          93.589     16777216      4194304
      131072          128         183.415     33554432      8388608
      131072          256         362.918     67108864     16777216
      131072          512         641.295    134217728     33554432
      131072         1024        1264.341    268435456     67108864
      131072         2048        2581.435    536870912    134217728
      131072         4096        5617.155   1073741824    268435456
      131072         8192       11836.501   2147483648    536870912
      131072        16384       25662.635   4294967296   1073741824
      262144            1          23.556       524288       131072
      262144            2          11.239      1048576       262144
      262144            4          17.398      2097152       524288
      262144            8          29.022      4194304      1048576
      262144           16          51.357      8388608      2097152
      262144           32          95.870     16777216      4194304
      262144           64         185.904     33554432      8388608
      262144          128         362.870     67108864     16777216
      262144          256         639.918    134217728     33554432
      262144          512        1271.103    268435456     67108864
      262144         1024        2832.672    536870912    134217728
      262144         2048        5821.788   1073741824    268435456
      262144         4096       11799.200   2147483648    536870912
      262144         8192       23183.194   4294967296   1073741824
      524288            1          45.347      1048576       262144
      524288            2          20.220      2097152       524288
      524288            4          30.749      4194304      1048576
      524288            8          50.561      8388608      2097152
      524288           16          91.334     16777216      4194304
      524288           32         208.137     33554432      8388608
      524288           64         677.642     67108864     16777216
      524288          128        1572.617    134217728     33554432
      524288          256        1237.054    268435456     67108864
      524288          512        2533.040    536870912    134217728
      524288         1024        5476.103   1073741824    268435456
      524288         2048       11776.875   2147483648    536870912
      524288         4096       22476.195   4294967296   1073741824
     1048576            1          89.160      2097152       524288
     1048576            2          43.470      4194304      1048576
     1048576            4          63.639      8388608      2097152
     1048576            8         105.713     16777216      4194304
     1048576           16         191.915     33554432      8388608
     1048576           32         337.524     67108864     16777216
     1048576           64         624.222    134217728     33554432
     1048576          128        1303.328    268435456     67108864
     1048576          256        2894.619    536870912    134217728
     1048576          512        6922.335   1073741824    268435456
     1048576         1024       12768.371   2147483648    536870912
     1048576         2048       26274.425   4294967296   1073741824
     2097152            1         173.983      4194304      1048576
     2097152            2         102.356      8388608      2097152
     2097152            4         141.448     16777216      4194304
     2097152            8         241.983     33554432      8388608
     2097152           16         392.180     67108864     16777216
     2097152           32         716.250    134217728     33554432
     2097152           64        1825.248    268435456     67108864
     2097152          128        2945.881    536870912    134217728
     2097152          256        5932.058   1073741824    268435456
     2097152          512       12301.692   2147483648    536870912
     2097152         1024       26854.767   4294967296   1073741824
     4194304            1         348.158      8388608      2097152
     4194304            2         309.333     16777216      4194304
     4194304            4         347.148     33554432      8388608
     4194304            8         507.251     67108864     16777216
     4194304           16         905.710    134217728     33554432
     4194304           32        1808.345    268435456     67108864
     4194304           64        4041.458    536870912    134217728
     4194304          128        8783.237   1073741824    268435456
     4194304          256       17328.744   2147483648    536870912
     4194304          512       32630.476   4294967296   1073741824
     8388608            1         695.013     16777216      4194304
     8388608            2         952.701     33554432      8388608
     8388608            4        1036.969     67108864     16777216
     8388608            8        1254.071    134217728     33554432
     8388608           16        2057.412    268435456     67108864
     8388608           32        4384.614    536870912    134217728
     8388608           64        7844.835   1073741824    268435456
     8388608          128       15082.188   2147483648    536870912
     8388608          256       33606.084   4294967296   1073741824
    16777216            1        1388.869     33554432      8388608
    16777216            2        2525.173     67108864     16777216
    16777216            4        3108.134    134217728     33554432
    16777216            8        4097.489    268435456     67108864
    16777216           16        6647.487    536870912    134217728
    16777216           32       12021.407   1073741824    268435456
    16777216           64       24215.482   2147483648    536870912
    16777216          128       52269.542   4294967296   1073741824
    33554432            1        2734.864     67108864     16777216
    33554432            2        5355.767    134217728     33554432
    33554432            4        8124.421    268435456     67108864
    33554432            8       13969.872    536870912    134217728
    33554432           16       22483.137   1073741824    268435456
    33554432           32       42042.665   2147483648    536870912
    33554432           64       82754.305   4294967296   1073741824
    67108864            1        7282.783    134217728     33554432
    67108864            2       11994.662    268435456     67108864
    67108864            4       17506.120    536870912    134217728
    67108864            8       28957.007   1073741824    268435456
    67108864           16       49792.982   2147483648    536870912
    67108864           32       97416.057   4294967296   1073741824
   134217728            1       10701.662    268435456     67108864
   134217728            2       21012.759    536870912    134217728
   134217728            4       34125.768   1073741824    268435456
   134217728            8       54060.883   2147483648    536870912
   134217728           16       97326.233   4294967296   1073741824
   268435456            1       17235.259    536870912    134217728
   268435456            2       34933.696   1073741824    268435456
   268435456            4       53059.022   2147483648    536870912
   268435456            8       90940.728   4294967296   1073741824
   536870912            1       41345.843   1073741824    268435456
   536870912            2       80308.988   2147483648    536870912
   536870912            4      118851.322   4294967296   1073741824
  1073741824            1       81440.289   2147483648    536870912
  1073741824            2      169664.808   4294967296   1073741824
  2147483648            1      142555.569   4294967296   1073741824

META_DATA
FLOPS          4
OPENMP_THREADS 1
ERT_VERSION  1.1.0
HOSTNAME  ('areeba-vm', [], ['127.0.1.1'])
UNAME  uname_result(system='Linux', node='areeba-vm', release='6.17.0-23-generic', version='#23~24.04.1-Ubuntu SMP PREEMPT_DYNAMIC Tue Apr 14 16:11:48 UTC 2', machine='x86_64')
TIMESTAMP_DATA  1778236620.327397
CONFIG  {'ERT_RESULTS': ['roofline/mylaptop/Results'], 'ERT_DRIVER': ['driver1'], 'ERT_KERNEL': ['kernel1'], 'ERT_MPI': ['False'], 'ERT_MPI_CFLAGS': [], 'ERT_MPI_LDFLAGS': [], 'ERT_MPI_PROCS': ['1'], 'ERT_OPENMP': ['True'], 'ERT_OPENMP_CFLAGS': ['-fopenmp'], 'ERT_OPENMP_LDFLAGS': ['-fopenmp'], 'ERT_OPENMP_THREADS': ['1,2,4'], 'ERT_GPU': ['False'], 'ERT_GPU_CFLAGS': [], 'ERT_GPU_LDFLAGS': [], 'ERT_GPU_BLOCKS': ['1'], 'ERT_GPU_THREADS': ['1'], 'ERT_HIP': ['False'], 'ERT_OCL': ['False'], 'ERT_SYCL': ['False'], 'ERT_FLOPS': ['1,2,4,8'], 'ERT_ALIGN': ['32'], 'ERT_CC': ['g++'], 'ERT_CFLAGS': ['-O3', '-march=native', '-mavx2', '-mfma', '-ffast-math'], 'ERT_LD': ['g++'], 'ERT_LDFLAGS': [], 'ERT_LDLIBS': [], 'ERT_PRECISION': ['FP64'], 'ERT_PROCS_THREADS': ['6'], 'ERT_BLOCKS_THREADS': ['1'], 'ERT_WORKING_SET_MIN': ['1'], 'ERT_MEMORY_MAX': ['2147483648'], 'ERT_WSS_MULT': ['2.0'], 'ERT_TRIALS_MIN': ['1'], 'ERT_NUM_EXPERIMENTS': ['1'], 'ERT_RUN': ['OMP_NUM_THREADS=ERT_OPENMP_THREADS', './ERT_CODE'], 'ERT_GNUPLOT': ['False']}
