fp64
 32 16777216 15195.074 18113.058 28838.004 37.233569424569055 59.279985963717444 70.66381012688717 2.327098089035566 3.7049991227323402 4.416488132930448
 64 8388608 6612.74 7384.727 25828.881 41.571364396312795 145.4003410010959 162.37472273218063 2.5982102747695497 9.087521312568494 10.14842017076129
 128 4194304 5000.062 8744.665 14417.592 74.47442152614667 122.78821704433503 214.74570195329582 4.654651345384167 7.674263565270939 13.421606372080989
 256 2097152 2470.464 2879.211 3513.814 305.57730830374066 372.9291892813692 434.63164166731434 19.09858176898379 23.308074330085574 27.164477604207146
 512 1048576 1622.157 1771.434 3450.831 311.15456653774123 606.1427205303727 661.9222578332431 19.447160408608827 37.88392003314829 41.37014111457769
 1024 524288 1249.96 1787.116 3707.141 289.64148490710227 600.8237987909012 859.0209478703318 18.10259280669389 37.55148742443132 53.68880924189574
 2048 262144 1389.01 2008.788 4015.125 267.4242580243455 534.5222213593471 773.0267053512935 16.714016126521592 33.407638834959194 48.31416908445584
 4096 131072 1318.819 1358.305 8187.05 131.15124788537997 790.5012673883996 814.1692104830156 8.196952992836248 49.406329211774974 50.885575655188475
 8192 65536 1179.026 1371.792 1641.331 654.189693608419 782.7293233959668 910.70241368723 40.88685585052619 48.92058271224793 56.918900855451874
 16384 32768 1392.36 2637.823 3369.166 318.6966222501355 407.05605493621067 771.1668131804994 19.918538890633467 25.441003433513167 48.19792582378121
 32768 16384 856.489 1654.109 2322.567 462.3082236163693 649.1360750712317 1253.6551245842038 28.89426397602308 40.571004691951984 78.35344528651274
 65536 8192 824.443 1025.648 4024.088 266.82861408597427 1046.8911595401153 1302.3845481130897 16.67678838037339 65.4306974712572 81.39903425706811
 131072 4096 802.557 811.862 1868.445 574.671357198098 1322.566919008403 1337.901013884372 35.916959824881125 82.66043243802518 83.61881336777326
 262144 2048 800.784 801.777 2712.942 395.78502747202117 1339.2025762774438 1340.8632340306501 24.736564217001323 83.70016101734024 83.80395212691563
 524288 1024 798.733 804.017 2582.047 415.84906239119584 1335.4715435121395 1344.3063251424446 25.99056639944974 83.46697146950872 84.01914532140279
 1048576 512 866.79 2040.558 4634.09 231.70500011868566 526.2001001686793 1238.756589254606 14.481562507417854 32.88750626054246 77.42228682841288
 2097152 256 744.233 924.661 990.956 1083.5413721699047 1161.227546095272 1442.7495475207363 67.72133576061904 72.5767216309545 90.17184672004602
 4194304 128 1912.298 2023.928 2875.102 373.4621672552835 530.5237261404557 561.4929388620393 23.341385453455217 33.15773288377848 35.093308678877456
 8388608 64 3627.44 3766.722 5122.026 209.6322478644193 285.0600134546696 296.0053988487749 13.102015491526206 17.81625084091685 18.500337428048432
 16777216 32 7278.714 8883.133 10120.147 106.0994295833845 120.87422579398509 147.5180676146913 6.631214348961532 7.554639112124068 9.219879225918206
 33554432 16 12721.742 14304.951 14349.74 74.82656995875884 75.06085298719304 84.40210656685225 4.676660622422427 4.691303311699565 5.275131660428266
 67108864 8 27331.451 27848.608 31585.536 33.99473176583105 38.55639118479459 39.285942923410836 2.1246707353644405 2.409774449049662 2.4553714327131773
 134217728 4 55427.852 59265.965 70719.813 15.1830410524417 18.117343132774437 19.37188228041022 0.9489400657776063 1.1323339457984023 1.2107426425256387
 268435456 2 112834.142 115455.594 124351.026 8.634764493217773 9.300041572693308 9.516107491649114 0.5396727808261108 0.5812525982933318 0.5947567182280696
 536870912 1 113522.519 125813.334 153008.835 7.017515191197948 8.53440402429841 9.45840379035282 0.4385946994498717 0.5334002515186507 0.5911502368970513
 
META_DATA
 FLOPS          1
 OPENMP_THREADS 4
 ERT_VERSION  1.1.0
 HOSTNAME  ('minahil-k', [], ['2404:3100:104b:39a1:7128:cd83:7620:4e0'])
 UNAME  uname_result(system='Linux', node='minahil-k', release='6.17.0-20-generic', version='#20~24.04.1-Ubuntu SMP PREEMPT_DYNAMIC Thu Mar 19 01:28:37 UTC 2', machine='x86_64')
 TIMESTAMP_DATA  1778179003.5735326
 CONFIG  {'ERT_RESULTS': ['Results'], 'ERT_DRIVER': ['driver1'], 'ERT_KERNEL': ['kernel1'], 'ERT_MPI': ['False'], 'ERT_MPI_CFLAGS': [], 'ERT_MPI_LDFLAGS': [], 'ERT_MPI_PROCS': ['1'], 'ERT_OPENMP': ['True'], 'ERT_OPENMP_CFLAGS': ['-fopenmp'], 'ERT_OPENMP_LDFLAGS': ['-fopenmp'], 'ERT_OPENMP_THREADS': ['1,2,4'], 'ERT_GPU': ['False'], 'ERT_GPU_CFLAGS': [], 'ERT_GPU_LDFLAGS': [], 'ERT_GPU_BLOCKS': ['1'], 'ERT_GPU_THREADS': ['1'], 'ERT_HIP': ['False'], 'ERT_OCL': ['False'], 'ERT_SYCL': ['False'], 'ERT_FLOPS': ['1,2,4,8,16'], 'ERT_ALIGN': ['32'], 'ERT_CC': ['g++'], 'ERT_CFLAGS': ['-O3', '-mavx2', '-march=native', '-ffast-math'], 'ERT_LD': ['g++'], 'ERT_LDFLAGS': [], 'ERT_LDLIBS': [], 'ERT_PRECISION': ['FP64'], 'ERT_PROCS_THREADS': ['4'], 'ERT_BLOCKS_THREADS': ['1'], 'ERT_WORKING_SET_MIN': ['1'], 'ERT_MEMORY_MAX': ['536870912'], 'ERT_WSS_MULT': ['2.0'], 'ERT_TRIALS_MIN': ['1'], 'ERT_NUM_EXPERIMENTS': ['3'], 'ERT_RUN': ['OMP_NUM_THREADS=ERT_OPENMP_THREADS', './ERT_CODE'], 'ERT_GNUPLOT': ['False']}
 TIMESTAMP_DATA  1778179008.4559002
 TIMESTAMP_DATA  1778179013.4534883
 