fp64

32 1 1.986 7.861 6462.423 9.903406199191851e-06 0.008141457829792647 0.032225579053373615 6.189628874494907e-07 0.0005088411143620405 0.002014098690835851
32 2 0.867 2163.935 4188.642 3.055883028437379e-05 5.915149946740545e-05 0.14763552479815456 1.9099268927733617e-06 3.6969687167128404e-06 0.00922722029988466
32 4 0.854 287.941 1863.78 0.00013735526725257275 0.0008890710249669203 0.2997658079625293 8.584704203285797e-06 5.556693906043252e-05 0.01873536299765808
32 8 0.858 63.143 6473.293 7.909421062819187e-05 0.008108578939866651 0.5967365967365967 4.943388164261992e-06 0.0005067861837416657 0.037296037296037296
32 16 0.846 4.41 2997.385 0.0003416311217944975 0.23219954648526078 1.2104018912529553 2.1351945112156094e-05 0.014512471655328799 0.0756501182033097
32 32 0.871 571.324 2555.714 0.0008013416211673139 0.0035846559920465447 2.3513203214695753 5.008385132295712e-05 0.00022404099950290904 0.14695752009184845
32 64 0.866 0.881 4278.195 0.0009574131146429746 4.649262202043133 4.729792147806005 5.9838319665185915e-05 0.2905788876276958 0.29561200923787534
32 128 0.883 0.889 2902.274 0.0028226142672952317 9.214848143982003 9.277463193657985 0.00017641339170595198 0.5759280089988752 0.579841449603624
32 256 0.956 0.968 3919.707 0.0041799042632523304 16.925619834710748 17.138075313807533 0.00026124401645327065 1.0578512396694217 1.0711297071129708
32 512 1.094 1.107 2158.55 0.015180561024761995 29.600722673893408 29.952468007312614 0.0009487850640476247 1.850045167118338 1.8720292504570384
32 1024 1.415 1.417 1222.668 0.0536008139576729 46.24982357092449 46.31519434628976 0.0033500508723545565 2.8906139731827807 2.89469964664311
32 2048 2.155 2.18 1978.333 0.06625376011015335 60.12477064220183 60.82227378190257 0.004140860006884585 3.7577981651376144 3.8013921113689104
32 4096 3.671 3.685 3291.973 0.0796312727959798 71.1381275440977 71.40942522473442 0.004976954549748737 4.446132971506106 4.463089076545901
32 8192 6.697 6.712 1840.264 0.28489825372881283 78.11203814064363 78.28699417649693 0.017806140858050802 4.882002383790227 4.892937136031058
32 16384 12.79 12.806 1915.543 0.5474040520103178 81.88161799156646 81.98405003909305 0.034212753250644864 5.117601124472904 5.1240031274433155
32 32768 19.932 24.947 24.953 84.04408287580652 84.06429630817333 105.21533212923943 5.252755179737908 5.254018519260833 6.575958258077464
32 65536 49.28 49.288 53.888 77.83372921615202 85.09787372179842 85.11168831168831 4.864608076009501 5.318617107612401 5.3194805194805195
32 131072 97.999 169.287 2999.35 2.796808641872406 49.55258230106269 85.59891427463546 0.17480054011702537 3.0970363938164183 5.349932142164716
32 262144 119.976 195.288 202.746 82.74992354966312 85.91012248576462 139.83810095352405 5.171870221853945 5.369382655360289 8.739881309595253
32 524288 389.919 1308.507 3118.929 10.758318640789836 25.64329575615568 86.05487806441852 0.6723949150493648 1.60270598475973 5.378429879026157
32 1048576 864.835 1085.496 3056.379 21.956983737946114 61.8232255116555 77.59730353188759 1.3723114836216321 3.863951594478469 4.849831470742974
32 2097152 1712.107 1996.728 8952.851 14.991618647512395 67.21883401244436 78.39330602585002 0.9369761654695247 4.201177125777773 4.8995816266156265
32 4194304 3250.212 7712.028 17730.754 15.139539807500572 34.80737569936209 82.59013750487661 0.9462212379687858 2.1754609812101307 5.161883594054788
32 8388608 6673.915 9404.724 12254.095 43.81155132223147 57.085238439745815 80.44317495802689 2.738221957639467 3.5678274024841135 5.0276984348766804
32 16777216 15195.074 18113.058 28838.004 37.233569424569055 59.279985963717444 70.66381012688717 2.327098089035566 3.7049991227323402 4.416488132930448

64 1 4.806 53.642 1833.815 6.979984349566341e-05 0.002386189925804407 0.02663337494798169 4.362490218478963e-06 0.00014913687036277544 0.0016645859342488557
64 2 1.149 2.873 6566.21 3.898748288586567e-05 0.08910546467107552 0.22280243690165363 2.4367176803666044e-06 0.00556909154194222 0.013925152306353352
64 4 0.926 1.503 6685.665 7.658176112623053e-05 0.34065202927478383 0.5529157667386609 4.786360070389408e-06 0.02129075182967399 0.03455723542116631
64 8 0.872 0.885 5223.562 0.00019603481302605388 1.1570621468926554 1.1743119266055047 1.2252175814128368e-05 0.07231638418079096 0.07339449541284404
64 16 0.86 0.887 4.678 0.4377939290294998 2.3089064261555805 2.3813953488372093 0.02736212056434374 0.14430665163472378 0.14883720930232558
64 32 0.848 0.862 3214.16 0.0012743609527839314 4.751740139211138 4.830188679245284 7.964755954899571e-05 0.2969837587006961 0.30188679245283023
64 64 0.871 0.899 11045.951 0.0007416292178011655 9.112347052280311 9.405281285878301 4.6351826112572844e-05 0.5695216907675195 0.5878300803673938
64 128 0.897 0.901 6225.081 0.00263193362463878 18.1842397336293 18.265328874024526 0.00016449585153992374 1.1365149833518313 1.1415830546265329
64 256 0.958 0.975 4442.698 0.007375698280639377 33.60820512820513 34.20459290187892 0.00046098114253996107 2.1005128205128205 2.1377870563674324
64 512 1.108 1.109 7.713 8.496823544664851 59.09467989179442 59.148014440433215 0.5310514715415532 3.6934174932371513 3.696750902527076
64 1024 1.38 1.392 3.608 36.328159645232816 94.1609195402299 94.97971014492755 2.270509977827051 5.885057471264369 5.936231884057972
64 2048 2.138 2.148 79.035 3.3168090086670468 122.04096834264433 122.61178671655756 0.20730056304169042 7.627560521415271 7.6632366697848475
64 4096 3.674 3.701 14.03 37.36906628652887 141.6611726560389 142.7022318998367 2.3355666429080544 8.853823291002431 8.918889493739794
64 8192 6.716 6.719 10.464 100.20795107033639 156.06131864860842 156.13103037522333 6.2629969418960245 9.753832415538026 9.758189398451458
64 16384 12.595 12.79 12.833 163.41868619964154 163.9681000781861 166.5067090115125 10.213667887477596 10.248006254886631 10.406669313219531
64 32768 19.9 24.949 24.961 168.03429349785668 168.1151148342619 210.7690452261307 10.502143343616043 10.507194677141369 13.173065326633168
64 65536 49.286 49.29 3751.194 2.2362501112978963 170.18884155001015 170.20265389765856 0.13976563195611852 10.636802596875635 10.63766586860366
64 131072 97.95 106.623 4231.832 3.9645278924116076 157.35081549009126 171.28347115875445 0.24778299327572548 9.834425968130704 10.705216947422153
64 262144 195.295 195.299 4518.074 7.426711470418591 171.81056738641774 171.81408638213986 0.46416946690116195 10.738160461651109 10.738380398883741
64 524288 393.298 398.31 5365.416 12.507672098491524 168.48400492079034 170.63108380922355 0.7817295061557202 10.530250307549396 10.664442738076472
64 1048576 779.212 1721.98 5502.336 24.39286295856887 77.94383674607138 172.24802492774754 1.5245539349105544 4.8714897966294615 10.765501557984221
64 2097152 1174.333 1590.876 2507.467 107.0544322218398 168.7343677319917 228.58546596238034 6.690902013864988 10.545897983249482 14.286591622648771
64 4194304 3261.601 3360.682 8007.533 67.0457320625466 159.75058395885122 164.60349135286629 4.190358253909163 9.984411497428201 10.287718209554143
64 8388608 6612.74 7384.727 25828.881 41.571364396312795 145.4003410010959 162.37472273218063 2.5982102747695497 9.087521312568494 10.14842017076129

128 1 1.92 5.196 6068.46 4.218533202822463e-05 0.04926866820631255 0.13333333333333336 2.636583251764039e-06 0.0030792917628945345 0.008333333333333335
128 2 1.037 7.387 936.226 0.0005468765020411739 0.06931095167185597 0.49373191899710706 3.417978137757337e-05 0.004331934479490998 0.03085824493731919
128 4 0.888 1454.186 2305.963 0.0004440661016677197 0.0007041740190044466 1.1531531531531531 2.7754131354232483e-05 4.401087618777791e-05 0.07207207207207207
128 8 0.88 7.331 1963.22 0.0010431841566406212 0.27936161505933704 2.327272727272727 6.519900979003883e-05 0.017460100941208565 0.14545454545454545
128 16 0.887 2249.018 5515.481 0.0007426369522440564 0.0018212393142251417 4.617812852311161 4.641480951525352e-05 0.00011382745713907135 0.28861330326944756
128 32 0.902 1204.721 1507.75 0.005433261482341237 0.0067999146690395544 9.082039911308204 0.00033957884264632733 0.00042499466681497215 0.5676274944567627
128 64 0.902 3.011 3384.433 0.004840988135974327 5.441381600797078 18.164079822616408 0.00030256175849839546 0.34008635004981735 1.1352549889135255
128 128 0.939 1590.098 5293.795 0.0061898883504178 0.02060753488149787 34.89669861554846 0.0003868680219011125 0.001287970930093617 2.1810436634717787
128 256 1.041 2.341 1047.986 0.06253518653875147 27.994873985476293 62.954851104707025 0.003908449158671967 1.7496796240922683 3.934678194044189
128 512 1.228 3.12 90.879 1.4422693911684767 42.01025641025641 106.73615635179155 0.0901418369480298 2.6256410256410256 6.671009771986972
128 1024 1.796 3.04 3.351 78.22858848105044 86.23157894736842 145.9599109131403 4.889286780065652 5.389473684210526 9.122494432071269
128 2048 2.937 3.793 2854.292 0.18368407997499905 138.22515159504349 178.51140619679947 0.01148025499843744 8.639071974690218 11.156962887299967
128 4096 5.113 8.674 628.719 1.6677975375326657 120.88724925063408 205.08038333659297 0.1042373460957916 7.55545307816463 12.81752395853706
128 8192 9.787 10.254 1603.02 1.3082506768474507 204.52038228983815 214.27935015837335 0.08176566730296567 12.782523893114885 13.392459384898334
128 16384 18.914 1220.223 3187.151 1.3160041679857655 3.437325800284047 221.7565824257164 0.08225026049911034 0.21483286251775294 13.859786401607275
128 32768 37.162 1853.253 3696.243 2.269495809664029 4.526423537423115 225.73080027985577 0.14184348810400182 0.2829014710889447 14.108175017490986
128 65536 73.65 2930.378 3429.455 4.892093933292608 5.7252736677657285 227.79655125594027 0.305755870830788 0.35782960423535803 14.237284453496267
128 131072 146.64 2435.363 3048.857 11.00557750002706 13.778000240621216 228.82182214948176 0.6878485937516913 0.861125015038826 14.30136388434261
128 262144 394.194 2187.772 4147.495 16.18057743288419 30.67452367065673 170.24324063785852 1.0112860895552618 1.9171577294160456 10.640202539866157
128 524288 597.932 4132.54 5378.294 24.95544646685362 32.478264699192266 224.4698862077962 1.5597154041783512 2.0298915436995166 14.029367887987263
128 1048576 1226.998 3161.807 6632.419 40.473235481654584 84.89938063898272 218.77415937108293 2.5295772176034115 5.30621128993642 13.673384960692683
128 2097152 2556.307 6401.747 6913.344 77.65719628590737 83.8631879704087 210.0181676144532 4.853574767869211 5.241449248150544 13.126135475903325
128 4194304 5000.062 8744.665 14417.592 74.47442152614667 122.78821704433503 214.74570195329582 4.654651345384167 7.674263565270939 13.421606372080989

256 1 2661.169 5680.219 6383.742 8.020374256979683e-05 9.013736970352728e-05 0.0001923966497430265 5.012733910612302e-06 5.633585606470455e-06 1.2024790608939157e-05
256 2 1.887 732.826 5771.231 0.00017743181653966027 0.001397330334895323 0.5426603073661898 1.1089488533728767e-05 8.733314593095769e-05 0.03391626921038686
256 4 0.976 43.527 3329.773 0.0006150569423200921 0.04705125554253682 2.098360655737705 3.8441058895005755e-05 0.0029407034714085513 0.13114754098360656
256 8 0.866 3.24 1291.046 0.003172621269885039 1.2641975308641975 4.729792147806005 0.00019828882936781493 0.07901234567901234 0.29561200923787534
256 16 0.864 1.829 624.441 0.013118933574188755 4.478950246036086 9.481481481481483 0.0008199333483867972 0.27993439037725537 0.5925925925925927
256 32 0.874 1.001 8.655 1.8930098209127675 16.36763236763237 18.74599542334096 0.11831311380704797 1.0229770229770232 1.17162471395881
256 64 0.894 0.916 9.58 3.4204592901878916 35.772925764192145 36.65324384787472 0.21377870563674323 2.235807860262009 2.29082774049217
256 128 0.939 0.947 88.855 0.7375611952056722 69.2038014783527 69.79339723109692 0.04609757470035451 4.325237592397044 4.362087326943557
256 256 1.049 1.056 1822.338 0.07192518621682696 124.12121212121211 124.94947569113442 0.004495324138551685 7.757575757575757 7.8093422306959015
256 512 1.237 56.418 6553.217 0.04000233778310714 4.646460349533837 211.91915925626515 0.0025001461114441963 0.2904037718458648 13.244947453516572
256 1024 1.787 9.94 2708.378 0.19358006895640123 52.74527162977868 293.39003917179633 0.012098754309775077 3.2965794768611674 18.33687744823727
256 2048 2.909 2.934 3.538 296.3753533069531 357.3878663940014 360.459264352011 18.52345958168457 22.336741649625086 22.52870402200069
256 4096 5.214 5.302 7.72 271.65181347150263 395.53979630328183 402.21557345607977 16.978238341968915 24.721237268955115 25.138473341004985
256 8192 9.783 9.786 1769.818 2.369906962184812 428.60249335785824 428.7339261985077 0.14811918513655076 26.78765583486614 26.79587038740673
256 16384 18.89 18.897 4029.055 2.082028664289765 443.9121553685771 444.0766543144521 0.13012679151811032 27.744509710536068 27.754790894653258
256 32768 37.145 37.15 1464.923 11.45262652030175 451.60742934051143 451.6682191412034 0.7157891575188594 28.225464333781964 28.229263696325212
256 65536 73.647 108.903 2356.562 14.238722342123824 308.1130180068501 455.6116610316781 0.889920146382739 19.25706362542813 28.475728814479883
256 131072 109.521 146.835 784.22 85.5740276963097 457.0358838151667 612.7488244263658 5.348376731019356 28.56474273844792 38.29680152664786
256 262144 229.269 543.62 1438.939 93.27548144848393 246.89622898348114 585.4159437167693 5.829717590530246 15.431014311467571 36.58849648229808
256 524288 460.714 584.549 586.99 457.3083970766112 459.2180569977881 582.6509635044736 28.5817748172882 28.701128562361756 36.4156852190296
256 1048576 1587.589 1897.847 2029.78 264.4970942663737 282.8841903483263 338.1674425811719 16.531068391648358 17.680261896770393 21.135465161323243
256 2097152 2470.464 2879.211 3513.814 305.57730830374066 372.9291892813692 434.63164166731434 19.09858176898379 23.308074330085574 27.164477604207146

512 1 1.59 2.13 150.154 0.006819665143785714 0.48075117370892023 0.6440251572327045 0.00042622907148660714 0.030046948356807514 0.04025157232704403
512 2 2.083 1800.706 4367.106 0.00046896045115460904 0.0011373316910145244 0.9831973115698511 2.9310028197163065e-05 7.108323068840777e-05 0.061449831973115696
512 4 1.437 345.758 8175.878 0.0005009859491543295 0.011846435946529076 2.850382741823243 3.131162182214559e-05 0.0007404022466580673 0.1781489213639527
512 8 0.904 1.798 4094.807 0.0020005826892451834 4.556173526140156 9.061946902654867 0.00012503641807782396 0.28476084538375973 0.5663716814159292
512 16 0.875 1.693 3232.018 0.005069278698324081 9.677495569994093 18.72457142857143 0.00031682991864525505 0.6048434731246308 1.1702857142857144
512 32 0.907 0.917 4977.885 0.006582715349993019 35.73391494002181 36.12789415656009 0.0004114197093745637 2.2333696837513632 2.2579933847850056
512 64 0.922 0.998 1855.041 0.0353285992061631 65.66733466933869 71.08026030368764 0.002208037450385194 4.104208416833668 4.442516268980477
512 128 0.985 1.055 5.677 23.088250836709534 124.23886255924174 133.06802030456856 1.4430156772943459 7.764928909952609 8.316751269035535
512 256 1.129 1.14 1596.919 0.1641561030960243 229.9508771929825 232.19131975199295 0.010259756443501519 14.371929824561406 14.51195748449956
512 512 1.404 1.418 4.168 125.78886756238005 369.737658674189 373.4245014245015 7.861804222648753 23.108603667136812 23.339031339031344
512 1024 2.169 2.179 4.75 220.75284210526317 481.2189077558514 483.4375288151222 13.797052631578948 30.07618173474071 30.21484555094514
512 2048 3.683 3.688 587.932 3.5669975439336525 568.6420824295011 569.4140646212328 0.22293734649585328 35.54013015184382 35.58837903882705
512 4096 6.718 6.72 2625.989 1.5972283204537414 624.152380952381 624.3381958916344 0.09982677002835884 39.00952380952381 39.02113724322715
512 8192 12.803 12.81 1531.752 5.476479221179408 654.848399687744 655.2064359915645 0.342279951323713 40.928024980484 40.95040224947278
512 16384 24.975 61.132 1052.455 15.941029307666364 274.4424523980894 671.7604004004004 0.9963143317291477 17.15265327488059 41.985025025025024
512 32768 60.252 60.773 3542.423 9.472169754995381 552.1272933704112 556.9015468366196 0.5920106096872113 34.5079558356507 34.80634667728872
512 65536 97.951 145.12 2478.904 27.071989879398316 462.4370452039692 685.1268899756001 1.6919993674623948 28.902315325248075 42.820430623475005
512 131072 195.293 195.311 936.099 143.37984337126736 687.200045056346 687.2633837362323 8.96124021070421 42.95000281602162 42.95396148351452
512 262144 389.92 400.7 1509.53 177.8271753459686 669.9162864986275 688.4372589249076 11.114198459123038 41.86976790616422 43.027328682806726
512 524288 792.928 849.149 3134.353 171.28603957499365 632.2458272929722 677.0739739295371 10.705377473437103 39.51536420581076 42.31712337059607
512 1048576 1622.157 1771.434 3450.831 311.15456653774123 606.1427205303727 661.9222578332431 19.447160408608827 37.88392003314829 41.37014111457769

1024 1 16.784 2672.437 5104.764 0.0004011938651816225 0.000766341732284054 0.12202097235462346 2.5074616573851407e-05 4.789635826775337e-05 0.007626310772163966
1024 2 1.13 2216.427 2499.669 0.0016386169528845621 0.001848019357280885 3.6247787610619473 0.00010241355955528513 0.00011550120983005531 0.2265486725663717
1024 4 0.944 2305.963 2521.253 0.003249178087244715 0.0035525288133417578 8.677966101694915 0.0002030736304527947 0.00022203305083385986 0.5423728813559322
1024 8 0.891 1.83 4243.494 0.0038609692861590007 8.953005464480874 18.388327721661057 0.00024131058038493754 0.5595628415300546 1.149270482603816
1024 16 0.951 0.956 1995.695 0.016419342635021886 34.27615062761507 34.45636172450053 0.0010262089146888679 2.1422594142259417 2.1535226077812832
1024 32 0.949 0.961 1964.439 0.03336117843313027 68.19562955254943 69.05795574288726 0.002085073652070642 4.26222684703434 4.316122233930454
1024 64 0.975 368.758 4189.785 0.03128370548846779 0.35544178024612355 134.4328205128205 0.001955231593029237 0.022215111265382722 8.402051282051282
1024 128 1.162 1.187 629.665 0.41632296538635627 220.84582982308342 225.59724612736665 0.026020185336647267 13.802864363942714 14.099827882960415
1024 256 1.33 1.339 594.438 0.8819893748380825 391.55190440627337 394.2015037593985 0.055124335927380155 24.471994025392085 24.637593984962407
1024 512 1.803 1.804 1344.194 0.7800778756637807 581.250554323725 581.5729339988908 0.048754867228986296 36.328159645232816 36.348308374930674
1024 1024 2.943 2.967 1943.19 1.0792315728261261 706.8257499157398 712.5898742779477 0.06745197330163288 44.17660936973374 44.53686714237173
1024 2048 5.221 5.242 16.524 253.83103364802713 800.1342998855399 803.3526144416778 15.864439603001696 50.008393742846245 50.20953840260486
1024 4096 9.778 9.788 9.82 854.237067209776 857.0298324478954 857.9063203109021 53.389816700611 53.56436452799346 53.61914501943138
1024 8192 18.907 18.91 18.936 885.9957752429236 887.213960867266 887.3547363410378 55.37473595268273 55.450872554204125 55.45967102131486
1024 16384 37.141 37.155 37.169 902.7531545104794 903.093311801911 903.4337255324307 56.42207215690496 56.44333198761944 56.46460784577692
1024 32768 73.665 124.102 295.891 226.80265367990242 540.7557009556655 911.0006651734202 14.175165854993901 33.79723130972909 56.93754157333876
1024 65536 146.562 146.643 158.593 846.302976802255 915.2685637909753 915.7744026418853 52.89393605014094 57.20428523693596 57.23590016511783
1024 131072 292.614 292.623 292.635 917.3046833085587 917.3423005026947 917.370515423049 57.331542706784916 57.33389378141842 57.335657213940564
1024 262144 630.288 821.255 1947.073 275.7322976591016 653.7201137283791 851.7866626050314 17.23326860369385 40.8575071080237 53.236666412814465
1024 524288 1249.96 1787.116 3707.141 289.64148490710227 600.8237987909012 859.0209478703318 18.10259280669389 37.55148742443132 53.68880924189574

2048 1 2618.239 2699.825 3801.847 0.001077371077794556 0.0015171353698850852 0.0015644102772894302 6.733569236215976e-05 9.482096061781783e-05 9.777564233058938e-05
2048 2 1.674 2130.121 4307.991 0.0019015824313467695 0.0038457909198585435 4.8936678614097975 0.00011884890195917309 0.00024036193249115897 0.30585424133811234
2048 4 0.984 1381.063 2020.837 0.00810753168117963 0.011863325568782886 16.650406504065042 0.0005067207300737268 0.0007414578480489304 1.0406504065040652
2048 8 0.94 1349.865 2258.745 0.014507171017534074 0.024275020094602053 34.859574468085114 0.0009066981885958796 0.0015171887559126283 2.1787234042553196
2048 16 0.962 7.402 2640.615 0.024818460850976005 8.853823291002431 68.12474012474013 0.0015511538031860003 0.553363955687652 4.257796257796258
2048 32 1.028 9.221 2085.283 0.06285573708700451 14.214510356794275 127.50194552529184 0.003928483567937782 0.8884068972996422 7.96887159533074
2048 64 1.167 2.182 1196.65 0.21906488948314043 120.13932172318974 224.63067694944303 0.013691555592696277 7.508707607699359 14.03941730934019
2048 128 1.362 1.434 873.793 0.6000139621168858 365.6122733612274 384.93979441997067 0.037500872632305365 22.85076708507671 24.058737151248167
2048 256 1.895 1.914 4.936 212.43435980551055 547.8453500522467 553.3382585751979 13.27714748784441 34.240334378265416 34.58364116094987
2048 512 2.972 3.013 3.432 611.0582750582751 696.0345170925988 705.6366083445491 38.19114219114219 43.50215731828742 44.10228802153432
2048 1024 5.231 5.261 5.751 729.3173361154581 797.2446302984224 801.8168610208375 45.582333507216134 49.8277893936514 50.11355381380234
2048 2048 9.971 10.278 11.263 744.7933942999201 816.1712395407667 841.3005716578077 46.54958714374501 51.01070247129792 52.58128572861298
2048 4096 18.657 20.061 20.577 815.3382903241483 836.3100543342805 899.245109074342 50.958643145259266 52.26937839589253 56.20281931714638
2048 8192 37.128 42.122 42.404 791.303461937553 796.6011110583544 903.750053867701 49.456466371097065 49.78756944114715 56.48437836673131
2048 16384 83.825 125.174 2649.282 25.330962879753834 536.1246265198844 800.5829287205488 1.5831851799846146 33.50778915749277 50.0364330450343
2048 32768 168.702 170.01 5788.864 23.185503753413453 789.4696076701372 795.5906154046781 1.4490939845883408 49.341850479383574 49.724413462792384
2048 65536 339.502 483.715 3897.091 68.88098225060693 554.9454864951471 790.6741521404882 4.305061390662933 34.68409290594669 49.417134508780514
2048 131072 697.475 720.023 1879.441 285.65457069415856 745.6302257011235 769.7349897845801 17.85341066838491 46.60188910632022 48.108436861536255
2048 262144 1389.01 2008.788 4015.125 267.4242580243455 534.5222213593471 773.0267053512935 16.714016126521592 33.407638834959194 48.31416908445584

4096 1 2386.407 3966.845 4637.009 0.0017666560491903295 0.0020651172405274218 0.003432775716799356 0.00011041600307439559 0.00012906982753296386 0.00021454848229995974
4096 2 952.885 2314.474 2964.066 0.005527542234214758 0.007078930245057841 0.01719410002256306 0.00034547138963842236 0.00044243314031611506 0.0010746312514101912
4096 4 2.903 2072.372 3789.657 0.008646692827345589 0.01581183301067569 11.287633482604203 0.0005404183017090993 0.0009882395631672306 0.7054770926627627
4096 8 0.717 575.566 3091.012 0.021202117623613237 0.11386357081551031 91.40306834030685 0.0013251323514758273 0.007116473175969394 5.712691771269178
4096 16 1.283 544.315 2590.671 0.050593842290279245 0.24080174163857324 102.16056118472332 0.003162115143142453 0.015050108852410827 6.3850350740452075
4096 32 1.368 1807.196 2099.241 0.12487560980373384 0.14505565528033487 191.62573099415204 0.007804725612733365 0.00906597845502093 11.976608187134502
4096 64 1.461 678.966 2088.26 0.25106452261691553 0.7721859415640843 358.8555783709788 0.01569153266355722 0.04826162134775527 22.428473648186174
4096 128 1.93 4.886 999.764 1.048823522351275 214.60826852230863 543.3036269430053 0.06555147014695469 13.41301678264429 33.95647668393783
4096 256 2.988 1812.939 2472.732 0.8481113197871828 1.1567692018319424 701.8580990629184 0.053006957486698925 0.0722980751144964 43.8661311914324
4096 512 4.714 224.928 2127.778 1.971213162275388 18.647318252952058 889.7547730165466 0.12320082264221174 1.1654573908095036 55.60967331353416
4096 1024 8.796 2054.396 2561.823 3.2744682204820554 4.08324782563829 953.6844020009096 0.20465426378012846 0.25520298910239314 59.60527512505685
4096 2048 18.599 18.602 3382.372 4.960192433002639 901.9038813030858 902.0493574923383 0.31001202706266495 56.36899258144286 56.37808484327115
4096 4096 36.514 38.685 39.035 859.5986166261049 867.3757787256043 918.9470340143506 53.724913539131556 54.21098617035027 57.43418962589691
4096 8192 64.62 73.609 76.285 879.7124467457562 911.6937331032891 1038.5153822346024 54.98202792160976 56.98085831895557 64.90721138966265
4096 16384 110.703 148.073 155.452 863.4030311607443 906.4294503386843 1212.412744008744 53.962689447546516 56.65184064616777 75.7757965005465
4096 32768 616.263 2080.291 3078.627 87.19323776475683 129.0374548560754 435.5858716165014 5.449577360297302 8.064840928504713 27.224116976031336
4096 65536 1658.111 1762.63 4246.648 126.42227752335488 304.5851437908126 323.78466339105165 7.90139234520968 19.036571486925787 20.23654146194073
4096 131072 1318.819 1358.305 8187.05 131.15124788537997 790.5012673883996 814.1692104830156 8.196952992836248 49.406329211774974 50.885575655188475

8192 1 282.119 371.153 3189.038 0.005137599489250364 0.0441435203271966 0.058074784045030636 0.00032109996807814774 0.0027589700204497876 0.0036296740028144148
8192 2 1.306 1272.431 2369.346 0.013829976710872958 0.025752280477291105 25.090352220520675 0.0008643735444295599 0.001609517529830694 1.5681470137825422
8192 4 1.055 6.24 4153.41 0.015778841963591365 10.502564102564103 62.11943127962087 0.0009861776227244603 0.6564102564102564 3.8824644549763043
8192 8 1.082 1876.388 2819.718 0.046484081032216705 0.06985335655525404 121.13863216266175 0.002905255064513544 0.004365834784703378 7.571164510166359
8192 16 1.137 1000.629 4042.303 0.06485016091074816 0.26197921507371863 230.5576077396658 0.00405313505692176 0.016373700942107414 14.409850483729112
8192 32 1.366 2.467 935.661 0.56033969568038 212.52047020672882 383.8125915080527 0.03502123098002375 13.282529387920551 23.988286969253295
8192 64 1.798 2042.166 2342.323 0.44766498898742835 0.5134626666000708 583.1902113459399 0.02797906181171427 0.032091416662504424 36.449388209121246
8192 128 2.645 2130.742 2752.472 0.7619158342028547 0.9842355386058003 792.8741020793951 0.04761973963767842 0.061514721162862517 49.554631379962196
8192 256 4.345 3132.875 4938.366 0.8493303250508368 1.338803495192116 965.3173762945916 0.0530831453156773 0.08367521844950725 60.33233601841197
8192 512 9.316 1642.184 2453.037 3.4196826219906185 5.108202247738379 900.45169600687 0.21373016387441365 0.31926264048364866 56.27823100042937
8192 1024 15.554 16.392 1381.588 12.14342915543563 1023.500244021474 1078.6431786035746 0.7589643222147269 63.96876525134213 67.41519866272341
8192 2048 33.967 897.556 2216.879 15.135887885626598 37.38422115166073 987.853858156446 0.9459929928516624 2.3365138219787958 61.740866134777875
8192 4096 68.291 925.263 928.439 72.28139274631937 72.52950134178066 982.689724853934 4.517587046644961 4.533093833861291 61.41810780337087
8192 8192 138.774 182.672 320.871 418.29186183855825 734.7471314706141 967.1676827071353 26.14324136490989 45.92169571691338 60.44798016919596
8192 16384 278.534 280.289 332.124 808.2386578506822 957.7095640570984 963.7439450839037 50.51491611566764 59.85684775356865 60.23399656774398
8192 32768 576.039 582.112 621.89 863.289186190484 922.2811280303448 932.0044510875133 53.95557413690525 57.64257050189655 58.25027819296958
8192 65536 1179.026 1371.792 1641.331 654.189693608419 782.7293233959668 910.70241368723 40.88685585052619 48.92058271224793 56.918900855451874

16384 1 36.767 1782.43 5360.012 0.006113419149061607 0.01838389165352917 0.8912339869992113 0.00038208869681635043 0.0011489932283455732 0.055702124187450706
16384 2 1.443 966.899 2924.895 0.02240627441326954 0.06777957159951557 45.41649341649342 0.0014003921508293463 0.004236223224969723 2.8385308385308385
16384 4 1.181 2262.019 3045.012 0.043044822155052266 0.05794469454058521 110.98391193903473 0.0026903013846907666 0.003621543408786576 6.93649449618967
16384 8 1.208 11.063 4078.317 0.06427749485878612 23.695561782518304 217.00662251655632 0.004017343428674132 1.480972611407394 13.56291390728477
16384 16 1.41 2.463 5.426 96.62513822336896 212.86561104344298 371.8354609929079 6.03907113896056 13.304100690215186 23.239716312056743
16384 32 1.839 1.852 3.445 304.3761973875182 566.1857451403888 570.1881457313758 19.023512336719886 35.3866090712743 35.63675910821099
16384 64 2.68 2.697 2.722 770.4452608376195 777.5869484612532 782.5194029850746 48.152828802351216 48.599184278828325 48.907462686567165
16384 128 4.41 4.43 4.475 937.2746368715085 946.7954853273138 951.0893424036282 58.57966480446928 59.174717832957114 59.44308390022676
16384 256 7.843 7.909 7.992 1049.6256256256256 1060.640788974586 1069.5662374091548 65.6016016016016 66.29004931091163 66.84788983807218
16384 512 14.867 14.9 14.91 1125.2324614352785 1125.9876510067115 1128.486984596758 70.32702883970491 70.37422818791947 70.53043653729738
16384 1024 28.584 28.608 28.61 1172.8218105557498 1172.903803131991 1173.8886090120347 73.30136315973436 73.30648769574944 73.36803806325217
16384 2048 56.041 56.138 56.151 1195.1499349967053 1195.4266984929995 1197.495833407684 74.69687093729408 74.71416865581247 74.84348958798024
16384 4096 111.031 111.1 111.265 1206.288841953894 1208.0803600360039 1208.83111923697 75.39305262211838 75.50502250225024 75.55194495231062
16384 8192 220.928 221.184 223.401 1201.585740439837 1213.6296296296298 1215.0359212050985 75.09910877748982 75.85185185185186 75.93974507531865
16384 16384 486.644 858.404 1160.759 462.5171219865623 625.4291825294384 1103.210790639564 28.907320124160144 39.0893239080899 68.95067441497275
16384 32768 1392.36 2637.823 3369.166 318.6966222501355 407.05605493621067 771.1668131804994 19.918538890633467 25.441003433513167 48.19792582378121

32768 1 10.986 766.316 2764.721 0.02370438102072506 0.08552085562613856 5.96541052248316 0.0014815238137953163 0.00534505347663366 0.3728381576551975
32768 2 2.523 874.688 2504.895 0.052326345016457776 0.14985000365844736 51.95085216012683 0.003270396563528611 0.00936562522865296 3.246928260007927
32768 4 1.702 716.125 7848.591 0.03340013513253526 0.3660589980799442 154.021151586369 0.0020875084457834536 0.02287868737999651 9.626321974148063
32768 8 1.655 2236.952 3529.952 0.14852553235851365 0.23437606171254455 316.790332326284 0.009282845772407103 0.014648503857034034 19.79939577039275
32768 16 1.953 2851.262 4016.51 0.26106644823491043 0.3677585574387762 536.905273937532 0.016316653014681902 0.022984909839923514 33.55657962109575
32768 32 2.805 1373.676 2012.272 1.0421811763022097 1.5266715004120333 747.6477718360071 0.06513632351888811 0.09541696877575208 46.727985739750444
32768 64 4.406 5.912 3159.983 1.327318533042741 709.4560216508796 951.9527916477532 0.08295740831517132 44.341001353179976 59.497049477984575
32768 128 7.973 53.813 1898.17 4.419313338636687 155.88441454667088 1052.1269283832937 0.27620708366479296 9.74277590916693 65.75793302395586
32768 256 14.393 14.798 1966.728 8.530521759999349 1133.7488849844574 1165.6510803862989 0.5331576099999593 70.85930531152859 72.85319252414368
32768 512 27.119 27.331 994.538 33.73871284958443 1227.7059749002965 1237.303440392345 2.108669553099027 76.73162343126853 77.33146502452156
32768 1024 53.064 53.119 2186.238 30.696046816494825 1263.368361603193 1264.6778230061814 1.9185029260309265 78.96052260019957 79.04236393788634
32768 2048 104.862 132.803 2119.473 63.32599094208798 1010.6528316378397 1279.946291316206 3.9578744338804985 63.16580197736498 79.99664320726288
32768 4096 208.633 222.954 1463.348 183.43924753373773 1203.994797133041 1286.6394865625284 11.464952970858608 75.24967482081506 80.41496791015803
32768 8192 415.509 418.747 432.016 1242.7107144179845 1282.0889749657908 1292.0801041614022 77.66941965112403 80.13056093536193 80.75500651008764
32768 16384 856.489 1654.109 2322.567 462.3082236163693 649.1360750712317 1253.6551245842038 28.89426397602308 40.571004691951984 78.35344528651274

65536 1 280.311 1982.211 2583.748 0.05072940549929793 0.0661241411736692 0.4675949213552091 0.0031705878437061205 0.004132758823354325 0.029224682584700568
65536 2 5.549 1934.768 1948.042 0.13456794052694965 0.13549118033790097 47.24166516489457 0.008410496282934353 0.00846819877111881 2.9526040728059106
65536 4 2.781 4.804 6.022 87.06210561275324 109.13572023313905 188.5249910104279 5.441381600797078 6.820982514571191 11.782811938151744
65536 8 2.522 2.886 3.078 340.6679662118259 363.33194733194733 415.77160983346556 21.29174788823912 22.70824670824671 25.985725614591598
65536 16 3.627 3.713 3.824 548.4184100418411 564.8133584702397 578.2056796250346 34.27615062761507 35.30083490438998 36.13785497656466
65536 32 4.549 5.223 5.355 783.2500466853407 803.0449932988705 922.0276983952517 48.9531279178338 50.19031208117941 57.62673114970323
65536 64 8.275 8.337 8.433 994.7359184157476 1006.1902362960299 1013.7290634441089 62.170994900984226 62.88688976850187 63.358066465256805
65536 128 14.518 14.571 14.755 1137.0529312097594 1151.4114336696177 1155.6148229783716 71.06580820060996 71.96321460435111 72.22592643614823
65536 256 27.098 27.272 36.71 914.0406428766005 1230.361982986213 1238.2623071813418 57.12754017978753 76.89762393663831 77.39139419883386
65536 512 51.627 52.458 63.618 1054.8722688547268 1279.2875061954326 1299.8792104906347 65.92951680342043 79.95546913721454 81.24245065566467
65536 1024 102.354 104.695 208.748 642.9653361948378 1281.9879459382016 1311.3090646188718 40.185333512177365 80.1242466211376 81.95681653867949
65536 2048 203.009 203.187 217.664 1233.2561011467217 1321.1251507232253 1322.2835243757668 77.0785063216701 82.57032192020158 82.64272027348542
65536 4096 403.773 404.004 410.745 1307.0662138309658 1328.8752388590212 1329.635493210294 81.69163836443536 83.05470242868883 83.10221832564338
65536 8192 824.443 1025.648 4024.088 266.82861408597427 1046.8911595401153 1302.3845481130897 16.67678838037339 65.4306974712572 81.39903425706811

131072 1 5.52 276.202 4676.887 0.05605095868255958 0.9491024684832116 47.489855072463776 0.003503184917659974 0.05931890428020072 2.968115942028986
131072 2 11.624 66.168 6237.2 0.0840582312576156 7.923588441542739 45.10392291810048 0.005253639453600975 0.4952242775964212 2.81899518238128
131072 4 8.989 9.171 3961.572 0.26468684653465846 114.3360593174136 116.65101791077983 0.016542927908416154 7.14600370733835 7.290688619423739
131072 8 6.768 9.667 16.261 128.96820613738393 216.9392779559326 309.86288416075655 8.060512883586496 13.558704872245787 19.366430260047284
131072 16 7.641 9.975 11.263 372.39669714996006 420.4816040100251 548.9208218819526 23.274793571872504 26.280100250626568 34.30755136762204
131072 32 11.042 11.577 11.71 716.3627668659266 724.5925542022977 759.7000543379822 44.77267292912041 45.28703463764361 47.48125339612389
131072 64 16.503 17.136 7010.406 2.3931874986983637 979.062558356676 1016.6161304005333 0.14957421866864773 61.19140989729225 63.53850815003333
131072 128 24.984 29.496 5086.121 6.597253978031589 1137.5926227285056 1343.0368235670828 0.41232837362697433 71.0995389205316 83.93980147294268
131072 256 41.685 53.983 59.876 1120.797381254593 1243.1481021803163 1609.9043780736474 70.04983632841206 77.69675638626977 100.61902362960296
131072 512 102.623 1356.07 1434.951 93.53471163823713 98.97551601318517 1307.871802617347 5.84591947738982 6.185969750824073 81.74198766358418
131072 1024 238.196 1902.862 4175.257 64.29195999192386 141.06932399722103 1126.9519891182051 4.018247499495241 8.816832749826315 70.43449931988782
131072 2048 1009.877 2649.087 4261.938 125.96872878019343 202.662619989453 531.6201002696369 7.873045548762089 12.666413749340812 33.2262562668523
131072 4096 802.557 811.862 1868.445 574.671357198098 1322.566919008403 1337.901013884372 35.916959824881125 82.66043243802518 83.61881336777326

262144 1 303.644 476.637 7201.567 0.07280193324591717 1.0999733549850306 1.72665358116742 0.004550120827869823 0.06874833468656441 0.10791584882296375
262144 2 11.092 80.915 8835.95 0.11867156332935339 12.958981647407773 94.53443923548504 0.007416972708084587 0.8099363529629858 5.908402452217815
262144 4 10.583 17.315 243.817 8.601336248087705 121.11764366156511 198.1623358216007 0.5375835155054816 7.5698527288478195 12.385145988850043
262144 8 12.447 15.185 3008.311 1.3942388270361676 276.21363187355945 336.9730858841488 0.08713992668976048 17.263351992097466 21.0608178677593
262144 16 14.946 15.229 20.927 400.85095809241653 550.8311773589862 561.261073196842 25.053184880776033 34.42694858493664 35.07881707480262
262144 32 20.268 21.596 21.679 773.8925227178377 776.8668271902204 827.7686994276693 48.368282669864854 48.554176699388776 51.73554371422933
262144 64 33.452 35.474 4782.928 7.015458313401331 945.8880306703502 1003.062059069712 0.4384661445875832 59.11800191689689 62.691378691857
262144 128 57.846 57.891 6659.783 10.076734332034542 1159.2279283481025 1160.1297237492654 0.6297958957521589 72.45174552175641 72.50810773432909
262144 256 106.608 108.184 1489.127 90.13182085879848 1240.643052577091 1258.9836410025514 5.633238803674905 77.5401907860682 78.68647756265946
262144 512 205.042 231.573 244.156 1099.442389292092 1159.1828753783905 1309.1730279650023 68.71514933075575 72.4489297111494 81.82331424781265
262144 1024 409.151 424.531 436.539 1229.8349334194654 1264.6212220073446 1312.1583767362172 76.86468333871659 79.03882637545904 82.00989854601357
262144 2048 800.784 801.777 2712.942 395.78502747202117 1339.2025762774438 1340.8632340306501 24.736564217001323 83.70016101734024 83.80395212691563

524288 1 1910.718 2392.134 3932.719 0.2666287624414559 0.43834333695353184 0.5487863724526592 0.016664297652590993 0.02739645855959574 0.0342991482782912
524288 2 86.531 1794.556 4284.544 0.4894691243688944 1.1686188672852784 24.23584611295374 0.0305918202730559 0.0730386792053299 1.5147403820596088
524288 4 26.588 54.217 5473.121 0.7663459294979957 77.36141800542266 157.75176771475856 0.047896620593624734 4.8350886253389165 9.85948548217241
524288 8 28.049 28.732 6143.426 1.3654609008068137 291.96046220242243 299.0697707583158 0.08534130630042586 18.247528887651402 18.69186067239474
524288 16 35.756 36.72 4633.21 3.621078258917683 456.89586056644885 469.2140060409442 0.2263173911823552 28.555991285403053 29.32587537755901
524288 32 45.343 46.065 3985.2 8.419761116129681 728.4148920004342 740.0134971219372 0.5262350697581051 45.525930750027136 46.25084357012108
524288 64 72.085 108.747 2997.132 22.391027155293795 617.1100260237065 930.9684955261151 1.3994391972058622 38.569376626481656 58.185530970382196
524288 128 118.488 120.856 4423.281 30.343477613111173 1110.559078572847 1132.7537640942544 1.8964673508194483 69.40994241080294 70.7971102558909
524288 256 214.633 216.054 4246.877 63.20773029216527 1242.4461292084386 1250.671872452046 3.9504831432603296 77.65288307552741 78.16699202825288
524288 512 415.134 417.49 1351.696 397.1831772824659 1285.9491532731324 1293.247269556336 24.82394858015412 80.37182207957078 80.827954347271
524288 1024 798.733 804.017 2582.047 415.84906239119584 1335.4715435121395 1344.3063251424446 25.99056639944974 83.46697146950872 84.01914532140279

1048576 1 40.502 268.11 413.093 5.076706698007471 7.821983514229235 51.778973877833195 0.31729416862546694 0.48887396963932717 3.2361858673645747
1048576 2 54.771 62.315 140.947 29.75802251910293 67.3080959640536 76.5789195011959 1.8598764074439331 4.20675599775335 4.786182468824744
1048576 4 70.935 70.969 2192.759 3.825595060834319 118.20101734560163 118.25767251709313 0.23909969130214495 7.387563584100102 7.39110453231832
1048576 8 82.498 773.77 3183.682 5.269752443868453 21.682432764258113 203.36512400300612 0.3293595277417783 1.355152047766132 12.710320250187882
1048576 16 79.915 1090.246 2764.378 12.138148979625797 30.776936581285327 419.87651880122627 0.7586343112266123 1.923558536330333 26.24228242507664
1048576 32 172.427 1143.893 4003.673 16.761824454694477 58.66708162389315 389.2015983575659 1.0476140284184048 3.6666926014933217 24.32509989734787
1048576 64 150.325 2281.65 4246.364 31.607683184955413 58.82485394341814 892.8503442541163 1.9754801990597133 3.676553371463634 55.80314651588227
1048576 128 258.279 1681.732 2164.022 124.04469825168138 159.61845050222033 1039.3235841860935 7.752793640730086 9.97615315638877 64.95772401163084
1048576 256 442.522 985.366 4327.897 124.04891151522322 544.844161458788 1213.2072800900296 7.7530569697014515 34.05276009117425 75.82545500562685
1048576 512 866.79 2040.558 4634.09 231.70500011868566 526.2001001686793 1238.756589254606 14.481562507417854 32.88750626054246 77.42228682841288

2097152 1 153.588 712.655 2769.89 1.514249302318865 5.885462109997124 27.308800166679692 0.09464058139492906 0.36784138187482024 1.7068000104174808
2097152 2 397.492 411.699 2581.955 3.2489365616364347 20.37558507550419 21.103841083594137 0.20305853510227717 1.273474067219012 1.3189900677246336
2097152 4 169.997 787.751 5089.472 3.29645511361493 21.29761307824427 98.69124749260281 0.2060284446009331 1.331100817390267 6.168202968287676
2097152 8 154.505 203.094 6703.721 5.005344345327021 165.21626438988844 217.17376136694608 0.3128340215829388 10.326016524368027 13.57336008543413
2097152 16 160.45 191.218 263.235 254.93898607707942 350.9547427543432 418.25406045497044 15.933686629817464 21.93467142214645 26.140878778435653
2097152 32 200.115 205.198 246.163 545.2392439156168 654.0888702618935 670.7029857831747 34.07745274472605 40.88055439136834 41.918936611448416
2097152 64 249.721 313.779 832.523 322.4360840481284 855.4921011285014 1074.9414586678733 20.152255253008025 53.46825632053134 67.18384116674208
2097152 128 501.063 782.504 863.585 621.6769767886195 686.0935049533293 1071.4638917661055 38.85481104928872 42.88084405958308 66.96649323538159
2097152 256 744.233 924.661 990.956 1083.5413721699047 1161.227546095272 1442.7495475207363 67.72133576061904 72.5767216309545 90.17184672004602

4194304 1 1567.413 1954.356 4149.049 2.02181463752296 4.292262003442566 5.351881093240902 0.126363414845185 0.2682663752151604 0.33449256832755636
4194304 2 328.435 3374.188 3374.653 4.971538110733164 4.972223243043956 51.08230243427162 0.31072113192082274 0.31076395269024726 3.192643902141976
4194304 4 260.332 364.522 402.455 83.37436980531986 92.05049900966198 128.89092389717746 5.210898112832491 5.7531561881038735 8.055682743573591
4194304 8 745.242 1065.485 1069.117 62.77036470283422 62.98433483343267 90.04976101722663 3.923147793927139 3.936520927089542 5.628110063576664
4194304 16 279.775 1126.31 1130.887 118.68358907653905 119.1658850582877 479.7345295326603 7.417724317283691 7.447867816142981 29.98340809579127
4194304 32 1274.632 1285.59 3225.597 83.22039486023827 208.8033167650651 210.59839702753422 5.201274678764892 13.050207297816568 13.162399814220889
4194304 64 1502.574 1593.186 1762.133 304.67105036906975 336.97943115242043 357.30081313798854 19.04194064806686 21.061214447026277 22.331300821124284
4194304 128 1912.298 2023.928 2875.102 373.4621672552835 530.5237261404557 561.4929388620393 23.341385453455217 33.15773288377848 35.093308678877456

8388608 1 1901.708 2130.42 3606.128 4.6524183279129305 7.875074398475419 8.822183006013542 0.29077614549455816 0.49219214990471366 0.5513864378758464
8388608 2 3040.171 3360.803 3482.757 9.634445354642889 9.984052025661725 11.037021272816563 0.6021528346651805 0.6240032516038578 0.6898138295510352
8388608 4 3065.941 3259.19 3433.676 19.544320430931748 20.590657187828878 21.8885047037761 1.2215200269332342 1.2869160742393049 1.3680315439860062
8388608 8 3331.565 3455.432 4482.278 29.944088251554234 38.84253199021136 40.28669048930458 1.8715055157221396 2.42765824938821 2.5179181555815364
8388608 16 4307.14 4346.025 4544.817 59.06408464851281 61.765741338349414 62.32336445994326 3.6915052905320507 3.8603588336468384 3.8952102787464535
8388608 32 2135.142 3906.416 4192.803 128.04582328337392 137.43311311442508 251.445061733599 8.00286395521087 8.589569569651568 15.715316358349938
8388608 64 3627.44 3766.722 5122.026 209.6322478644193 285.0600134546696 296.0053988487749 13.102015491526206 17.81625084091685 18.500337428048432

16777216 1 3046.851 6688.431 8930.392 3.75733024933284 5.016786747145931 11.012823403573066 0.2348331405833025 0.31354917169662067 0.6883014627233166
16777216 2 6651.243 8520.525 9153.595 7.331421589004103 7.876141904401432 10.089672561955712 0.45821384931275644 0.4922588690250895 0.630604535122232
16777216 4 7078.89 7576.4 8032.137 16.710089481790465 17.715237843830845 18.96027880077244 1.044380592611904 1.1072023652394278 1.1850174250482775
16777216 8 3199.066 6792.133 9092.193 29.523730523538163 39.521525270485725 83.9105713980268 1.8452331577211352 2.470095329405358 5.244410712376675
16777216 16 7449.637 7514.125 8902.126 60.30816818364512 71.4482274383245 72.06672110332357 3.76926051147782 4.465514214895281 4.504170068957723
16777216 32 7278.714 8883.133 10120.147 106.0994295833845 120.87422579398509 147.5180676146913 6.631214348961532 7.554639112124068 9.219879225918206

33554432 1 6711.76 7214.252 7481.377 8.970121944128735 9.30226224423544 9.998698403995375 0.5606326215080459 0.581391390264715 0.6249186502497109
33554432 2 13501.362 14097.972 14256.434 9.41453718370246 9.520357112356303 9.94105098433773 0.5884085739814038 0.5950223195222689 0.6213156865211081
33554432 4 13732.588 13788.298 15819.756 16.96836891795297 19.468353236925978 19.547331937723612 1.0605230573720605 1.2167720773078736 1.2217082461077258
33554432 8 14259.769 15082.202 15631.706 34.344998044359336 35.596321545090035 37.64934144445117 2.1465623777724585 2.224770096568127 2.353083840278198
33554432 16 12721.742 14304.951 14349.74 74.82656995875884 75.06085298719304 84.40210656685225 4.676660622422427 4.691303311699565 5.275131660428266

67108864 1 12927.971 14425.774 15757.878 8.517500135487786 9.30402264724236 10.381963882808835 0.5323437584679866 0.5815014154526476 0.6488727426755522
67108864 2 28161.561 29661.494 30002.716 8.947038528111923 9.049964104977315 9.531980702348141 0.5591899080069952 0.5656227565610822 0.5957487938967588
67108864 4 28649.92 31065.833 33155.373 16.19257644907207 17.28171628296592 18.73900213333929 1.0120360280670044 1.08010726768537 1.1711876333337057
67108864 8 27331.451 27848.608 31585.536 33.99473176583105 38.55639118479459 39.285942923410836 2.1246707353644405 2.409774449049662 2.4553714327131773

134217728 1 26843.021 30047.488 46947.775 5.717746069968172 8.933707070621011 10.00019543254837 0.35735912937301073 0.5583566919138132 0.6250122145342731
134217728 2 55886.914 56307.359 66981.821 8.0151734304148 9.534649138845246 9.606379625827973 0.500948339400925 0.5959155711778279 0.6003987266142483
134217728 4 55427.852 59265.965 70719.813 15.1830410524417 18.117343132774437 19.37188228041022 0.9489400657776063 1.1323339457984023 1.2107426425256387

268435456 1 57002.778 59630.19 61756.802 8.693308180044685 9.003340623264826 9.41832891021557 0.5433317612527928 0.5627087889540516 0.5886455568884731
268435456 2 112834.142 115455.594 124351.026 8.634764493217773 9.300041572693308 9.516107491649114 0.5396727808261108 0.5812525982933318 0.5947567182280696

536870912 1 113522.519 125813.334 153008.835 7.017515191197948 8.53440402429841 9.45840379035282 0.4385946994498717 0.5334002515186507 0.5911502368970513

META_DATA
FLOPS          1
OPENMP_THREADS 4
ERT_VERSION  1.1.0
HOSTNAME  ('minahil-k', [], ['2404:3100:104b:39a1:7128:cd83:7620:4e0'])
UNAME  uname_result(system='Linux', node='minahil-k', release='6.17.0-20-generic', version='#20~24.04.1-Ubuntu SMP PREEMPT_DYNAMIC Thu Mar 19 01:28:37 UTC 2', machine='x86_64')
TIMESTAMP_DATA  1778179003.5735326
CONFIG  {'ERT_RESULTS': ['Results'], 'ERT_DRIVER': ['driver1'], 'ERT_KERNEL': ['kernel1'], 'ERT_MPI': ['False'], 'ERT_MPI_CFLAGS': [], 'ERT_MPI_LDFLAGS': [], 'ERT_MPI_PROCS': ['1'], 'ERT_OPENMP': ['True'], 'ERT_OPENMP_CFLAGS': ['-fopenmp'], 'ERT_OPENMP_LDFLAGS': ['-fopenmp'], 'ERT_OPENMP_THREADS': ['1,2,4'], 'ERT_GPU': ['False'], 'ERT_GPU_CFLAGS': [], 'ERT_GPU_LDFLAGS': [], 'ERT_GPU_BLOCKS': ['1'], 'ERT_GPU_THREADS': ['1'], 'ERT_HIP': ['False'], 'ERT_OCL': ['False'], 'ERT_SYCL': ['False'], 'ERT_FLOPS': ['1,2,4,8,16'], 'ERT_ALIGN': ['32'], 'ERT_CC': ['g++'], 'ERT_CFLAGS': ['-O3', '-mavx2', '-march=native', '-ffast-math'], 'ERT_LD': ['g++'], 'ERT_LDFLAGS': [], 'ERT_LDLIBS': [], 'ERT_PRECISION': ['FP64'], 'ERT_PROCS_THREADS': ['4'], 'ERT_BLOCKS_THREADS': ['1'], 'ERT_WORKING_SET_MIN': ['1'], 'ERT_MEMORY_MAX': ['536870912'], 'ERT_WSS_MULT': ['2.0'], 'ERT_TRIALS_MIN': ['1'], 'ERT_NUM_EXPERIMENTS': ['3'], 'ERT_RUN': ['OMP_NUM_THREADS=ERT_OPENMP_THREADS', './ERT_CODE'], 'ERT_GNUPLOT': ['False']}
TIMESTAMP_DATA  1778179008.4559002
TIMESTAMP_DATA  1778179013.4534883
