fp64
          32            1        6462.423           64            4
          32            2        2163.935          128            8
          32            4         287.941          256           16
          32            8          63.143          512           32
          32           16           4.410         1024           64
          32           32        2555.714         2048          128
          32           64        4278.195         4096          256
          32          128        2902.274         8192          512
          32          256        3919.707        16384         1024
          32          512        2158.550        32768         2048
          32         1024        1222.668        65536         4096
          32         2048        1978.333       131072         8192
          32         4096        3291.973       262144        16384
          32         8192        1840.264       524288        32768
          32        16384        1915.543      1048576        65536
          32        32768          19.932      2097152       131072
          32        65536          53.888      4194304       262144
          32       131072        2999.350      8388608       524288
          32       262144         119.976     16777216      1048576
          32       524288        1308.507     33554432      2097152
          32      1048576         864.835     67108864      4194304
          32      2097152        8952.851    134217728      8388608
          32      4194304       17730.754    268435456     16777216
          32      8388608       12254.095    536870912     33554432
          32     16777216       28838.004   1073741824     67108864
          64            1           4.806          128            8
          64            2        6566.210          256           16
          64            4        6685.665          512           32
          64            8        5223.562         1024           64
          64           16           4.678         2048          128
          64           32        3214.160         4096          256
          64           64       11045.951         8192          512
          64          128        6225.081        16384         1024
          64          256        4442.698        32768         2048
          64          512           7.713        65536         4096
          64         1024           3.608       131072         8192
          64         2048          79.035       262144        16384
          64         4096          14.030       524288        32768
          64         8192          10.464      1048576        65536
          64        16384          12.595      2097152       131072
          64        32768          19.900      4194304       262144
          64        65536        3751.194      8388608       524288
          64       131072        4231.832     16777216      1048576
          64       262144        4518.074     33554432      2097152
          64       524288        5365.416     67108864      4194304
          64      1048576        5502.336    134217728      8388608
          64      2097152        1174.333    268435456     16777216
          64      4194304        8007.533    536870912     33554432
          64      8388608       25828.881   1073741824     67108864
         128            1           5.196          256           16
         128            2         936.226          512           32
         128            4        2305.963         1024           64
         128            8           7.331         2048          128
         128           16        5515.481         4096          256
         128           32        1507.750         8192          512
         128           64           3.011        16384         1024
         128          128        1590.098        32768         2048
         128          256        1047.986        65536         4096
         128          512          90.879       131072         8192
         128         1024           3.040       262144        16384
         128         2048        2854.292       524288        32768
         128         4096           8.674      1048576        65536
         128         8192        1603.020      2097152       131072
         128        16384        3187.151      4194304       262144
         128        32768        3696.243      8388608       524288
         128        65536        3429.455     16777216      1048576
         128       131072        2435.363     33554432      2097152
         128       262144        4147.495     67108864      4194304
         128       524288        4132.540    134217728      8388608
         128      1048576        3161.807    268435456     16777216
         128      2097152        6913.344    536870912     33554432
         128      4194304       14417.592   1073741824     67108864
         256            1        5680.219          512           32
         256            2        5771.231         1024           64
         256            4        3329.773         2048          128
         256            8        1291.046         4096          256
         256           16         624.441         8192          512
         256           32           8.655        16384         1024
         256           64           9.580        32768         2048
         256          128          88.855        65536         4096
         256          256        1822.338       131072         8192
         256          512        6553.217       262144        16384
         256         1024        2708.378       524288        32768
         256         2048           3.538      1048576        65536
         256         4096           7.720      2097152       131072
         256         8192        1769.818      4194304       262144
         256        16384        4029.055      8388608       524288
         256        32768        1464.923     16777216      1048576
         256        65536        2356.562     33554432      2097152
         256       131072         109.521     67108864      4194304
         256       262144         229.269    134217728      8388608
         256       524288         460.714    268435456     16777216
         256      1048576        1587.589    536870912     33554432
         256      2097152        2470.464   1073741824     67108864
         512            1           2.130         1024           64
         512            2        4367.106         2048          128
         512            4        8175.878         4096          256
         512            8        4094.807         8192          512
         512           16        3232.018        16384         1024
         512           32        4977.885        32768         2048
         512           64        1855.041        65536         4096
         512          128           5.677       131072         8192
         512          256        1596.919       262144        16384
         512          512           4.168       524288        32768
         512         1024           4.750      1048576        65536
         512         2048         587.932      2097152       131072
         512         4096        2625.989      4194304       262144
         512         8192        1531.752      8388608       524288
         512        16384        1052.455     16777216      1048576
         512        32768        3542.423     33554432      2097152
         512        65536        2478.904     67108864      4194304
         512       131072         936.099    134217728      8388608
         512       262144        1509.530    268435456     16777216
         512       524288        3134.353    536870912     33554432
         512      1048576        3450.831   1073741824     67108864
        1024            1          16.784         2048          128
        1024            2           1.130         4096          256
        1024            4           0.944         8192          512
        1024            8           0.891        16384         1024
        1024           16           0.956        32768         2048
        1024           32           0.961        65536         4096
        1024           64         368.758       131072         8192
        1024          128           1.187       262144        16384
        1024          256           1.339       524288        32768
        1024          512           1.803      1048576        65536
        1024         1024           2.943      2097152       131072
        1024         2048           5.242      4194304       262144
        1024         4096           9.788      8388608       524288
        1024         8192          18.936     16777216      1048576
        1024        16384          37.169     33554432      2097152
        1024        32768         124.102     67108864      4194304
        1024        65536         146.562    134217728      8388608
        1024       131072         292.614    268435456     16777216
        1024       262144         630.288    536870912     33554432
        1024       524288        1787.116   1073741824     67108864
        2048            1        3801.847         4096          256
        2048            2        2130.121         8192          512
        2048            4        2020.837        16384         1024
        2048            8        1349.865        32768         2048
        2048           16        2640.615        65536         4096
        2048           32        2085.283       131072         8192
        2048           64        1196.650       262144        16384
        2048          128         873.793       524288        32768
        2048          256           4.936      1048576        65536
        2048          512           3.432      2097152       131072
        2048         1024           5.751      4194304       262144
        2048         2048          11.263      8388608       524288
        2048         4096          18.657     16777216      1048576
        2048         8192          37.128     33554432      2097152
        2048        16384        2649.282     67108864      4194304
        2048        32768        5788.864    134217728      8388608
        2048        65536        3897.091    268435456     16777216
        2048       131072        1879.441    536870912     33554432
        2048       262144        2008.788   1073741824     67108864
        4096            1        2386.407         8192          512
        4096            2        2964.066        16384         1024
        4096            4        3789.657        32768         2048
        4096            8        3091.012        65536         4096
        4096           16        2590.671       131072         8192
        4096           32        2099.241       262144        16384
        4096           64         678.966       524288        32768
        4096          128           4.886      1048576        65536
        4096          256        2472.732      2097152       131072
        4096          512        2127.778      4194304       262144
        4096         1024        2561.823      8388608       524288
        4096         2048        3382.372     16777216      1048576
        4096         4096          38.685     33554432      2097152
        4096         8192          73.609     67108864      4194304
        4096        16384         148.073    134217728      8388608
        4096        32768        2080.291    268435456     16777216
        4096        65536        1658.111    536870912     33554432
        4096       131072        1358.305   1073741824     67108864
        8192            1        3189.038        16384         1024
        8192            2        1272.431        32768         2048
        8192            4           6.240        65536         4096
        8192            8        1876.388       131072         8192
        8192           16        1000.629       262144        16384
        8192           32           2.467       524288        32768
        8192           64        2342.323      1048576        65536
        8192          128        2130.742      2097152       131072
        8192          256        4938.366      4194304       262144
        8192          512        1642.184      8388608       524288
        8192         1024          16.392     16777216      1048576
        8192         2048        2216.879     33554432      2097152
        8192         4096         928.439     67108864      4194304
        8192         8192         320.871    134217728      8388608
        8192        16384         280.289    268435456     16777216
        8192        32768         576.039    536870912     33554432
        8192        65536        1641.331   1073741824     67108864
       16384            1        5360.012        32768         2048
       16384            2        2924.895        65536         4096
       16384            4        3045.012       131072         8192
       16384            8        4078.317       262144        16384
       16384           16           2.463       524288        32768
       16384           32           1.852      1048576        65536
       16384           64           2.697      2097152       131072
       16384          128           4.475      4194304       262144
       16384          256           7.909      8388608       524288
       16384          512          14.900     16777216      1048576
       16384         1024          28.610     33554432      2097152
       16384         2048          56.138     67108864      4194304
       16384         4096         111.100    134217728      8388608
       16384         8192         221.184    268435456     16777216
       16384        16384        1160.759    536870912     33554432
       16384        32768        2637.823   1073741824     67108864
       32768            1          10.986        65536         4096
       32768            2        2504.895       131072         8192
       32768            4        7848.591       262144        16384
       32768            8        3529.952       524288        32768
       32768           16        2851.262      1048576        65536
       32768           32        2012.272      2097152       131072
       32768           64        3159.983      4194304       262144
       32768          128        1898.170      8388608       524288
       32768          256        1966.728     16777216      1048576
       32768          512         994.538     33554432      2097152
       32768         1024        2186.238     67108864      4194304
       32768         2048        2119.473    134217728      8388608
       32768         4096        1463.348    268435456     16777216
       32768         8192         418.747    536870912     33554432
       32768        16384        2322.567   1073741824     67108864
       65536            1        1982.211       131072         8192
       65536            2        1948.042       262144        16384
       65536            4           6.022       524288        32768
       65536            8           2.886      1048576        65536
       65536           16           3.824      2097152       131072
       65536           32           5.355      4194304       262144
       65536           64           8.433      8388608       524288
       65536          128          14.755     16777216      1048576
       65536          256          27.272     33554432      2097152
       65536          512          52.458     67108864      4194304
       65536         1024         208.748    134217728      8388608
       65536         2048         203.187    268435456     16777216
       65536         4096         404.004    536870912     33554432
       65536         8192        4024.088   1073741824     67108864
      131072            1         276.202       262144        16384
      131072            2          66.168       524288        32768
      131072            4           9.171      1048576        65536
      131072            8           9.667      2097152       131072
      131072           16           9.975      4194304       262144
      131072           32          11.577      8388608       524288
      131072           64          16.503     16777216      1048576
      131072          128          24.984     33554432      2097152
      131072          256          41.685     67108864      4194304
      131072          512        1434.951    134217728      8388608
      131072         1024        1902.862    268435456     16777216
      131072         2048        2649.087    536870912     33554432
      131072         4096         802.557   1073741824     67108864
      262144            1         303.644       524288        32768
      262144            2          11.092      1048576        65536
      262144            4          10.583      2097152       131072
      262144            8          12.447      4194304       262144
      262144           16          14.946      8388608       524288
      262144           32          21.679     16777216      1048576
      262144           64          35.474     33554432      2097152
      262144          128          57.846     67108864      4194304
      262144          256         106.608    134217728      8388608
      262144          512         205.042    268435456     16777216
      262144         1024         424.531    536870912     33554432
      262144         2048         800.784   1073741824     67108864
      524288            1        2392.134      1048576        65536
      524288            2          86.531      2097152       131072
      524288            4          26.588      4194304       262144
      524288            8          28.049      8388608       524288
      524288           16          36.720     16777216      1048576
      524288           32          46.065     33554432      2097152
      524288           64          72.085     67108864      4194304
      524288          128         120.856    134217728      8388608
      524288          256         216.054    268435456     16777216
      524288          512         417.490    536870912     33554432
      524288         1024         804.017   1073741824     67108864
     1048576            1          40.502      2097152       131072
     1048576            2          54.771      4194304       262144
     1048576            4          70.969      8388608       524288
     1048576            8         773.770     16777216      1048576
     1048576           16        1090.246     33554432      2097152
     1048576           32        1143.893     67108864      4194304
     1048576           64        2281.650    134217728      8388608
     1048576          128        1681.732    268435456     16777216
     1048576          256         985.366    536870912     33554432
     1048576          512        2040.558   1073741824     67108864
     2097152            1         712.655      4194304       262144
     2097152            2         411.699      8388608       524288
     2097152            4         787.751     16777216      1048576
     2097152            8         203.094     33554432      2097152
     2097152           16         160.450     67108864      4194304
     2097152           32         205.198    134217728      8388608
     2097152           64         832.523    268435456     16777216
     2097152          128         863.585    536870912     33554432
     2097152          256         990.956   1073741824     67108864
     4194304            1        4149.049      8388608       524288
     4194304            2        3374.188     16777216      1048576
     4194304            4         402.455     33554432      2097152
     4194304            8        1069.117     67108864      4194304
     4194304           16        1126.310    134217728      8388608
     4194304           32        1285.590    268435456     16777216
     4194304           64        1593.186    536870912     33554432
     4194304          128        2875.102   1073741824     67108864
     8388608            1        1901.708     16777216      1048576
     8388608            2        3360.803     33554432      2097152
     8388608            4        3259.190     67108864      4194304
     8388608            8        3331.565    134217728      8388608
     8388608           16        4307.140    268435456     16777216
     8388608           32        4192.803    536870912     33554432
     8388608           64        3766.722   1073741824     67108864
    16777216            1        3046.851     33554432      2097152
    16777216            2        8520.525     67108864      4194304
    16777216            4        7576.400    134217728      8388608
    16777216            8        9092.193    268435456     16777216
    16777216           16        7449.637    536870912     33554432
    16777216           32       10120.147   1073741824     67108864
    33554432            1        6711.760     67108864      4194304
    33554432            2       14097.972    134217728      8388608
    33554432            4       13732.588    268435456     16777216
    33554432            8       15082.202    536870912     33554432
    33554432           16       12721.742   1073741824     67108864
    67108864            1       12927.971    134217728      8388608
    67108864            2       30002.716    268435456     16777216
    67108864            4       28649.920    536870912     33554432
    67108864            8       27848.608   1073741824     67108864
   134217728            1       30047.488    268435456     16777216
   134217728            2       56307.359    536870912     33554432
   134217728            4       59265.965   1073741824     67108864
   268435456            1       59630.190    536870912     33554432
   268435456            2      115455.594   1073741824     67108864
   536870912            1      125813.334   1073741824     67108864

META_DATA
FLOPS          1
OPENMP_THREADS 4
ERT_VERSION  1.1.0
HOSTNAME  ('minahil-k', [], ['2404:3100:104b:39a1:7128:cd83:7620:4e0'])
UNAME  uname_result(system='Linux', node='minahil-k', release='6.17.0-20-generic', version='#20~24.04.1-Ubuntu SMP PREEMPT_DYNAMIC Thu Mar 19 01:28:37 UTC 2', machine='x86_64')
TIMESTAMP_DATA  1778179008.4559002
CONFIG  {'ERT_RESULTS': ['Results'], 'ERT_DRIVER': ['driver1'], 'ERT_KERNEL': ['kernel1'], 'ERT_MPI': ['False'], 'ERT_MPI_CFLAGS': [], 'ERT_MPI_LDFLAGS': [], 'ERT_MPI_PROCS': ['1'], 'ERT_OPENMP': ['True'], 'ERT_OPENMP_CFLAGS': ['-fopenmp'], 'ERT_OPENMP_LDFLAGS': ['-fopenmp'], 'ERT_OPENMP_THREADS': ['1,2,4'], 'ERT_GPU': ['False'], 'ERT_GPU_CFLAGS': [], 'ERT_GPU_LDFLAGS': [], 'ERT_GPU_BLOCKS': ['1'], 'ERT_GPU_THREADS': ['1'], 'ERT_HIP': ['False'], 'ERT_OCL': ['False'], 'ERT_SYCL': ['False'], 'ERT_FLOPS': ['1,2,4,8,16'], 'ERT_ALIGN': ['32'], 'ERT_CC': ['g++'], 'ERT_CFLAGS': ['-O3', '-mavx2', '-march=native', '-ffast-math'], 'ERT_LD': ['g++'], 'ERT_LDFLAGS': [], 'ERT_LDLIBS': [], 'ERT_PRECISION': ['FP64'], 'ERT_PROCS_THREADS': ['4'], 'ERT_BLOCKS_THREADS': ['1'], 'ERT_WORKING_SET_MIN': ['1'], 'ERT_MEMORY_MAX': ['536870912'], 'ERT_WSS_MULT': ['2.0'], 'ERT_TRIALS_MIN': ['1'], 'ERT_NUM_EXPERIMENTS': ['3'], 'ERT_RUN': ['OMP_NUM_THREADS=ERT_OPENMP_THREADS', './ERT_CODE'], 'ERT_GNUPLOT': ['False']}
