fp64
          32            1           7.861           64            4
          32            2        4188.642          128            8
          32            4        1863.780          256           16
          32            8        6473.293          512           32
          32           16        2997.385         1024           64
          32           32         571.324         2048          128
          32           64           0.881         4096          256
          32          128           0.883         8192          512
          32          256           0.968        16384         1024
          32          512           1.107        32768         2048
          32         1024           1.415        65536         4096
          32         2048           2.155       131072         8192
          32         4096           3.671       262144        16384
          32         8192           6.697       524288        32768
          32        16384          12.806      1048576        65536
          32        32768          24.947      2097152       131072
          32        65536          49.280      4194304       262144
          32       131072         169.287      8388608       524288
          32       262144         195.288     16777216      1048576
          32       524288        3118.929     33554432      2097152
          32      1048576        3056.379     67108864      4194304
          32      2097152        1996.728    134217728      8388608
          32      4194304        7712.028    268435456     16777216
          32      8388608        9404.724    536870912     33554432
          32     16777216       15195.074   1073741824     67108864
          64            1        1833.815          128            8
          64            2           1.149          256           16
          64            4           0.926          512           32
          64            8           0.885         1024           64
          64           16           0.860         2048          128
          64           32           0.862         4096          256
          64           64           0.899         8192          512
          64          128           0.897        16384         1024
          64          256           0.975        32768         2048
          64          512           1.109        65536         4096
          64         1024           1.392       131072         8192
          64         2048           2.138       262144        16384
          64         4096           3.674       524288        32768
          64         8192           6.716      1048576        65536
          64        16384          12.790      2097152       131072
          64        32768          24.949      4194304       262144
          64        65536          49.286      8388608       524288
          64       131072         106.623     16777216      1048576
          64       262144         195.299     33554432      2097152
          64       524288         393.298     67108864      4194304
          64      1048576        1721.980    134217728      8388608
          64      2097152        2507.467    268435456     16777216
          64      4194304        3360.682    536870912     33554432
          64      8388608        7384.727   1073741824     67108864
         128            1        6068.460          256           16
         128            2           7.387          512           32
         128            4        1454.186         1024           64
         128            8        1963.220         2048          128
         128           16        2249.018         4096          256
         128           32        1204.721         8192          512
         128           64        3384.433        16384         1024
         128          128        5293.795        32768         2048
         128          256           2.341        65536         4096
         128          512           3.120       131072         8192
         128         1024           3.351       262144        16384
         128         2048           3.793       524288        32768
         128         4096         628.719      1048576        65536
         128         8192          10.254      2097152       131072
         128        16384        1220.223      4194304       262144
         128        32768        1853.253      8388608       524288
         128        65536        2930.378     16777216      1048576
         128       131072        3048.857     33554432      2097152
         128       262144        2187.772     67108864      4194304
         128       524288        5378.294    134217728      8388608
         128      1048576        6632.419    268435456     16777216
         128      2097152        6401.747    536870912     33554432
         128      4194304        8744.665   1073741824     67108864
         256            1        6383.742          512           32
         256            2           1.887         1024           64
         256            4          43.527         2048          128
         256            8           3.240         4096          256
         256           16           1.829         8192          512
         256           32           1.001        16384         1024
         256           64           0.916        32768         2048
         256          128           0.939        65536         4096
         256          256           1.056       131072         8192
         256          512          56.418       262144        16384
         256         1024           9.940       524288        32768
         256         2048           2.909      1048576        65536
         256         4096           5.302      2097152       131072
         256         8192           9.783      4194304       262144
         256        16384          18.897      8388608       524288
         256        32768          37.150     16777216      1048576
         256        65536         108.903     33554432      2097152
         256       131072         146.835     67108864      4194304
         256       262144        1438.939    134217728      8388608
         256       524288         586.990    268435456     16777216
         256      1048576        1897.847    536870912     33554432
         256      2097152        3513.814   1073741824     67108864
         512            1         150.154         1024           64
         512            2        1800.706         2048          128
         512            4         345.758         4096          256
         512            8           1.798         8192          512
         512           16           1.693        16384         1024
         512           32           0.917        32768         2048
         512           64           0.922        65536         4096
         512          128           0.985       131072         8192
         512          256           1.129       262144        16384
         512          512           1.418       524288        32768
         512         1024           2.179      1048576        65536
         512         2048           3.688      2097152       131072
         512         4096           6.720      4194304       262144
         512         8192          12.803      8388608       524288
         512        16384          61.132     16777216      1048576
         512        32768          60.773     33554432      2097152
         512        65536          97.951     67108864      4194304
         512       131072         195.293    134217728      8388608
         512       262144         389.920    268435456     16777216
         512       524288         849.149    536870912     33554432
         512      1048576        1771.434   1073741824     67108864
        1024            1        5104.764         2048          128
        1024            2        2216.427         4096          256
        1024            4        2521.253         8192          512
        1024            8        4243.494        16384         1024
        1024           16        1995.695        32768         2048
        1024           32        1964.439        65536         4096
        1024           64        4189.785       131072         8192
        1024          128         629.665       262144        16384
        1024          256         594.438       524288        32768
        1024          512        1344.194      1048576        65536
        1024         1024        1943.190      2097152       131072
        1024         2048          16.524      4194304       262144
        1024         4096           9.820      8388608       524288
        1024         8192          18.910     16777216      1048576
        1024        16384          37.141     33554432      2097152
        1024        32768          73.665     67108864      4194304
        1024        65536         146.643    134217728      8388608
        1024       131072         292.635    268435456     16777216
        1024       262144        1947.073    536870912     33554432
        1024       524288        1249.960   1073741824     67108864
        2048            1        2699.825         4096          256
        2048            2           1.674         8192          512
        2048            4           0.984        16384         1024
        2048            8           0.940        32768         2048
        2048           16           0.962        65536         4096
        2048           32           1.028       131072         8192
        2048           64           1.167       262144        16384
        2048          128           1.362       524288        32768
        2048          256           1.895      1048576        65536
        2048          512           2.972      2097152       131072
        2048         1024           5.261      4194304       262144
        2048         2048          10.278      8388608       524288
        2048         4096          20.061     16777216      1048576
        2048         8192          42.404     33554432      2097152
        2048        16384          83.825     67108864      4194304
        2048        32768         168.702    134217728      8388608
        2048        65536         483.715    268435456     16777216
        2048       131072         697.475    536870912     33554432
        2048       262144        1389.010   1073741824     67108864
        4096            1        3966.845         8192          512
        4096            2         952.885        16384         1024
        4096            4           2.903        32768         2048
        4096            8           0.717        65536         4096
        4096           16           1.283       131072         8192
        4096           32           1.368       262144        16384
        4096           64           1.461       524288        32768
        4096          128           1.930      1048576        65536
        4096          256           2.988      2097152       131072
        4096          512           4.714      4194304       262144
        4096         1024           8.796      8388608       524288
        4096         2048          18.602     16777216      1048576
        4096         4096          39.035     33554432      2097152
        4096         8192          76.285     67108864      4194304
        4096        16384         155.452    134217728      8388608
        4096        32768         616.263    268435456     16777216
        4096        65536        1762.630    536870912     33554432
        4096       131072        1318.819   1073741824     67108864
        8192            1         282.119        16384         1024
        8192            2           1.306        32768         2048
        8192            4           1.055        65536         4096
        8192            8           1.082       131072         8192
        8192           16           1.137       262144        16384
        8192           32           1.366       524288        32768
        8192           64           1.798      1048576        65536
        8192          128           2.645      2097152       131072
        8192          256           4.345      4194304       262144
        8192          512           9.316      8388608       524288
        8192         1024          15.554     16777216      1048576
        8192         2048          33.967     33554432      2097152
        8192         4096          68.291     67108864      4194304
        8192         8192         138.774    134217728      8388608
        8192        16384         278.534    268435456     16777216
        8192        32768         621.890    536870912     33554432
        8192        65536        1179.026   1073741824     67108864
       16384            1        1782.430        32768         2048
       16384            2         966.899        65536         4096
       16384            4        2262.019       131072         8192
       16384            8          11.063       262144        16384
       16384           16           5.426       524288        32768
       16384           32           3.445      1048576        65536
       16384           64           2.680      2097152       131072
       16384          128           4.430      4194304       262144
       16384          256           7.992      8388608       524288
       16384          512          14.867     16777216      1048576
       16384         1024          28.584     33554432      2097152
       16384         2048          56.041     67108864      4194304
       16384         4096         111.265    134217728      8388608
       16384         8192         220.928    268435456     16777216
       16384        16384         486.644    536870912     33554432
       16384        32768        1392.360   1073741824     67108864
       32768            1         766.316        65536         4096
       32768            2           2.523       131072         8192
       32768            4           1.702       262144        16384
       32768            8           1.655       524288        32768
       32768           16           1.953      1048576        65536
       32768           32           2.805      2097152       131072
       32768           64           4.406      4194304       262144
       32768          128          53.813      8388608       524288
       32768          256          14.798     16777216      1048576
       32768          512          27.119     33554432      2097152
       32768         1024          53.064     67108864      4194304
       32768         2048         132.803    134217728      8388608
       32768         4096         222.954    268435456     16777216
       32768         8192         415.509    536870912     33554432
       32768        16384         856.489   1073741824     67108864
       65536            1        2583.748       131072         8192
       65536            2        1934.768       262144        16384
       65536            4           4.804       524288        32768
       65536            8           2.522      1048576        65536
       65536           16           3.627      2097152       131072
       65536           32           5.223      4194304       262144
       65536           64           8.337      8388608       524288
       65536          128          14.571     16777216      1048576
       65536          256          36.710     33554432      2097152
       65536          512          51.627     67108864      4194304
       65536         1024         104.695    134217728      8388608
       65536         2048         217.664    268435456     16777216
       65536         4096         410.745    536870912     33554432
       65536         8192        1025.648   1073741824     67108864
      131072            1        4676.887       262144        16384
      131072            2        6237.200       524288        32768
      131072            4        3961.572      1048576        65536
      131072            8          16.261      2097152       131072
      131072           16          11.263      4194304       262144
      131072           32          11.710      8388608       524288
      131072           64        7010.406     16777216      1048576
      131072          128        5086.121     33554432      2097152
      131072          256          59.876     67108864      4194304
      131072          512        1356.070    134217728      8388608
      131072         1024        4175.257    268435456     16777216
      131072         2048        4261.938    536870912     33554432
      131072         4096        1868.445   1073741824     67108864
      262144            1        7201.567       524288        32768
      262144            2        8835.950      1048576        65536
      262144            4          17.315      2097152       131072
      262144            8        3008.311      4194304       262144
      262144           16          20.927      8388608       524288
      262144           32          20.268     16777216      1048576
      262144           64        4782.928     33554432      2097152
      262144          128        6659.783     67108864      4194304
      262144          256        1489.127    134217728      8388608
      262144          512         231.573    268435456     16777216
      262144         1024         436.539    536870912     33554432
      262144         2048        2712.942   1073741824     67108864
      524288            1        1910.718      1048576        65536
      524288            2        4284.544      2097152       131072
      524288            4        5473.121      4194304       262144
      524288            8        6143.426      8388608       524288
      524288           16        4633.210     16777216      1048576
      524288           32        3985.200     33554432      2097152
      524288           64        2997.132     67108864      4194304
      524288          128        4423.281    134217728      8388608
      524288          256        4246.877    268435456     16777216
      524288          512        1351.696    536870912     33554432
      524288         1024        2582.047   1073741824     67108864
     1048576            1         413.093      2097152       131072
     1048576            2          62.315      4194304       262144
     1048576            4        2192.759      8388608       524288
     1048576            8        3183.682     16777216      1048576
     1048576           16        2764.378     33554432      2097152
     1048576           32        4003.673     67108864      4194304
     1048576           64        4246.364    134217728      8388608
     1048576          128        2164.022    268435456     16777216
     1048576          256        4327.897    536870912     33554432
     1048576          512        4634.090   1073741824     67108864
     2097152            1        2769.890      4194304       262144
     2097152            2        2581.955      8388608       524288
     2097152            4        5089.472     16777216      1048576
     2097152            8        6703.721     33554432      2097152
     2097152           16         191.218     67108864      4194304
     2097152           32         200.115    134217728      8388608
     2097152           64         249.721    268435456     16777216
     2097152          128         501.063    536870912     33554432
     2097152          256         744.233   1073741824     67108864
     4194304            1        1954.356      8388608       524288
     4194304            2         328.435     16777216      1048576
     4194304            4         364.522     33554432      2097152
     4194304            8         745.242     67108864      4194304
     4194304           16         279.775    134217728      8388608
     4194304           32        1274.632    268435456     16777216
     4194304           64        1762.133    536870912     33554432
     4194304          128        1912.298   1073741824     67108864
     8388608            1        2130.420     16777216      1048576
     8388608            2        3482.757     33554432      2097152
     8388608            4        3433.676     67108864      4194304
     8388608            8        3455.432    134217728      8388608
     8388608           16        4346.025    268435456     16777216
     8388608           32        3906.416    536870912     33554432
     8388608           64        5122.026   1073741824     67108864
    16777216            1        8930.392     33554432      2097152
    16777216            2        9153.595     67108864      4194304
    16777216            4        8032.137    134217728      8388608
    16777216            8        3199.066    268435456     16777216
    16777216           16        8902.126    536870912     33554432
    16777216           32        8883.133   1073741824     67108864
    33554432            1        7481.377     67108864      4194304
    33554432            2       14256.434    134217728      8388608
    33554432            4       15819.756    268435456     16777216
    33554432            8       15631.706    536870912     33554432
    33554432           16       14349.740   1073741824     67108864
    67108864            1       15757.878    134217728      8388608
    67108864            2       28161.561    268435456     16777216
    67108864            4       33155.373    536870912     33554432
    67108864            8       31585.536   1073741824     67108864
   134217728            1       46947.775    268435456     16777216
   134217728            2       66981.821    536870912     33554432
   134217728            4       70719.813   1073741824     67108864
   268435456            1       61756.802    536870912     33554432
   268435456            2      124351.026   1073741824     67108864
   536870912            1      153008.835   1073741824     67108864

META_DATA
FLOPS          1
OPENMP_THREADS 4
ERT_VERSION  1.1.0
HOSTNAME  ('minahil-k', [], ['2404:3100:104b:39a1:7128:cd83:7620:4e0'])
UNAME  uname_result(system='Linux', node='minahil-k', release='6.17.0-20-generic', version='#20~24.04.1-Ubuntu SMP PREEMPT_DYNAMIC Thu Mar 19 01:28:37 UTC 2', machine='x86_64')
TIMESTAMP_DATA  1778179003.5735326
CONFIG  {'ERT_RESULTS': ['Results'], 'ERT_DRIVER': ['driver1'], 'ERT_KERNEL': ['kernel1'], 'ERT_MPI': ['False'], 'ERT_MPI_CFLAGS': [], 'ERT_MPI_LDFLAGS': [], 'ERT_MPI_PROCS': ['1'], 'ERT_OPENMP': ['True'], 'ERT_OPENMP_CFLAGS': ['-fopenmp'], 'ERT_OPENMP_LDFLAGS': ['-fopenmp'], 'ERT_OPENMP_THREADS': ['1,2,4'], 'ERT_GPU': ['False'], 'ERT_GPU_CFLAGS': [], 'ERT_GPU_LDFLAGS': [], 'ERT_GPU_BLOCKS': ['1'], 'ERT_GPU_THREADS': ['1'], 'ERT_HIP': ['False'], 'ERT_OCL': ['False'], 'ERT_SYCL': ['False'], 'ERT_FLOPS': ['1,2,4,8,16'], 'ERT_ALIGN': ['32'], 'ERT_CC': ['g++'], 'ERT_CFLAGS': ['-O3', '-mavx2', '-march=native', '-ffast-math'], 'ERT_LD': ['g++'], 'ERT_LDFLAGS': [], 'ERT_LDLIBS': [], 'ERT_PRECISION': ['FP64'], 'ERT_PROCS_THREADS': ['4'], 'ERT_BLOCKS_THREADS': ['1'], 'ERT_WORKING_SET_MIN': ['1'], 'ERT_MEMORY_MAX': ['536870912'], 'ERT_WSS_MULT': ['2.0'], 'ERT_TRIALS_MIN': ['1'], 'ERT_NUM_EXPERIMENTS': ['3'], 'ERT_RUN': ['OMP_NUM_THREADS=ERT_OPENMP_THREADS', './ERT_CODE'], 'ERT_GNUPLOT': ['False']}
