fp64
          32            1           1.986           64            4
          32            2           0.867          128            8
          32            4           0.854          256           16
          32            8           0.858          512           32
          32           16           0.846         1024           64
          32           32           0.871         2048          128
          32           64           0.866         4096          256
          32          128           0.889         8192          512
          32          256           0.956        16384         1024
          32          512           1.094        32768         2048
          32         1024           1.417        65536         4096
          32         2048           2.180       131072         8192
          32         4096           3.685       262144        16384
          32         8192           6.712       524288        32768
          32        16384          12.790      1048576        65536
          32        32768          24.953      2097152       131072
          32        65536          49.288      4194304       262144
          32       131072          97.999      8388608       524288
          32       262144         202.746     16777216      1048576
          32       524288         389.919     33554432      2097152
          32      1048576        1085.496     67108864      4194304
          32      2097152        1712.107    134217728      8388608
          32      4194304        3250.212    268435456     16777216
          32      8388608        6673.915    536870912     33554432
          32     16777216       18113.058   1073741824     67108864
          64            1          53.642          128            8
          64            2           2.873          256           16
          64            4           1.503          512           32
          64            8           0.872         1024           64
          64           16           0.887         2048          128
          64           32           0.848         4096          256
          64           64           0.871         8192          512
          64          128           0.901        16384         1024
          64          256           0.958        32768         2048
          64          512           1.108        65536         4096
          64         1024           1.380       131072         8192
          64         2048           2.148       262144        16384
          64         4096           3.701       524288        32768
          64         8192           6.719      1048576        65536
          64        16384          12.833      2097152       131072
          64        32768          24.961      4194304       262144
          64        65536          49.290      8388608       524288
          64       131072          97.950     16777216      1048576
          64       262144         195.295     33554432      2097152
          64       524288         398.310     67108864      4194304
          64      1048576         779.212    134217728      8388608
          64      2097152        1590.876    268435456     16777216
          64      4194304        3261.601    536870912     33554432
          64      8388608        6612.740   1073741824     67108864
         128            1           1.920          256           16
         128            2           1.037          512           32
         128            4           0.888         1024           64
         128            8           0.880         2048          128
         128           16           0.887         4096          256
         128           32           0.902         8192          512
         128           64           0.902        16384         1024
         128          128           0.939        32768         2048
         128          256           1.041        65536         4096
         128          512           1.228       131072         8192
         128         1024           1.796       262144        16384
         128         2048           2.937       524288        32768
         128         4096           5.113      1048576        65536
         128         8192           9.787      2097152       131072
         128        16384          18.914      4194304       262144
         128        32768          37.162      8388608       524288
         128        65536          73.650     16777216      1048576
         128       131072         146.640     33554432      2097152
         128       262144         394.194     67108864      4194304
         128       524288         597.932    134217728      8388608
         128      1048576        1226.998    268435456     16777216
         128      2097152        2556.307    536870912     33554432
         128      4194304        5000.062   1073741824     67108864
         256            1        2661.169          512           32
         256            2         732.826         1024           64
         256            4           0.976         2048          128
         256            8           0.866         4096          256
         256           16           0.864         8192          512
         256           32           0.874        16384         1024
         256           64           0.894        32768         2048
         256          128           0.947        65536         4096
         256          256           1.049       131072         8192
         256          512           1.237       262144        16384
         256         1024           1.787       524288        32768
         256         2048           2.934      1048576        65536
         256         4096           5.214      2097152       131072
         256         8192           9.786      4194304       262144
         256        16384          18.890      8388608       524288
         256        32768          37.145     16777216      1048576
         256        65536          73.647     33554432      2097152
         256       131072         784.220     67108864      4194304
         256       262144         543.620    134217728      8388608
         256       524288         584.549    268435456     16777216
         256      1048576        2029.780    536870912     33554432
         256      2097152        2879.211   1073741824     67108864
         512            1           1.590         1024           64
         512            2           2.083         2048          128
         512            4           1.437         4096          256
         512            8           0.904         8192          512
         512           16           0.875        16384         1024
         512           32           0.907        32768         2048
         512           64           0.998        65536         4096
         512          128           1.055       131072         8192
         512          256           1.140       262144        16384
         512          512           1.404       524288        32768
         512         1024           2.169      1048576        65536
         512         2048           3.683      2097152       131072
         512         4096           6.718      4194304       262144
         512         8192          12.810      8388608       524288
         512        16384          24.975     16777216      1048576
         512        32768          60.252     33554432      2097152
         512        65536         145.120     67108864      4194304
         512       131072         195.311    134217728      8388608
         512       262144         400.700    268435456     16777216
         512       524288         792.928    536870912     33554432
         512      1048576        1622.157   1073741824     67108864
        1024            1        2672.437         2048          128
        1024            2        2499.669         4096          256
        1024            4        2305.963         8192          512
        1024            8           1.830        16384         1024
        1024           16           0.951        32768         2048
        1024           32           0.949        65536         4096
        1024           64           0.975       131072         8192
        1024          128           1.162       262144        16384
        1024          256           1.330       524288        32768
        1024          512           1.804      1048576        65536
        1024         1024           2.967      2097152       131072
        1024         2048           5.221      4194304       262144
        1024         4096           9.778      8388608       524288
        1024         8192          18.907     16777216      1048576
        1024        16384          37.155     33554432      2097152
        1024        32768         295.891     67108864      4194304
        1024        65536         158.593    134217728      8388608
        1024       131072         292.623    268435456     16777216
        1024       262144         821.255    536870912     33554432
        1024       524288        3707.141   1073741824     67108864
        2048            1        2618.239         4096          256
        2048            2        4307.991         8192          512
        2048            4        1381.063        16384         1024
        2048            8        2258.745        32768         2048
        2048           16           7.402        65536         4096
        2048           32           9.221       131072         8192
        2048           64           2.182       262144        16384
        2048          128           1.434       524288        32768
        2048          256           1.914      1048576        65536
        2048          512           3.013      2097152       131072
        2048         1024           5.231      4194304       262144
        2048         2048           9.971      8388608       524288
        2048         4096          20.577     16777216      1048576
        2048         8192          42.122     33554432      2097152
        2048        16384         125.174     67108864      4194304
        2048        32768         170.010    134217728      8388608
        2048        65536         339.502    268435456     16777216
        2048       131072         720.023    536870912     33554432
        2048       262144        4015.125   1073741824     67108864
        4096            1        4637.009         8192          512
        4096            2        2314.474        16384         1024
        4096            4        2072.372        32768         2048
        4096            8         575.566        65536         4096
        4096           16         544.315       131072         8192
        4096           32        1807.196       262144        16384
        4096           64        2088.260       524288        32768
        4096          128         999.764      1048576        65536
        4096          256        1812.939      2097152       131072
        4096          512         224.928      4194304       262144
        4096         1024        2054.396      8388608       524288
        4096         2048          18.599     16777216      1048576
        4096         4096          36.514     33554432      2097152
        4096         8192          64.620     67108864      4194304
        4096        16384         110.703    134217728      8388608
        4096        32768        3078.627    268435456     16777216
        4096        65536        4246.648    536870912     33554432
        4096       131072        8187.050   1073741824     67108864
        8192            1         371.153        16384         1024
        8192            2        2369.346        32768         2048
        8192            4        4153.410        65536         4096
        8192            8        2819.718       131072         8192
        8192           16        4042.303       262144        16384
        8192           32         935.661       524288        32768
        8192           64        2042.166      1048576        65536
        8192          128        2752.472      2097152       131072
        8192          256        3132.875      4194304       262144
        8192          512        2453.037      8388608       524288
        8192         1024        1381.588     16777216      1048576
        8192         2048         897.556     33554432      2097152
        8192         4096         925.263     67108864      4194304
        8192         8192         182.672    134217728      8388608
        8192        16384         332.124    268435456     16777216
        8192        32768         582.112    536870912     33554432
        8192        65536        1371.792   1073741824     67108864
       16384            1          36.767        32768         2048
       16384            2           1.443        65536         4096
       16384            4           1.181       131072         8192
       16384            8           1.208       262144        16384
       16384           16           1.410       524288        32768
       16384           32           1.839      1048576        65536
       16384           64           2.722      2097152       131072
       16384          128           4.410      4194304       262144
       16384          256           7.843      8388608       524288
       16384          512          14.910     16777216      1048576
       16384         1024          28.608     33554432      2097152
       16384         2048          56.151     67108864      4194304
       16384         4096         111.031    134217728      8388608
       16384         8192         223.401    268435456     16777216
       16384        16384         858.404    536870912     33554432
       16384        32768        3369.166   1073741824     67108864
       32768            1        2764.721        65536         4096
       32768            2         874.688       131072         8192
       32768            4         716.125       262144        16384
       32768            8        2236.952       524288        32768
       32768           16        4016.510      1048576        65536
       32768           32        1373.676      2097152       131072
       32768           64           5.912      4194304       262144
       32768          128           7.973      8388608       524288
       32768          256          14.393     16777216      1048576
       32768          512          27.331     33554432      2097152
       32768         1024          53.119     67108864      4194304
       32768         2048         104.862    134217728      8388608
       32768         4096         208.633    268435456     16777216
       32768         8192         432.016    536870912     33554432
       32768        16384        1654.109   1073741824     67108864
       65536            1         280.311       131072         8192
       65536            2           5.549       262144        16384
       65536            4           2.781       524288        32768
       65536            8           3.078      1048576        65536
       65536           16           3.713      2097152       131072
       65536           32           4.549      4194304       262144
       65536           64           8.275      8388608       524288
       65536          128          14.518     16777216      1048576
       65536          256          27.098     33554432      2097152
       65536          512          63.618     67108864      4194304
       65536         1024         102.354    134217728      8388608
       65536         2048         203.009    268435456     16777216
       65536         4096         403.773    536870912     33554432
       65536         8192         824.443   1073741824     67108864
      131072            1           5.520       262144        16384
      131072            2          11.624       524288        32768
      131072            4           8.989      1048576        65536
      131072            8           6.768      2097152       131072
      131072           16           7.641      4194304       262144
      131072           32          11.042      8388608       524288
      131072           64          17.136     16777216      1048576
      131072          128          29.496     33554432      2097152
      131072          256          53.983     67108864      4194304
      131072          512         102.623    134217728      8388608
      131072         1024         238.196    268435456     16777216
      131072         2048        1009.877    536870912     33554432
      131072         4096         811.862   1073741824     67108864
      262144            1         476.637       524288        32768
      262144            2          80.915      1048576        65536
      262144            4         243.817      2097152       131072
      262144            8          15.185      4194304       262144
      262144           16          15.229      8388608       524288
      262144           32          21.596     16777216      1048576
      262144           64          33.452     33554432      2097152
      262144          128          57.891     67108864      4194304
      262144          256         108.184    134217728      8388608
      262144          512         244.156    268435456     16777216
      262144         1024         409.151    536870912     33554432
      262144         2048         801.777   1073741824     67108864
      524288            1        3932.719      1048576        65536
      524288            2        1794.556      2097152       131072
      524288            4          54.217      4194304       262144
      524288            8          28.732      8388608       524288
      524288           16          35.756     16777216      1048576
      524288           32          45.343     33554432      2097152
      524288           64         108.747     67108864      4194304
      524288          128         118.488    134217728      8388608
      524288          256         214.633    268435456     16777216
      524288          512         415.134    536870912     33554432
      524288         1024         798.733   1073741824     67108864
     1048576            1         268.110      2097152       131072
     1048576            2         140.947      4194304       262144
     1048576            4          70.935      8388608       524288
     1048576            8          82.498     16777216      1048576
     1048576           16          79.915     33554432      2097152
     1048576           32         172.427     67108864      4194304
     1048576           64         150.325    134217728      8388608
     1048576          128         258.279    268435456     16777216
     1048576          256         442.522    536870912     33554432
     1048576          512         866.790   1073741824     67108864
     2097152            1         153.588      4194304       262144
     2097152            2         397.492      8388608       524288
     2097152            4         169.997     16777216      1048576
     2097152            8         154.505     33554432      2097152
     2097152           16         263.235     67108864      4194304
     2097152           32         246.163    134217728      8388608
     2097152           64         313.779    268435456     16777216
     2097152          128         782.504    536870912     33554432
     2097152          256         924.661   1073741824     67108864
     4194304            1        1567.413      8388608       524288
     4194304            2        3374.653     16777216      1048576
     4194304            4         260.332     33554432      2097152
     4194304            8        1065.485     67108864      4194304
     4194304           16        1130.887    134217728      8388608
     4194304           32        3225.597    268435456     16777216
     4194304           64        1502.574    536870912     33554432
     4194304          128        2023.928   1073741824     67108864
     8388608            1        3606.128     16777216      1048576
     8388608            2        3040.171     33554432      2097152
     8388608            4        3065.941     67108864      4194304
     8388608            8        4482.278    134217728      8388608
     8388608           16        4544.817    268435456     16777216
     8388608           32        2135.142    536870912     33554432
     8388608           64        3627.440   1073741824     67108864
    16777216            1        6688.431     33554432      2097152
    16777216            2        6651.243     67108864      4194304
    16777216            4        7078.890    134217728      8388608
    16777216            8        6792.133    268435456     16777216
    16777216           16        7514.125    536870912     33554432
    16777216           32        7278.714   1073741824     67108864
    33554432            1        7214.252     67108864      4194304
    33554432            2       13501.362    134217728      8388608
    33554432            4       13788.298    268435456     16777216
    33554432            8       14259.769    536870912     33554432
    33554432           16       14304.951   1073741824     67108864
    67108864            1       14425.774    134217728      8388608
    67108864            2       29661.494    268435456     16777216
    67108864            4       31065.833    536870912     33554432
    67108864            8       27331.451   1073741824     67108864
   134217728            1       26843.021    268435456     16777216
   134217728            2       55886.914    536870912     33554432
   134217728            4       55427.852   1073741824     67108864
   268435456            1       57002.778    536870912     33554432
   268435456            2      112834.142   1073741824     67108864
   536870912            1      113522.519   1073741824     67108864

META_DATA
FLOPS          1
OPENMP_THREADS 4
ERT_VERSION  1.1.0
HOSTNAME  ('minahil-k', [], ['2404:3100:104b:39a1:7128:cd83:7620:4e0'])
UNAME  uname_result(system='Linux', node='minahil-k', release='6.17.0-20-generic', version='#20~24.04.1-Ubuntu SMP PREEMPT_DYNAMIC Thu Mar 19 01:28:37 UTC 2', machine='x86_64')
TIMESTAMP_DATA  1778179013.4534883
CONFIG  {'ERT_RESULTS': ['Results'], 'ERT_DRIVER': ['driver1'], 'ERT_KERNEL': ['kernel1'], 'ERT_MPI': ['False'], 'ERT_MPI_CFLAGS': [], 'ERT_MPI_LDFLAGS': [], 'ERT_MPI_PROCS': ['1'], 'ERT_OPENMP': ['True'], 'ERT_OPENMP_CFLAGS': ['-fopenmp'], 'ERT_OPENMP_LDFLAGS': ['-fopenmp'], 'ERT_OPENMP_THREADS': ['1,2,4'], 'ERT_GPU': ['False'], 'ERT_GPU_CFLAGS': [], 'ERT_GPU_LDFLAGS': [], 'ERT_GPU_BLOCKS': ['1'], 'ERT_GPU_THREADS': ['1'], 'ERT_HIP': ['False'], 'ERT_OCL': ['False'], 'ERT_SYCL': ['False'], 'ERT_FLOPS': ['1,2,4,8,16'], 'ERT_ALIGN': ['32'], 'ERT_CC': ['g++'], 'ERT_CFLAGS': ['-O3', '-mavx2', '-march=native', '-ffast-math'], 'ERT_LD': ['g++'], 'ERT_LDFLAGS': [], 'ERT_LDLIBS': [], 'ERT_PRECISION': ['FP64'], 'ERT_PROCS_THREADS': ['4'], 'ERT_BLOCKS_THREADS': ['1'], 'ERT_WORKING_SET_MIN': ['1'], 'ERT_MEMORY_MAX': ['536870912'], 'ERT_WSS_MULT': ['2.0'], 'ERT_TRIALS_MIN': ['1'], 'ERT_NUM_EXPERIMENTS': ['3'], 'ERT_RUN': ['OMP_NUM_THREADS=ERT_OPENMP_THREADS', './ERT_CODE'], 'ERT_GNUPLOT': ['False']}
