fp64
 32 67108864 21999.982 21999.982 21999.982 195.22594591213758 195.22594591213758 195.22594591213758 12.201621619508598 12.201621619508598 12.201621619508598
 64 33554432 5483.497 5483.497 5483.497 783.2533319522196 783.2533319522196 783.2533319522196 48.953333247013724 48.953333247013724 48.953333247013724
 128 16777216 4780.675 4780.675 4780.675 898.4018566415831 898.4018566415831 898.4018566415831 56.15011604009894 56.15011604009894 56.15011604009894
 256 8388608 2243.665 2243.665 2243.665 1914.2640706166028 1914.2640706166028 1914.2640706166028 119.64150441353767 119.64150441353767 119.64150441353767
 512 4194304 1870.005 1870.005 1870.005 2296.767813989802 2296.767813989802 2296.767813989802 143.54798837436263 143.54798837436263 143.54798837436263
 1024 2097152 970.872 970.872 970.872 4423.824454716997 4423.824454716997 4423.824454716997 276.4890284198123 276.4890284198123 276.4890284198123
 2048 1048576 1947.477 1947.477 1947.477 2205.4007805997194 2205.4007805997194 2205.4007805997194 137.83754878748246 137.83754878748246 137.83754878748246
 4096 524288 2023.607 2023.607 2023.607 2122.43152746556 2122.43152746556 2122.43152746556 132.6519704665975 132.6519704665975 132.6519704665975
 8192 262144 1257.438 1257.438 1257.438 3415.6493568668993 3415.6493568668993 3415.6493568668993 213.4780848041812 213.4780848041812 213.4780848041812
 16384 131072 1472.757 1472.757 1472.757 2916.2769526812635 2916.2769526812635 2916.2769526812635 182.26730954257897 182.26730954257897 182.26730954257897
 32768 65536 978.305 978.305 978.305 4390.212966303966 4390.212966303966 4390.212966303966 274.38831039399787 274.38831039399787 274.38831039399787
 65536 32768 1657.574 1657.574 1657.574 2591.11647262807 2591.11647262807 2591.11647262807 161.94477953925437 161.94477953925437 161.94477953925437
 131072 16384 1167.667 1167.667 1167.667 3678.2467056104188 3678.2467056104188 3678.2467056104188 229.89041910065117 229.89041910065117 229.89041910065117
 262144 8192 634.639 634.639 634.639 6767.575418466246 6767.575418466246 6767.575418466246 422.9734636541404 422.9734636541404 422.9734636541404
 524288 4096 913.236 913.236 913.236 4703.020134992488 4703.020134992488 4703.020134992488 293.9387584370305 293.9387584370305 293.9387584370305
 1048576 2048 580.251 580.251 580.251 7401.912786018465 7401.912786018465 7401.912786018465 462.6195491261541 462.6195491261541 462.6195491261541
 2097152 1024 552.262 552.262 552.262 7777.046575719496 7777.046575719496 7777.046575719496 486.0654109824685 486.0654109824685 486.0654109824685
 4194304 512 926.009 926.009 926.009 4638.148544992544 4638.148544992544 4638.148544992544 289.884284062034 289.884284062034 289.884284062034
 8388608 256 727.776 727.776 727.776 5901.4961966319315 5901.4961966319315 5901.4961966319315 368.8435122894957 368.8435122894957 368.8435122894957
 16777216 128 947.525 947.525 947.525 4532.827414580091 4532.827414580091 4532.827414580091 283.30171341125566 283.30171341125566 283.30171341125566
 33554432 64 1926.97 1926.97 1926.97 2228.8708677353566 2228.8708677353566 2228.8708677353566 139.30442923345979 139.30442923345979 139.30442923345979
 67108864 32 4187.459 4187.459 4187.459 1025.673874299426 1025.673874299426 1025.673874299426 64.10461714371412 64.10461714371412 64.10461714371412
 134217728 16 11949.566 11949.566 11949.566 359.424542782558 359.424542782558 359.424542782558 22.464033923909874 22.464033923909874 22.464033923909874
 268435456 8 21408.099 21408.099 21408.099 200.6234788058482 200.6234788058482 200.6234788058482 12.538967425365513 12.538967425365513 12.538967425365513
 536870912 4 33678.35 33678.35 33678.35 127.52902965851952 127.52902965851952 127.52902965851952 7.97056435365747 7.97056435365747 7.97056435365747
 1073741824 2 67155.704 67155.704 67155.704 63.95536105168372 63.95536105168372 63.95536105168372 3.9972100657302323 3.9972100657302323 3.9972100657302323
 2147483648 1 67292.553 67292.553 67292.553 63.825298707273 63.825298707273 63.825298707273 3.9890811692045625 3.9890811692045625 3.9890811692045625
 
META_DATA
 FLOPS          1
 OPENMP_THREADS 4
 ERT_VERSION  1.1.0
 HOSTNAME  ('areeba-vm', [], ['127.0.1.1'])
 UNAME  uname_result(system='Linux', node='areeba-vm', release='6.17.0-23-generic', version='#23~24.04.1-Ubuntu SMP PREEMPT_DYNAMIC Tue Apr 14 16:11:48 UTC 2', machine='x86_64')
 TIMESTAMP_DATA  1778236603.4390402
 CONFIG  {'ERT_RESULTS': ['roofline/mylaptop/Results'], 'ERT_DRIVER': ['driver1'], 'ERT_KERNEL': ['kernel1'], 'ERT_MPI': ['False'], 'ERT_MPI_CFLAGS': [], 'ERT_MPI_LDFLAGS': [], 'ERT_MPI_PROCS': ['1'], 'ERT_OPENMP': ['True'], 'ERT_OPENMP_CFLAGS': ['-fopenmp'], 'ERT_OPENMP_LDFLAGS': ['-fopenmp'], 'ERT_OPENMP_THREADS': ['1,2,4'], 'ERT_GPU': ['False'], 'ERT_GPU_CFLAGS': [], 'ERT_GPU_LDFLAGS': [], 'ERT_GPU_BLOCKS': ['1'], 'ERT_GPU_THREADS': ['1'], 'ERT_HIP': ['False'], 'ERT_OCL': ['False'], 'ERT_SYCL': ['False'], 'ERT_FLOPS': ['1,2,4,8'], 'ERT_ALIGN': ['32'], 'ERT_CC': ['g++'], 'ERT_CFLAGS': ['-O3', '-march=native', '-mavx2', '-mfma', '-ffast-math'], 'ERT_LD': ['g++'], 'ERT_LDFLAGS': [], 'ERT_LDLIBS': [], 'ERT_PRECISION': ['FP64'], 'ERT_PROCS_THREADS': ['6'], 'ERT_BLOCKS_THREADS': ['1'], 'ERT_WORKING_SET_MIN': ['1'], 'ERT_MEMORY_MAX': ['2147483648'], 'ERT_WSS_MULT': ['2.0'], 'ERT_TRIALS_MIN': ['1'], 'ERT_NUM_EXPERIMENTS': ['1'], 'ERT_RUN': ['OMP_NUM_THREADS=ERT_OPENMP_THREADS', './ERT_CODE'], 'ERT_GNUPLOT': ['False']}
 