fp64

32 1 2.348 2.348 2.348 0.027257240204429305 0.027257240204429305 0.027257240204429305 0.0017035775127768316 0.0017035775127768316 0.0017035775127768316
32 2 0.741 0.741 0.741 0.1727395411605938 0.1727395411605938 0.1727395411605938 0.010796221322537113 0.010796221322537113 0.010796221322537113
32 4 0.61 0.61 0.61 0.41967213114754104 0.41967213114754104 0.41967213114754104 0.026229508196721315 0.026229508196721315 0.026229508196721315
32 8 0.611 0.611 0.611 0.8379705400981998 0.8379705400981998 0.8379705400981998 0.05237315875613749 0.05237315875613749 0.05237315875613749
32 16 0.612 0.612 0.612 1.673202614379085 1.673202614379085 1.673202614379085 0.10457516339869281 0.10457516339869281 0.10457516339869281
32 32 0.615 0.615 0.615 3.330081300813008 3.330081300813008 3.330081300813008 0.208130081300813 0.208130081300813 0.208130081300813
32 64 0.607 0.607 0.607 6.747940691927513 6.747940691927513 6.747940691927513 0.4217462932454696 0.4217462932454696 0.4217462932454696
32 128 0.607 0.607 0.607 13.495881383855027 13.495881383855027 13.495881383855027 0.8434925864909392 0.8434925864909392 0.8434925864909392
32 256 0.631 0.631 0.631 25.96513470681458 25.96513470681458 25.96513470681458 1.6228209191759113 1.6228209191759113 1.6228209191759113
32 512 0.662 0.662 0.662 49.49848942598187 49.49848942598187 49.49848942598187 3.093655589123867 3.093655589123867 3.093655589123867
32 1024 0.725 0.725 0.725 90.3944827586207 90.3944827586207 90.3944827586207 5.649655172413794 5.649655172413794 5.649655172413794
32 2048 0.866 0.866 0.866 151.35334872979217 151.35334872979217 151.35334872979217 9.45958429561201 9.45958429561201 9.45958429561201
32 4096 1.138 1.138 1.138 230.35500878734624 230.35500878734624 230.35500878734624 14.39718804920914 14.39718804920914 14.39718804920914
32 8192 1.665 1.665 1.665 314.88768768768773 314.88768768768773 314.88768768768773 19.680480480480483 19.680480480480483 19.680480480480483
32 16384 2.746 2.746 2.746 381.8557902403496 381.8557902403496 381.8557902403496 23.86598689002185 23.86598689002185 23.86598689002185
32 32768 4.907 4.907 4.907 427.37966170776446 427.37966170776446 427.37966170776446 26.71122885673528 26.71122885673528 26.71122885673528
32 65536 9.239 9.239 9.239 453.9781361619223 453.9781361619223 453.9781361619223 28.373633510120143 28.373633510120143 28.373633510120143
32 131072 30.807 30.807 30.807 272.2955172525725 272.2955172525725 272.2955172525725 17.01846982828578 17.01846982828578 17.01846982828578
32 262144 35.158 35.158 35.158 477.1948347460037 477.1948347460037 477.1948347460037 29.824677171625233 29.824677171625233 29.824677171625233
32 524288 76.87 76.87 76.87 436.50880707688304 436.50880707688304 436.50880707688304 27.28180044230519 27.28180044230519 27.28180044230519
32 1048576 138.996 138.996 138.996 482.81147658925437 482.81147658925437 482.81147658925437 30.175717286828398 30.175717286828398 30.175717286828398
32 2097152 276.481 276.481 276.481 485.4500960282986 485.4500960282986 485.4500960282986 30.340631001768664 30.340631001768664 30.340631001768664
32 4194304 556.538 556.538 556.538 482.330866894983 482.330866894983 482.330866894983 30.145679180936437 30.145679180936437 30.145679180936437
32 8388608 2695.111 2695.111 2695.111 199.20178129954573 199.20178129954573 199.20178129954573 12.450111331221608 12.450111331221608 12.450111331221608
32 16777216 4994.555 4994.555 4994.555 214.9824807215057 214.9824807215057 214.9824807215057 13.436405045094107 13.436405045094107 13.436405045094107
32 33554432 11969.877 11969.877 11969.877 179.40732791155665 179.40732791155665 179.40732791155665 11.21295799447229 11.21295799447229 11.21295799447229
32 67108864 21999.982 21999.982 21999.982 195.22594591213758 195.22594591213758 195.22594591213758 12.201621619508598 12.201621619508598 12.201621619508598

64 1 1.599 1.599 1.599 0.08005003126954346 0.08005003126954346 0.08005003126954346 0.0050031269543464665 0.0050031269543464665 0.0050031269543464665
64 2 0.679 0.679 0.679 0.37702503681885124 0.37702503681885124 0.37702503681885124 0.023564064801178203 0.023564064801178203 0.023564064801178203
64 4 0.647 0.647 0.647 0.7913446676970634 0.7913446676970634 0.7913446676970634 0.04945904173106646 0.04945904173106646 0.04945904173106646
64 8 0.653 0.653 0.653 1.5681470137825422 1.5681470137825422 1.5681470137825422 0.09800918836140889 0.09800918836140889 0.09800918836140889
64 16 0.659 0.659 0.659 3.1077389984825494 3.1077389984825494 3.1077389984825494 0.19423368740515934 0.19423368740515934 0.19423368740515934
64 32 0.666 0.666 0.666 6.15015015015015 6.15015015015015 6.15015015015015 0.3843843843843844 0.3843843843843844 0.3843843843843844
64 64 0.659 0.659 0.659 12.430955993930198 12.430955993930198 12.430955993930198 0.7769347496206374 0.7769347496206374 0.7769347496206374
64 128 0.655 0.655 0.655 25.01374045801527 25.01374045801527 25.01374045801527 1.5633587786259544 1.5633587786259544 1.5633587786259544
64 256 0.679 0.679 0.679 48.25920471281296 48.25920471281296 48.25920471281296 3.01620029455081 3.01620029455081 3.01620029455081
64 512 0.716 0.716 0.716 91.53072625698324 91.53072625698324 91.53072625698324 5.720670391061453 5.720670391061453 5.720670391061453
64 1024 0.786 0.786 0.786 166.75826972010177 166.75826972010177 166.75826972010177 10.42239185750636 10.42239185750636 10.42239185750636
64 2048 0.936 0.936 0.936 280.0683760683761 280.0683760683761 280.0683760683761 17.504273504273506 17.504273504273506 17.504273504273506
64 4096 1.229 1.229 1.229 426.59723352318963 426.59723352318963 426.59723352318963 26.662327095199352 26.662327095199352 26.662327095199352
64 8192 1.812 1.812 1.812 578.6843267108168 578.6843267108168 578.6843267108168 36.16777041942605 36.16777041942605 36.16777041942605
64 16384 2.985 2.985 2.985 702.5634840871023 702.5634840871023 702.5634840871023 43.910217755443895 43.910217755443895 43.910217755443895
64 32768 5.336 5.336 5.336 786.0389805097451 786.0389805097451 786.0389805097451 49.12743628185907 49.12743628185907 49.12743628185907
64 65536 10.028 10.028 10.028 836.5185480654168 836.5185480654168 836.5185480654168 52.28240925408855 52.28240925408855 52.28240925408855
64 131072 53.732 53.732 53.732 312.2388148589295 312.2388148589295 312.2388148589295 19.514925928683095 19.514925928683095 19.514925928683095
64 262144 38.167 38.167 38.167 879.1477454345377 879.1477454345377 879.1477454345377 54.946734089658605 54.946734089658605 54.946734089658605
64 524288 75.709 75.709 75.709 886.4053679219115 886.4053679219115 886.4053679219115 55.40033549511947 55.40033549511947 55.40033549511947
64 1048576 218.05 218.05 218.05 615.5364732859435 615.5364732859435 615.5364732859435 38.47102958037147 38.47102958037147 38.47102958037147
64 2097152 692.267 692.267 692.267 387.76289495238103 387.76289495238103 387.76289495238103 24.235180934523814 24.235180934523814 24.235180934523814
64 4194304 592.809 592.809 592.809 905.6389359810664 905.6389359810664 905.6389359810664 56.60243349881665 56.60243349881665 56.60243349881665
64 8388608 1790.156 1790.156 1790.156 599.8034942206154 599.8034942206154 599.8034942206154 37.487718388788466 37.487718388788466 37.487718388788466
64 16777216 5232.082 5232.082 5232.082 410.4453347634842 410.4453347634842 410.4453347634842 25.652833422717762 25.652833422717762 25.652833422717762
64 33554432 5483.497 5483.497 5483.497 783.2533319522196 783.2533319522196 783.2533319522196 48.953333247013724 48.953333247013724 48.953333247013724

128 1 1.816 1.816 1.816 0.14096916299559473 0.14096916299559473 0.14096916299559473 0.00881057268722467 0.00881057268722467 0.00881057268722467
128 2 0.604 0.604 0.604 0.8476821192052981 0.8476821192052981 0.8476821192052981 0.05298013245033113 0.05298013245033113 0.05298013245033113
128 4 0.593 0.593 0.593 1.7268128161888703 1.7268128161888703 1.7268128161888703 0.10792580101180439 0.10792580101180439 0.10792580101180439
128 8 0.595 0.595 0.595 3.4420168067226893 3.4420168067226893 3.4420168067226893 0.21512605042016808 0.21512605042016808 0.21512605042016808
128 16 0.604 0.604 0.604 6.781456953642385 6.781456953642385 6.781456953642385 0.42384105960264906 0.42384105960264906 0.42384105960264906
128 32 0.594 0.594 0.594 13.791245791245794 13.791245791245794 13.791245791245794 0.8619528619528621 0.8619528619528621 0.8619528619528621
128 64 0.588 0.588 0.588 27.8639455782313 27.8639455782313 27.8639455782313 1.7414965986394562 1.7414965986394562 1.7414965986394562
128 128 0.606 0.606 0.606 54.07260726072607 54.07260726072607 54.07260726072607 3.3795379537953796 3.3795379537953796 3.3795379537953796
128 256 0.665 0.665 0.665 98.55037593984963 98.55037593984963 98.55037593984963 6.159398496240602 6.159398496240602 6.159398496240602
128 512 0.703 0.703 0.703 186.4466571834993 186.4466571834993 186.4466571834993 11.652916073968706 11.652916073968706 11.652916073968706
128 1024 0.831 0.831 0.831 315.4560770156438 315.4560770156438 315.4560770156438 19.71600481347774 19.71600481347774 19.71600481347774
128 2048 1.087 1.087 1.087 482.3256669733211 482.3256669733211 482.3256669733211 30.14535418583257 30.14535418583257 30.14535418583257
128 4096 1.595 1.595 1.595 657.414420062696 657.414420062696 657.414420062696 41.0884012539185 41.0884012539185 41.0884012539185
128 8192 2.616 2.616 2.616 801.6636085626911 801.6636085626911 801.6636085626911 50.103975535168196 50.103975535168196 50.103975535168196
128 16384 4.515 4.515 4.515 928.9709856035438 928.9709856035438 928.9709856035438 58.06068660022149 58.06068660022149 58.06068660022149
128 32768 9.739 9.739 9.739 861.3418215422528 861.3418215422528 861.3418215422528 53.8338638463908 53.8338638463908 53.8338638463908
128 65536 27.236 27.236 27.236 615.9941254222352 615.9941254222352 615.9941254222352 38.4996328388897 38.4996328388897 38.4996328388897
128 131072 36.33 36.33 36.33 923.6012111202863 923.6012111202863 923.6012111202863 57.72507569501789 57.72507569501789 57.72507569501789
128 262144 72.81 72.81 72.81 921.6984480153825 921.6984480153825 921.6984480153825 57.606153000961406 57.606153000961406 57.606153000961406
128 524288 146.953 146.953 146.953 913.3377882724408 913.3377882724408 913.3377882724408 57.08361176702755 57.08361176702755 57.08361176702755
128 1048576 288.559 288.559 288.559 930.2619429648703 930.2619429648703 930.2619429648703 58.14137143530439 58.14137143530439 58.14137143530439
128 2097152 563.93 563.93 563.93 952.0169382724808 952.0169382724808 952.0169382724808 59.50105864203005 59.50105864203005 59.50105864203005
128 4194304 1109.652 1109.652 1109.652 967.6383442737002 967.6383442737002 967.6383442737002 60.477396517106264 60.477396517106264 60.477396517106264
128 8388608 2225.886 2225.886 2225.886 964.7770137374512 964.7770137374512 964.7770137374512 60.2985633585907 60.2985633585907 60.2985633585907
128 16777216 4780.675 4780.675 4780.675 898.4018566415831 898.4018566415831 898.4018566415831 56.15011604009894 56.15011604009894 56.15011604009894

256 1 1.254 1.254 1.254 0.40829346092503993 0.40829346092503993 0.40829346092503993 0.025518341307814996 0.025518341307814996 0.025518341307814996
256 2 0.741 0.741 0.741 1.3819163292847505 1.3819163292847505 1.3819163292847505 0.0863697705802969 0.0863697705802969 0.0863697705802969
256 4 0.608 0.608 0.608 3.3684210526315796 3.3684210526315796 3.3684210526315796 0.21052631578947373 0.21052631578947373 0.21052631578947373
256 8 0.638 0.638 0.638 6.4200626959247655 6.4200626959247655 6.4200626959247655 0.40125391849529785 0.40125391849529785 0.40125391849529785
256 16 0.668 0.668 0.668 12.263473053892216 12.263473053892216 12.263473053892216 0.7664670658682635 0.7664670658682635 0.7664670658682635
256 32 0.624 0.624 0.624 26.25641025641026 26.25641025641026 26.25641025641026 1.6410256410256412 1.6410256410256412 1.6410256410256412
256 64 0.626 0.626 0.626 52.34504792332269 52.34504792332269 52.34504792332269 3.271565495207668 3.271565495207668 3.271565495207668
256 128 0.634 0.634 0.634 103.36908517350159 103.36908517350159 103.36908517350159 6.460567823343849 6.460567823343849 6.460567823343849
256 256 0.66 0.66 0.66 198.5939393939394 198.5939393939394 198.5939393939394 12.412121212121212 12.412121212121212 12.412121212121212
256 512 0.728 0.728 0.728 360.0879120879121 360.0879120879121 360.0879120879121 22.505494505494507 22.505494505494507 22.505494505494507
256 1024 0.86 0.86 0.86 609.6372093023256 609.6372093023256 609.6372093023256 38.10232558139535 38.10232558139535 38.10232558139535
256 2048 1.131 1.131 1.131 927.1229000884174 927.1229000884174 927.1229000884174 57.94518125552609 57.94518125552609 57.94518125552609
256 4096 1.673 1.673 1.673 1253.5277943813508 1253.5277943813508 1253.5277943813508 78.34548714883442 78.34548714883442 78.34548714883442
256 8192 3.995 3.995 3.995 1049.8883604505634 1049.8883604505634 1049.8883604505634 65.61802252816021 65.61802252816021 65.61802252816021
256 16384 4.438 4.438 4.438 1890.1775574583148 1890.1775574583148 1890.1775574583148 118.13609734114468 118.13609734114468 118.13609734114468
256 32768 10.306 10.306 10.306 1627.907626625267 1627.907626625267 1627.907626625267 101.74422666407919 101.74422666407919 101.74422666407919
256 65536 18.063 18.063 18.063 1857.6333942313017 1857.6333942313017 1857.6333942313017 116.10208713945636 116.10208713945636 116.10208713945636
256 131072 36.407 36.407 36.407 1843.2956299612713 1843.2956299612713 1843.2956299612713 115.20597687257946 115.20597687257946 115.20597687257946
256 262144 72.749 72.749 72.749 1844.9425834032086 1844.9425834032086 1844.9425834032086 115.30891146270054 115.30891146270054 115.30891146270054
256 524288 145.818 145.818 145.818 1840.893826550906 1840.893826550906 1840.893826550906 115.05586415943162 115.05586415943162 115.05586415943162
256 1048576 290.498 290.498 290.498 1848.1053638923506 1848.1053638923506 1848.1053638923506 115.50658524327191 115.50658524327191 115.50658524327191
256 2097152 569.254 569.254 569.254 1886.2262259026725 1886.2262259026725 1886.2262259026725 117.88913911891703 117.88913911891703 117.88913911891703
256 4194304 1125.815 1125.815 1125.815 1907.492481446774 1907.492481446774 1907.492481446774 119.21828009042338 119.21828009042338 119.21828009042338
256 8388608 2243.665 2243.665 2243.665 1914.2640706166028 1914.2640706166028 1914.2640706166028 119.64150441353767 119.64150441353767 119.64150441353767

512 1 1.131 1.131 1.131 0.9053934571175951 0.9053934571175951 0.9053934571175951 0.056587091069849695 0.056587091069849695 0.056587091069849695
512 2 0.662 0.662 0.662 3.093655589123867 3.093655589123867 3.093655589123867 0.1933534743202417 0.1933534743202417 0.1933534743202417
512 4 1.819 1.819 1.819 2.251786695986806 2.251786695986806 2.251786695986806 0.14073666849917538 0.14073666849917538 0.14073666849917538
512 8 0.761 0.761 0.761 10.764783180026281 10.764783180026281 10.764783180026281 0.6727989487516426 0.6727989487516426 0.6727989487516426
512 16 0.64 0.64 0.64 25.6 25.6 25.6 1.6 1.6 1.6
512 32 0.671 0.671 0.671 48.83457526080477 48.83457526080477 48.83457526080477 3.052160953800298 3.052160953800298 3.052160953800298
512 64 0.663 0.663 0.663 98.8476621417798 98.8476621417798 98.8476621417798 6.177978883861237 6.177978883861237 6.177978883861237
512 128 0.662 0.662 0.662 197.9939577039275 197.9939577039275 197.9939577039275 12.374622356495468 12.374622356495468 12.374622356495468
512 256 0.711 0.711 0.711 368.69760900140653 368.69760900140653 368.69760900140653 23.04360056258791 23.04360056258791 23.04360056258791
512 512 0.804 0.804 0.804 652.0995024875622 652.0995024875622 652.0995024875622 40.756218905472636 40.756218905472636 40.756218905472636
512 1024 0.968 0.968 0.968 1083.2396694214879 1083.2396694214879 1083.2396694214879 67.70247933884299 67.70247933884299 67.70247933884299
512 2048 1.301 1.301 1.301 1611.953881629516 1611.953881629516 1611.953881629516 100.74711760184475 100.74711760184475 100.74711760184475
512 4096 2.001 2.001 2.001 2096.103948025987 2096.103948025987 2096.103948025987 131.00649675162418 131.00649675162418 131.00649675162418
512 8192 3.377 3.377 3.377 2484.0414569144214 2484.0414569144214 2484.0414569144214 155.25259105715134 155.25259105715134 155.25259105715134
512 16384 6.148 6.148 6.148 2728.8900455432668 2728.8900455432668 2728.8900455432668 170.55562784645417 170.55562784645417 170.55562784645417
512 32768 11.68 11.68 11.68 2872.8109589041096 2872.8109589041096 2872.8109589041096 179.55068493150685 179.55068493150685 179.55068493150685
512 65536 23.239 23.239 23.239 2887.769008993502 2887.769008993502 2887.769008993502 180.4855630620939 180.4855630620939 180.4855630620939
512 131072 46.768 46.768 46.768 2869.8624700650016 2869.8624700650016 2869.8624700650016 179.3664043790626 179.3664043790626 179.3664043790626
512 262144 106.124 106.124 106.124 2529.4509818702654 2529.4509818702654 2529.4509818702654 158.0906863668916 158.0906863668916 158.0906863668916
512 524288 194.075 194.075 194.075 2766.3063867061705 2766.3063867061705 2766.3063867061705 172.89414916913566 172.89414916913566 172.89414916913566
512 1048576 388.44 388.44 388.44 2764.2411286170327 2764.2411286170327 2764.2411286170327 172.76507053856454 172.76507053856454 172.76507053856454
512 2097152 691.206 691.206 691.206 3106.864882538636 3106.864882538636 3106.864882538636 194.17905515866474 194.17905515866474 194.17905515866474
512 4194304 1870.005 1870.005 1870.005 2296.767813989802 2296.767813989802 2296.767813989802 143.54798837436263 143.54798837436263 143.54798837436263

1024 1 2.63 2.63 2.63 0.7787072243346008 0.7787072243346008 0.7787072243346008 0.04866920152091255 0.04866920152091255 0.04866920152091255
1024 2 0.73 0.73 0.73 5.610958904109589 5.610958904109589 5.610958904109589 0.3506849315068493 0.3506849315068493 0.3506849315068493
1024 4 0.653 0.653 0.653 12.545176110260337 12.545176110260337 12.545176110260337 0.7840735068912711 0.7840735068912711 0.7840735068912711
1024 8 0.659 0.659 0.659 24.861911987860395 24.861911987860395 24.861911987860395 1.5538694992412747 1.5538694992412747 1.5538694992412747
1024 16 0.635 0.635 0.635 51.60314960629921 51.60314960629921 51.60314960629921 3.2251968503937007 3.2251968503937007 3.2251968503937007
1024 32 0.706 0.706 0.706 92.8271954674221 92.8271954674221 92.8271954674221 5.801699716713881 5.801699716713881 5.801699716713881
1024 64 0.637 0.637 0.637 205.76452119309263 205.76452119309263 205.76452119309263 12.86028257456829 12.86028257456829 12.86028257456829
1024 128 0.647 0.647 0.647 405.16846986089644 405.16846986089644 405.16846986089644 25.323029366306027 25.323029366306027 25.323029366306027
1024 256 0.695 0.695 0.695 754.3712230215829 754.3712230215829 754.3712230215829 47.14820143884893 47.14820143884893 47.14820143884893
1024 512 0.814 0.814 0.814 1288.1769041769044 1288.1769041769044 1288.1769041769044 80.51105651105652 80.51105651105652 80.51105651105652
1024 1024 1.05 1.05 1.05 1997.287619047619 1997.287619047619 1997.287619047619 124.83047619047619 124.83047619047619 124.83047619047619
1024 2048 1.494 1.494 1.494 2807.4323962516737 2807.4323962516737 2807.4323962516737 175.4645247657296 175.4645247657296 175.4645247657296
1024 4096 2.411 2.411 2.411 3479.3065118208215 3479.3065118208215 3479.3065118208215 217.45665698880134 217.45665698880134 217.45665698880134
1024 8192 4.259 4.259 4.259 3939.238318854191 3939.238318854191 3939.238318854191 246.20239492838695 246.20239492838695 246.20239492838695
1024 16384 7.87 7.87 7.87 4263.587293519695 4263.587293519695 4263.587293519695 266.47420584498093 266.47420584498093 266.47420584498093
1024 32768 16.54 16.54 16.54 4057.3678355501825 4057.3678355501825 4057.3678355501825 253.5854897218864 253.5854897218864 253.5854897218864
1024 65536 31.769 31.769 31.769 4224.80178790645 4224.80178790645 4224.80178790645 264.0501117441531 264.0501117441531 264.0501117441531
1024 131072 82.687 82.687 82.687 3246.404585968774 3246.404585968774 3246.404585968774 202.90028662304837 202.90028662304837 202.90028662304837
1024 262144 131.128 131.128 131.128 4094.2507473613573 4094.2507473613573 4094.2507473613573 255.89067171008483 255.89067171008483 255.89067171008483
1024 524288 259.954 259.954 259.954 4130.507028166522 4130.507028166522 4130.507028166522 258.15668926040763 258.15668926040763 258.15668926040763
1024 1048576 483.667 483.667 483.667 4440.004482422824 4440.004482422824 4440.004482422824 277.5002801514265 277.5002801514265 277.5002801514265
1024 2097152 970.872 970.872 970.872 4423.824454716997 4423.824454716997 4423.824454716997 276.4890284198123 276.4890284198123 276.4890284198123

2048 1 1.215 1.215 1.215 3.3711934156378605 3.3711934156378605 3.3711934156378605 0.21069958847736628 0.21069958847736628 0.21069958847736628
2048 2 0.652 0.652 0.652 12.56441717791411 12.56441717791411 12.56441717791411 0.7852760736196319 0.7852760736196319 0.7852760736196319
2048 4 0.705 0.705 0.705 23.239716312056743 23.239716312056743 23.239716312056743 1.4524822695035464 1.4524822695035464 1.4524822695035464
2048 8 0.822 0.822 0.822 39.86374695863748 39.86374695863748 39.86374695863748 2.4914841849148424 2.4914841849148424 2.4914841849148424
2048 16 0.778 0.778 0.778 84.23650385604114 84.23650385604114 84.23650385604114 5.264781491002571 5.264781491002571 5.264781491002571
2048 32 0.734 0.734 0.734 178.5722070844687 178.5722070844687 178.5722070844687 11.160762942779293 11.160762942779293 11.160762942779293
2048 64 0.764 0.764 0.764 343.12041884816756 343.12041884816756 343.12041884816756 21.445026178010473 21.445026178010473 21.445026178010473
2048 128 0.869 0.869 0.869 603.3233601841198 603.3233601841198 603.3233601841198 37.70771001150749 37.70771001150749 37.70771001150749
2048 256 1.1 1.1 1.1 953.2509090909091 953.2509090909091 953.2509090909091 59.57818181818182 59.57818181818182 59.57818181818182
2048 512 1.562 1.562 1.562 1342.606914212548 1342.606914212548 1342.606914212548 83.91293213828425 83.91293213828425 83.91293213828425
2048 1024 2.505 2.505 2.505 1674.3728542914175 1674.3728542914175 1674.3728542914175 104.6483033932136 104.6483033932136 104.6483033932136
2048 2048 4.407 4.407 4.407 1903.4735647832993 1903.4735647832993 1903.4735647832993 118.9670977989562 118.9670977989562 118.9670977989562
2048 4096 8.106 8.106 8.106 2069.72810264002 2069.72810264002 2069.72810264002 129.35800641500126 129.35800641500126 129.35800641500126
2048 8192 15.567 15.567 15.567 2155.4848076058333 2155.4848076058333 2155.4848076058333 134.71780047536458 134.71780047536458 134.71780047536458
2048 16384 30.482 30.482 30.482 2201.5899219211337 2201.5899219211337 2201.5899219211337 137.59937012007086 137.59937012007086 137.59937012007086
2048 32768 60.327 60.327 60.327 2224.8367729209144 2224.8367729209144 2224.8367729209144 139.05229830755715 139.05229830755715 139.05229830755715
2048 65536 120.031 120.031 120.031 2236.384400696487 2236.384400696487 2236.384400696487 139.77402504353043 139.77402504353043 139.77402504353043
2048 131072 239.415 239.415 239.415 2242.4280517093753 2242.4280517093753 2242.4280517093753 140.15175323183595 140.15175323183595 140.15175323183595
2048 262144 485.865 485.865 485.865 2209.9591944264357 2209.9591944264357 2209.9591944264357 138.12244965165223 138.12244965165223 138.12244965165223
2048 524288 992.9 992.9 992.9 2162.8398106556556 2162.8398106556556 2162.8398106556556 135.17748816597847 135.17748816597847 135.17748816597847
2048 1048576 1947.477 1947.477 1947.477 2205.4007805997194 2205.4007805997194 2205.4007805997194 137.83754878748246 137.83754878748246 137.83754878748246

4096 1 2.32 2.32 2.32 3.531034482758621 3.531034482758621 3.531034482758621 0.22068965517241382 0.22068965517241382 0.22068965517241382
4096 2 0.701 0.701 0.701 23.37232524964337 23.37232524964337 23.37232524964337 1.4607703281027107 1.4607703281027107 1.4607703281027107
4096 4 0.672 0.672 0.672 48.76190476190476 48.76190476190476 48.76190476190476 3.0476190476190474 3.0476190476190474 3.0476190476190474
4096 8 0.652 0.652 0.652 100.51533742331289 100.51533742331289 100.51533742331289 6.282208588957055 6.282208588957055 6.282208588957055
4096 16 0.66 0.66 0.66 198.5939393939394 198.5939393939394 198.5939393939394 12.412121212121212 12.412121212121212 12.412121212121212
4096 32 0.772 0.772 0.772 339.56476683937825 339.56476683937825 339.56476683937825 21.22279792746114 21.22279792746114 21.22279792746114
4096 64 0.771 0.771 0.771 680.0103761348898 680.0103761348898 680.0103761348898 42.500648508430615 42.500648508430615 42.500648508430615
4096 128 0.935 0.935 0.935 1121.4716577540107 1121.4716577540107 1121.4716577540107 70.09197860962567 70.09197860962567 70.09197860962567
4096 256 1.285 1.285 1.285 1632.0249027237355 1632.0249027237355 1632.0249027237355 102.00155642023347 102.00155642023347 102.00155642023347
4096 512 1.903 1.903 1.903 2204.048344718865 2204.048344718865 2204.048344718865 137.75302154492906 137.75302154492906 137.75302154492906
4096 1024 4.754 4.754 4.754 1764.536811106437 1764.536811106437 1764.536811106437 110.28355069415231 110.28355069415231 110.28355069415231
4096 2048 8.778 8.778 8.778 1911.2800182273868 1911.2800182273868 1911.2800182273868 119.45500113921167 119.45500113921167 119.45500113921167
4096 4096 16.381 16.381 16.381 2048.375068677126 2048.375068677126 2048.375068677126 128.02344179232037 128.02344179232037 128.02344179232037
4096 8192 34.998 34.998 34.998 1917.5056860392024 1917.5056860392024 1917.5056860392024 119.84410537745015 119.84410537745015 119.84410537745015
4096 16384 70.072 70.072 70.072 1915.4259618677931 1915.4259618677931 1915.4259618677931 119.71412261673707 119.71412261673707 119.71412261673707
4096 32768 131.119 131.119 131.119 2047.2658882389283 2047.2658882389283 2047.2658882389283 127.95411801493302 127.95411801493302 127.95411801493302
4096 65536 270.641 270.641 270.641 1983.7013312838778 1983.7013312838778 1983.7013312838778 123.98133320524236 123.98133320524236 123.98133320524236
4096 131072 489.714 489.714 489.714 2192.58960127748 2192.58960127748 2192.58960127748 137.0368500798425 137.0368500798425 137.0368500798425
4096 262144 1014.154 1014.154 1014.154 2117.5123778045545 2117.5123778045545 2117.5123778045545 132.34452361278466 132.34452361278466 132.34452361278466
4096 524288 2023.607 2023.607 2023.607 2122.43152746556 2122.43152746556 2122.43152746556 132.6519704665975 132.6519704665975 132.6519704665975

8192 1 1.051 1.051 1.051 15.58896289248335 15.58896289248335 15.58896289248335 0.9743101807802094 0.9743101807802094 0.9743101807802094
8192 2 0.714 0.714 0.714 45.893557422969195 45.893557422969195 45.893557422969195 2.8683473389355747 2.8683473389355747 2.8683473389355747
8192 4 0.718 0.718 0.718 91.2757660167131 91.2757660167131 91.2757660167131 5.704735376044569 5.704735376044569 5.704735376044569
8192 8 0.703 0.703 0.703 186.4466571834993 186.4466571834993 186.4466571834993 11.652916073968706 11.652916073968706 11.652916073968706
8192 16 0.733 0.733 0.733 357.63165075034107 357.63165075034107 357.63165075034107 22.351978171896317 22.351978171896317 22.351978171896317
8192 32 0.807 0.807 0.807 649.6753407682776 649.6753407682776 649.6753407682776 40.60470879801735 40.60470879801735 40.60470879801735
8192 64 0.938 0.938 0.938 1117.8848614072497 1117.8848614072497 1117.8848614072497 69.8678038379531 69.8678038379531 69.8678038379531
8192 128 1.262 1.262 1.262 1661.7686212361332 1661.7686212361332 1661.7686212361332 103.86053882725832 103.86053882725832 103.86053882725832
8192 256 1.879 1.879 1.879 2232.200106439596 2232.200106439596 2232.200106439596 139.51250665247474 139.51250665247474 139.51250665247474
8192 512 3.609 3.609 3.609 2324.3579939041288 2324.3579939041288 2324.3579939041288 145.27237461900805 145.27237461900805 145.27237461900805
8192 1024 5.769 5.769 5.769 2908.167100017334 2908.167100017334 2908.167100017334 181.7604437510834 181.7604437510834 181.7604437510834
8192 2048 10.68 10.68 10.68 3141.800749063671 3141.800749063671 3141.800749063671 196.36254681647944 196.36254681647944 196.36254681647944
8192 4096 20.722 20.722 20.722 3238.53218801274 3238.53218801274 3238.53218801274 202.40826175079624 202.40826175079624 202.40826175079624
8192 8192 40.77 40.77 40.77 3292.070836399313 3292.070836399313 3292.070836399313 205.75442727495707 205.75442727495707 205.75442727495707
8192 16384 80.916 80.916 80.916 3317.4583024370954 3317.4583024370954 3317.4583024370954 207.34114390231846 207.34114390231846 207.34114390231846
8192 32768 190.555 190.555 190.555 2817.4065860250325 2817.4065860250325 2817.4065860250325 176.08791162656453 176.08791162656453 176.08791162656453
8192 65536 336.546 336.546 336.546 3190.4756675164763 3190.4756675164763 3190.4756675164763 199.40472921977977 199.40472921977977 199.40472921977977
8192 131072 631.289 631.289 631.289 3401.7441266994997 3401.7441266994997 3401.7441266994997 212.60900791871873 212.60900791871873 212.60900791871873
8192 262144 1257.438 1257.438 1257.438 3415.6493568668993 3415.6493568668993 3415.6493568668993 213.4780848041812 213.4780848041812 213.4780848041812

16384 1 1.948 1.948 1.948 16.821355236139635 16.821355236139635 16.821355236139635 1.0513347022587272 1.0513347022587272 1.0513347022587272
16384 2 0.886 0.886 0.886 73.9683972911964 73.9683972911964 73.9683972911964 4.623024830699775 4.623024830699775 4.623024830699775
16384 4 0.821 0.821 0.821 159.64920828258224 159.64920828258224 159.64920828258224 9.97807551766139 9.97807551766139 9.97807551766139
16384 8 0.864 0.864 0.864 303.40740740740745 303.40740740740745 303.40740740740745 18.962962962962965 18.962962962962965 18.962962962962965
16384 16 0.96 0.96 0.96 546.1333333333334 546.1333333333334 546.1333333333334 34.13333333333334 34.13333333333334 34.13333333333334
16384 32 1.037 1.037 1.037 1011.1629701060752 1011.1629701060752 1011.1629701060752 63.1976856316297 63.1976856316297 63.1976856316297
16384 64 1.348 1.348 1.348 1555.7507418397627 1555.7507418397627 1555.7507418397627 97.23442136498517 97.23442136498517 97.23442136498517
16384 128 2.067 2.067 2.067 2029.1746492501209 2029.1746492501209 2029.1746492501209 126.82341557813255 126.82341557813255 126.82341557813255
16384 256 3.278 3.278 3.278 2559.0628431970713 2559.0628431970713 2559.0628431970713 159.94142769981696 159.94142769981696 159.94142769981696
16384 512 5.85 5.85 5.85 2867.9001709401714 2867.9001709401714 2867.9001709401714 179.2437606837607 179.2437606837607 179.2437606837607
16384 1024 10.963 10.963 10.963 3060.6979841284324 3060.6979841284324 3060.6979841284324 191.29362400802702 191.29362400802702 191.29362400802702
16384 2048 21.244 21.244 21.244 3158.9561287893057 3158.9561287893057 3158.9561287893057 197.4347580493316 197.4347580493316 197.4347580493316
16384 4096 49.881 49.881 49.881 2690.758565385618 2690.758565385618 2690.758565385618 168.17241033660113 168.17241033660113 168.17241033660113
16384 8192 95.943 95.943 95.943 2797.863898356316 2797.863898356316 2797.863898356316 174.86649364726975 174.86649364726975 174.86649364726975
16384 16384 164.962 164.962 164.962 3254.5126271504955 3254.5126271504955 3254.5126271504955 203.40703919690597 203.40703919690597 203.40703919690597
16384 32768 329.187 329.187 329.187 3261.798989632033 3261.798989632033 3261.798989632033 203.86243685200208 203.86243685200208 203.86243685200208
16384 65536 664.459 664.459 664.459 3231.9280015772233 3231.9280015772233 3231.9280015772233 201.99550009857646 201.99550009857646 201.99550009857646
16384 131072 1472.757 1472.757 1472.757 2916.2769526812635 2916.2769526812635 2916.2769526812635 182.26730954257897 182.26730954257897 182.26730954257897

32768 1 2.056 2.056 2.056 31.87548638132296 31.87548638132296 31.87548638132296 1.992217898832685 1.992217898832685 1.992217898832685
32768 2 0.906 0.906 0.906 144.6710816777042 144.6710816777042 144.6710816777042 9.041942604856512 9.041942604856512 9.041942604856512
32768 4 0.777 0.777 0.777 337.37966537966537 337.37966537966537 337.37966537966537 21.086229086229086 21.086229086229086 21.086229086229086
32768 8 0.824 0.824 0.824 636.2718446601942 636.2718446601942 636.2718446601942 39.76699029126214 39.76699029126214 39.76699029126214
32768 16 0.908 0.908 0.908 1154.819383259912 1154.819383259912 1154.819383259912 72.1762114537445 72.1762114537445 72.1762114537445
32768 32 1.108 1.108 1.108 1892.7364620938629 1892.7364620938629 1892.7364620938629 118.29602888086643 118.29602888086643 118.29602888086643
32768 64 1.537 1.537 1.537 2728.8900455432668 2728.8900455432668 2728.8900455432668 170.55562784645417 170.55562784645417 170.55562784645417
32768 128 2.352 2.352 2.352 3566.585034013606 3566.585034013606 3566.585034013606 222.9115646258504 222.9115646258504 222.9115646258504
32768 256 5.075 5.075 5.075 3305.855369458128 3305.855369458128 3305.855369458128 206.615960591133 206.615960591133 206.615960591133
32768 512 22.3 22.3 22.3 1504.6830493273544 1504.6830493273544 1504.6830493273544 94.04269058295965 94.04269058295965 94.04269058295965
32768 1024 17.351 17.351 17.351 3867.7231283499514 3867.7231283499514 3867.7231283499514 241.73269552187196 241.73269552187196 241.73269552187196
32768 2048 34.792 34.792 34.792 3857.7180961140493 3857.7180961140493 3857.7180961140493 241.10738100712808 241.10738100712808 241.10738100712808
32768 4096 70.247 70.247 70.247 3821.3084686890547 3821.3084686890547 3821.3084686890547 238.83177929306592 238.83177929306592 238.83177929306592
32768 8192 138.447 138.447 138.447 3877.808200972213 3877.808200972213 3877.808200972213 242.3630125607633 242.3630125607633 242.3630125607633
32768 16384 277.582 277.582 277.582 3868.196871555072 3868.196871555072 3868.196871555072 241.762304472192 241.762304472192 241.762304472192
32768 32768 505.877 505.877 505.877 4245.07073458568 4245.07073458568 4245.07073458568 265.316920911605 265.316920911605 265.316920911605
32768 65536 978.305 978.305 978.305 4390.212966303966 4390.212966303966 4390.212966303966 274.38831039399787 274.38831039399787 274.38831039399787

65536 1 4.494 4.494 4.494 29.165999109924346 29.165999109924346 29.165999109924346 1.8228749443702716 1.8228749443702716 1.8228749443702716
65536 2 1.224 1.224 1.224 214.16993464052288 214.16993464052288 214.16993464052288 13.38562091503268 13.38562091503268 13.38562091503268
65536 4 1.332 1.332 1.332 393.6096096096096 393.6096096096096 393.6096096096096 24.6006006006006 24.6006006006006 24.6006006006006
65536 8 1.519 1.519 1.519 690.3067807768269 690.3067807768269 690.3067807768269 43.144173798551684 43.144173798551684 43.144173798551684
65536 16 1.904 1.904 1.904 1101.4453781512607 1101.4453781512607 1101.4453781512607 68.84033613445379 68.84033613445379 68.84033613445379
65536 32 2.654 2.654 2.654 1580.370761115298 1580.370761115298 1580.370761115298 98.77317256970612 98.77317256970612 98.77317256970612
65536 64 4.221 4.221 4.221 1987.3508647239992 1987.3508647239992 1987.3508647239992 124.20942904524995 124.20942904524995 124.20942904524995
65536 128 7.353 7.353 7.353 2281.6831225350197 2281.6831225350197 2281.6831225350197 142.60519515843873 142.60519515843873 142.60519515843873
65536 256 13.547 13.547 13.547 2476.8902340001478 2476.8902340001478 2476.8902340001478 154.80563962500923 154.80563962500923 154.80563962500923
65536 512 26.056 26.056 26.056 2575.562787841572 2575.562787841572 2575.562787841572 160.97267424009826 160.97267424009826 160.97267424009826
65536 1024 51.114 51.114 51.114 2625.850608443871 2625.850608443871 2625.850608443871 164.11566302774193 164.11566302774193 164.11566302774193
65536 2048 100.921 100.921 100.921 2659.857274501838 2659.857274501838 2659.857274501838 166.2410796563649 166.2410796563649 166.2410796563649
65536 4096 200.816 200.816 200.816 2673.4468966616205 2673.4468966616205 2673.4468966616205 167.09043104135128 167.09043104135128 167.09043104135128
65536 8192 437.422 437.422 437.422 2454.704665060285 2454.704665060285 2454.704665060285 153.41904156626782 153.41904156626782 153.41904156626782
65536 16384 832.314 832.314 832.314 2580.1364004450243 2580.1364004450243 2580.1364004450243 161.25852502781402 161.25852502781402 161.25852502781402
65536 32768 1657.574 1657.574 1657.574 2591.11647262807 2591.11647262807 2591.11647262807 161.94477953925437 161.94477953925437 161.94477953925437

131072 1 3.974 3.974 3.974 65.96477101157524 65.96477101157524 65.96477101157524 4.122798188223452 4.122798188223452 4.122798188223452
131072 2 1.549 1.549 1.549 338.468689477082 338.468689477082 338.468689477082 21.154293092317626 21.154293092317626 21.154293092317626
131072 4 3.069 3.069 3.069 341.66699250570224 341.66699250570224 341.66699250570224 21.35418703160639 21.35418703160639 21.35418703160639
131072 8 1.955 1.955 1.955 1072.7120204603582 1072.7120204603582 1072.7120204603582 67.04450127877239 67.04450127877239 67.04450127877239
131072 16 2.059 2.059 2.059 2037.058766391452 2037.058766391452 2037.058766391452 127.31617289946576 127.31617289946576 127.31617289946576
131072 32 2.707 2.707 2.707 3098.8577761359443 3098.8577761359443 3098.8577761359443 193.67861100849652 193.67861100849652 193.67861100849652
131072 64 4.004 4.004 4.004 4190.113886113887 4190.113886113887 4190.113886113887 261.88211788211794 261.88211788211794 261.88211788211794
131072 128 6.557 6.557 6.557 5117.345127344823 5117.345127344823 5117.345127344823 319.8340704590514 319.8340704590514 319.8340704590514
131072 256 18.701 18.701 18.701 3588.517405486338 3588.517405486338 3588.517405486338 224.2823378428961 224.2823378428961 224.2823378428961
131072 512 22.646 22.646 22.646 5926.774176455004 5926.774176455004 5926.774176455004 370.42338602843773 370.42338602843773 370.42338602843773
131072 1024 51.674 51.674 51.674 5194.787630142819 5194.787630142819 5194.787630142819 324.67422688392617 324.67422688392617 324.67422688392617
131072 2048 86.49 86.49 86.49 6207.3177477165 6207.3177477165 6207.3177477165 387.95735923228125 387.95735923228125 387.95735923228125
131072 4096 170.921 170.921 170.921 6282.094207265346 6282.094207265346 6282.094207265346 392.63088795408413 392.63088795408413 392.63088795408413
131072 8192 359.252 359.252 359.252 5977.652589268814 5977.652589268814 5977.652589268814 373.6032868293009 373.6032868293009 373.6032868293009
131072 16384 1167.667 1167.667 1167.667 3678.2467056104188 3678.2467056104188 3678.2467056104188 229.89041910065117 229.89041910065117 229.89041910065117

262144 1 8.584 8.584 8.584 61.077353215284255 61.077353215284255 61.077353215284255 3.817334575955266 3.817334575955266 3.817334575955266
262144 2 3.233 3.233 3.233 324.3352922981751 324.3352922981751 324.3352922981751 20.270955768635943 20.270955768635943 20.270955768635943
262144 4 3.485 3.485 3.485 601.7652797704449 601.7652797704449 601.7652797704449 37.610329985652804 37.610329985652804 37.610329985652804
262144 8 3.714 3.714 3.714 1129.322563274098 1129.322563274098 1129.322563274098 70.58266020463113 70.58266020463113 70.58266020463113
262144 16 4.366 4.366 4.366 1921.3486028401287 1921.3486028401287 1921.3486028401287 120.08428767750804 120.08428767750804 120.08428767750804
262144 32 5.679 5.679 5.679 2954.2553266420146 2954.2553266420146 2954.2553266420146 184.6409579151259 184.6409579151259 184.6409579151259
262144 64 8.215 8.215 8.215 4084.5321972002434 4084.5321972002434 4084.5321972002434 255.28326232501522 255.28326232501522 255.28326232501522
262144 128 13.328 13.328 13.328 5035.17887154862 5035.17887154862 5035.17887154862 314.69867947178875 314.69867947178875 314.69867947178875
262144 256 23.655 23.655 23.655 5673.968632424435 5673.968632424435 5673.968632424435 354.6230395265272 354.6230395265272 354.6230395265272
262144 512 44.167 44.167 44.167 6077.738039712908 6077.738039712908 6077.738039712908 379.85862748205676 379.85862748205676 379.85862748205676
262144 1024 99.702 99.702 99.702 5384.755691962047 5384.755691962047 5384.755691962047 336.54723074762796 336.54723074762796 336.54723074762796
262144 2048 179.957 179.957 179.957 5966.657723789573 5966.657723789573 5966.657723789573 372.9161077368483 372.9161077368483 372.9161077368483
262144 4096 324.682 324.682 324.682 6614.113649663363 6614.113649663363 6614.113649663363 413.38210310396016 413.38210310396016 413.38210310396016
262144 8192 634.639 634.639 634.639 6767.575418466246 6767.575418466246 6767.575418466246 422.9734636541404 422.9734636541404 422.9734636541404

524288 1 19.443 19.443 19.443 53.930772000205735 53.930772000205735 53.930772000205735 3.3706732500128584 3.3706732500128584 3.3706732500128584
524288 2 5.714 5.714 5.714 367.01995099754987 367.01995099754987 367.01995099754987 22.938746937346867 22.938746937346867 22.938746937346867
524288 4 6.41 6.41 6.41 654.3375975039002 654.3375975039002 654.3375975039002 40.89609984399376 40.89609984399376 40.89609984399376
524288 8 6.467 6.467 6.467 1297.1405597649607 1297.1405597649607 1297.1405597649607 81.07128498531004 81.07128498531004 81.07128498531004
524288 16 7.679 7.679 7.679 2184.817814819638 2184.817814819638 2184.817814819638 136.55111342622737 136.55111342622737 136.55111342622737
524288 32 10.062 10.062 10.062 3334.767640628106 3334.767640628106 3334.767640628106 208.42297753925664 208.42297753925664 208.42297753925664
524288 64 14.82 14.82 14.82 4528.26342780027 4528.26342780027 4528.26342780027 283.01646423751686 283.01646423751686 283.01646423751686
524288 128 24.393 24.393 24.393 5502.305087525109 5502.305087525109 5502.305087525109 343.8940679703193 343.8940679703193 343.8940679703193
524288 256 43.473 43.473 43.473 6174.762634278748 6174.762634278748 6174.762634278748 385.92266464242175 385.92266464242175 385.92266464242175
524288 512 81.791 81.791 81.791 6563.936276607451 6563.936276607451 6563.936276607451 410.2460172879657 410.2460172879657 410.2460172879657
524288 1024 172.857 172.857 172.857 6211.734693995615 6211.734693995615 6211.734693995615 388.23341837472594 388.23341837472594 388.23341837472594
524288 2048 310.12 310.12 310.12 6924.6860828066565 6924.6860828066565 6924.6860828066565 432.79288017541603 432.79288017541603 432.79288017541603
524288 4096 913.236 913.236 913.236 4703.020134992488 4703.020134992488 4703.020134992488 293.9387584370305 293.9387584370305 293.9387584370305

1048576 1 35.166 35.166 35.166 59.63578456463631 59.63578456463631 59.63578456463631 3.7272365352897694 3.7272365352897694 3.7272365352897694
1048576 2 11.711 11.711 11.711 358.1507983946717 358.1507983946717 358.1507983946717 22.384424899666982 22.384424899666982 22.384424899666982
1048576 4 12.34 12.34 12.34 679.7899513776338 679.7899513776338 679.7899513776338 42.48687196110211 42.48687196110211 42.48687196110211
1048576 8 14.023 14.023 14.023 1196.4070455679955 1196.4070455679955 1196.4070455679955 74.77544034799972 74.77544034799972 74.77544034799972
1048576 16 23.388 23.388 23.388 1434.6858217889517 1434.6858217889517 1434.6858217889517 89.66786386180948 89.66786386180948 89.66786386180948
1048576 32 22.732 22.732 22.732 2952.1759633996135 2952.1759633996135 2952.1759633996135 184.51099771247584 184.51099771247584 184.51099771247584
1048576 64 31.712 31.712 31.712 4232.395560040364 4232.395560040364 4232.395560040364 264.52472250252276 264.52472250252276 264.52472250252276
1048576 128 63.164 63.164 63.164 4249.817237667025 4249.817237667025 4249.817237667025 265.6135773541891 265.6135773541891 265.6135773541891
1048576 256 82.206 82.206 82.206 6530.79960100236 6530.79960100236 6530.79960100236 408.1749750626475 408.1749750626475 408.1749750626475
1048576 512 151.159 151.159 151.159 7103.393274631349 7103.393274631349 7103.393274631349 443.96207966445934 443.96207966445934 443.96207966445934
1048576 1024 292.858 292.858 292.858 7332.849531172104 7332.849531172104 7332.849531172104 458.3030956982565 458.3030956982565 458.3030956982565
1048576 2048 580.251 580.251 580.251 7401.912786018465 7401.912786018465 7401.912786018465 462.6195491261541 462.6195491261541 462.6195491261541

2097152 1 65.004 65.004 65.004 64.52378315180604 64.52378315180604 64.52378315180604 4.032736446987878 4.032736446987878 4.032736446987878
2097152 2 22.163 22.163 22.163 378.49605197852276 378.49605197852276 378.49605197852276 23.656003248657672 23.656003248657672 23.656003248657672
2097152 4 22.534 22.534 22.534 744.5289784325909 744.5289784325909 744.5289784325909 46.53306115203693 46.53306115203693 46.53306115203693
2097152 8 24.625 24.625 24.625 1362.616527918782 1362.616527918782 1362.616527918782 85.16353299492387 85.16353299492387 85.16353299492387
2097152 16 43.479 43.479 43.479 1543.4776328802411 1543.4776328802411 1543.4776328802411 96.46735205501507 96.46735205501507 96.46735205501507
2097152 32 38.702 38.702 38.702 3467.9791225259683 3467.9791225259683 3467.9791225259683 216.74869515787302 216.74869515787302 216.74869515787302
2097152 64 54.881 54.881 54.881 4891.22749221042 4891.22749221042 4891.22749221042 305.70171826315124 305.70171826315124 305.70171826315124
2097152 128 97.072 97.072 97.072 5530.646447997363 5530.646447997363 5530.646447997363 345.6654029998352 345.6654029998352 345.6654029998352
2097152 256 160.564 160.564 160.564 6687.313619491293 6687.313619491293 6687.313619491293 417.9571012182058 417.9571012182058 417.9571012182058
2097152 512 297.25 297.25 297.25 7224.503441547519 7224.503441547519 7224.503441547519 451.53146509671996 451.53146509671996 451.53146509671996
2097152 1024 552.262 552.262 552.262 7777.046575719496 7777.046575719496 7777.046575719496 486.0654109824685 486.0654109824685 486.0654109824685

4194304 1 129.146 129.146 129.146 64.9544546482276 64.9544546482276 64.9544546482276 4.059653415514225 4.059653415514225 4.059653415514225
4194304 2 55.998 55.998 55.998 299.6038429943927 299.6038429943927 299.6038429943927 18.725240187149545 18.725240187149545 18.725240187149545
4194304 4 53.74 53.74 53.74 624.3846669147748 624.3846669147748 624.3846669147748 39.024041682173426 39.024041682173426 39.024041682173426
4194304 8 62.641 62.641 62.641 1071.3249149917785 1071.3249149917785 1071.3249149917785 66.95780718698616 66.95780718698616 66.95780718698616
4194304 16 64.272 64.272 64.272 2088.2768235001245 2088.2768235001245 2088.2768235001245 130.51730146875778 130.51730146875778 130.51730146875778
4194304 32 83.57 83.57 83.57 3212.1030991982775 3212.1030991982775 3212.1030991982775 200.75644369989234 200.75644369989234 200.75644369989234
4194304 64 125.559 125.559 125.559 4275.845713967139 4275.845713967139 4275.845713967139 267.2403571229462 267.2403571229462 267.2403571229462
4194304 128 170.633 170.633 170.633 6292.697332872305 6292.697332872305 6292.697332872305 393.2935833045191 393.2935833045191 393.2935833045191
4194304 256 315.234 315.234 315.234 6812.347805122546 6812.347805122546 6812.347805122546 425.7717378201591 425.7717378201591 425.7717378201591
4194304 512 926.009 926.009 926.009 4638.148544992544 4638.148544992544 4638.148544992544 289.884284062034 289.884284062034 289.884284062034

8388608 1 257.062 257.062 257.062 65.26525118453914 65.26525118453914 65.26525118453914 4.079078199033696 4.079078199033696 4.079078199033696
8388608 2 219.813 219.813 219.813 152.64989786773305 152.64989786773305 152.64989786773305 9.540618616733315 9.540618616733315 9.540618616733315
8388608 4 180.019 180.019 180.019 372.78767241235647 372.78767241235647 372.78767241235647 23.29922952577228 23.29922952577228 23.29922952577228
8388608 8 180.721 180.721 180.721 742.6792016423105 742.6792016423105 742.6792016423105 46.41745010264441 46.41745010264441 46.41745010264441
8388608 16 182.923 182.923 182.923 1467.4778786702602 1467.4778786702602 1467.4778786702602 91.71736741689126 91.71736741689126 91.71736741689126
8388608 32 214.208 214.208 214.208 2506.306543172991 2506.306543172991 2506.306543172991 156.64415894831194 156.64415894831194 156.64415894831194
8388608 64 288.073 288.073 288.073 3727.325448757781 3727.325448757781 3727.325448757781 232.95784054736131 232.95784054736131 232.95784054736131
8388608 128 446.474 446.474 446.474 4809.873918750029 4809.873918750029 4809.873918750029 300.6171199218768 300.6171199218768 300.6171199218768
8388608 256 727.776 727.776 727.776 5901.4961966319315 5901.4961966319315 5901.4961966319315 368.8435122894957 368.8435122894957 368.8435122894957

16777216 1 541.762 541.762 541.762 61.93574300153943 61.93574300153943 61.93574300153943 3.8709839375962143 3.8709839375962143 3.8709839375962143
16777216 2 898.851 898.851 898.851 74.6607212986357 74.6607212986357 74.6607212986357 4.666295081164732 4.666295081164732 4.666295081164732
16777216 4 807.928 807.928 807.928 166.12585279876427 166.12585279876427 166.12585279876427 10.382865799922767 10.382865799922767 10.382865799922767
16777216 8 704.368 704.368 704.368 381.10115167071757 381.10115167071757 381.10115167071757 23.818821979419848 23.818821979419848 23.818821979419848
16777216 16 609.693 609.693 609.693 880.5594159683644 880.5594159683644 880.5594159683644 55.034963498022776 55.034963498022776 55.034963498022776
16777216 32 693.461 693.461 693.461 1548.3809817711451 1548.3809817711451 1548.3809817711451 96.77381136069657 96.77381136069657 96.77381136069657
16777216 64 681.949 681.949 681.949 3149.038488215395 3149.038488215395 3149.038488215395 196.81490551346218 196.81490551346218 196.81490551346218
16777216 128 947.525 947.525 947.525 4532.827414580091 4532.827414580091 4532.827414580091 283.30171341125566 283.30171341125566 283.30171341125566

33554432 1 1077.541 1077.541 1077.541 62.279638547396345 62.279638547396345 62.279638547396345 3.8924774092122716 3.8924774092122716 3.8924774092122716
33554432 2 2051.934 2051.934 2051.934 65.41035335444512 65.41035335444512 65.41035335444512 4.08814708465282 4.08814708465282 4.08814708465282
33554432 4 1917.412 1917.412 1917.412 139.99884010322248 139.99884010322248 139.99884010322248 8.749927506451405 8.749927506451405 8.749927506451405
33554432 8 1804.366 1804.366 1804.366 297.53991817624586 297.53991817624586 297.53991817624586 18.596244886015366 18.596244886015366 18.596244886015366
33554432 16 1730.53 1730.53 1730.53 620.469927710008 620.469927710008 620.469927710008 38.7793704818755 38.7793704818755 38.7793704818755
33554432 32 1747.492 1747.492 1747.492 1228.8946947968861 1228.8946947968861 1228.8946947968861 76.80591842480538 76.80591842480538 76.80591842480538
33554432 64 1926.97 1926.97 1926.97 2228.8708677353566 2228.8708677353566 2228.8708677353566 139.30442923345979 139.30442923345979 139.30442923345979

67108864 1 2275.685 2275.685 2275.685 58.97904499084891 58.97904499084891 58.97904499084891 3.686190311928057 3.686190311928057 3.686190311928057
67108864 2 4333.459 4333.459 4333.459 61.944847291736245 61.944847291736245 61.944847291736245 3.8715529557335153 3.8715529557335153 3.8715529557335153
67108864 4 4594.471 4594.471 4594.471 116.85151827054739 116.85151827054739 116.85151827054739 7.303219891909212 7.303219891909212 7.303219891909212
67108864 8 4261.829 4261.829 4261.829 251.94390108096783 251.94390108096783 251.94390108096783 15.74649381756049 15.74649381756049 15.74649381756049
67108864 16 4193.027 4193.027 4193.027 512.1559312639771 512.1559312639771 512.1559312639771 32.00974570399857 32.00974570399857 32.00974570399857
67108864 32 4187.459 4187.459 4187.459 1025.673874299426 1025.673874299426 1025.673874299426 64.10461714371412 64.10461714371412 64.10461714371412

134217728 1 8591.376 8591.376 8591.376 31.24475706801798 31.24475706801798 31.24475706801798 1.9527973167511237 1.9527973167511237 1.9527973167511237
134217728 2 27002.711 27002.711 27002.711 19.88211154057828 19.88211154057828 19.88211154057828 1.2426319712861424 1.2426319712861424 1.2426319712861424
134217728 4 28001.579 28001.579 28001.579 38.34575985875654 38.34575985875654 38.34575985875654 2.3966099911722836 2.3966099911722836 2.3966099911722836
134217728 8 15969.874 15969.874 15969.874 134.47091993336957 134.47091993336957 134.47091993336957 8.404432495835598 8.404432495835598 8.404432495835598
134217728 16 11949.566 11949.566 11949.566 359.424542782558 359.424542782558 359.424542782558 22.464033923909874 22.464033923909874 22.464033923909874

268435456 1 12463.815 12463.815 12463.815 43.074364630733044 43.074364630733044 43.074364630733044 2.6921477894208152 2.6921477894208152 2.6921477894208152
268435456 2 20835.225 20835.225 20835.225 51.53492818052121 51.53492818052121 51.53492818052121 3.220933011282576 3.220933011282576 3.220933011282576
268435456 4 22405.772 22405.772 22405.772 95.84510848365323 95.84510848365323 95.84510848365323 5.990319280228327 5.990319280228327 5.990319280228327
268435456 8 21408.099 21408.099 21408.099 200.6234788058482 200.6234788058482 200.6234788058482 12.538967425365513 12.538967425365513 12.538967425365513

536870912 1 19200.682 19200.682 19200.682 55.922066934914085 55.922066934914085 55.922066934914085 3.4951291834321303 3.4951291834321303 3.4951291834321303
536870912 2 34881.659 34881.659 34881.659 61.56483692475751 61.56483692475751 61.56483692475751 3.8478023077973442 3.8478023077973442 3.8478023077973442
536870912 4 33678.35 33678.35 33678.35 127.52902965851952 127.52902965851952 127.52902965851952 7.97056435365747 7.97056435365747 7.97056435365747

1073741824 1 34705.32 34705.32 34705.32 61.877650112432335 61.877650112432335 61.877650112432335 3.867353132027021 3.867353132027021 3.867353132027021
1073741824 2 67155.704 67155.704 67155.704 63.95536105168372 63.95536105168372 63.95536105168372 3.9972100657302323 3.9972100657302323 3.9972100657302323

2147483648 1 67292.553 67292.553 67292.553 63.825298707273 63.825298707273 63.825298707273 3.9890811692045625 3.9890811692045625 3.9890811692045625

META_DATA
FLOPS          1
OPENMP_THREADS 4
ERT_VERSION  1.1.0
HOSTNAME  ('areeba-vm', [], ['127.0.1.1'])
UNAME  uname_result(system='Linux', node='areeba-vm', release='6.17.0-23-generic', version='#23~24.04.1-Ubuntu SMP PREEMPT_DYNAMIC Tue Apr 14 16:11:48 UTC 2', machine='x86_64')
TIMESTAMP_DATA  1778236603.4390402
CONFIG  {'ERT_RESULTS': ['roofline/mylaptop/Results'], 'ERT_DRIVER': ['driver1'], 'ERT_KERNEL': ['kernel1'], 'ERT_MPI': ['False'], 'ERT_MPI_CFLAGS': [], 'ERT_MPI_LDFLAGS': [], 'ERT_MPI_PROCS': ['1'], 'ERT_OPENMP': ['True'], 'ERT_OPENMP_CFLAGS': ['-fopenmp'], 'ERT_OPENMP_LDFLAGS': ['-fopenmp'], 'ERT_OPENMP_THREADS': ['1,2,4'], 'ERT_GPU': ['False'], 'ERT_GPU_CFLAGS': [], 'ERT_GPU_LDFLAGS': [], 'ERT_GPU_BLOCKS': ['1'], 'ERT_GPU_THREADS': ['1'], 'ERT_HIP': ['False'], 'ERT_OCL': ['False'], 'ERT_SYCL': ['False'], 'ERT_FLOPS': ['1,2,4,8'], 'ERT_ALIGN': ['32'], 'ERT_CC': ['g++'], 'ERT_CFLAGS': ['-O3', '-march=native', '-mavx2', '-mfma', '-ffast-math'], 'ERT_LD': ['g++'], 'ERT_LDFLAGS': [], 'ERT_LDLIBS': [], 'ERT_PRECISION': ['FP64'], 'ERT_PROCS_THREADS': ['6'], 'ERT_BLOCKS_THREADS': ['1'], 'ERT_WORKING_SET_MIN': ['1'], 'ERT_MEMORY_MAX': ['2147483648'], 'ERT_WSS_MULT': ['2.0'], 'ERT_TRIALS_MIN': ['1'], 'ERT_NUM_EXPERIMENTS': ['1'], 'ERT_RUN': ['OMP_NUM_THREADS=ERT_OPENMP_THREADS', './ERT_CODE'], 'ERT_GNUPLOT': ['False']}
