fp64
          32            1           2.348           64            4
          32            2           0.741          128            8
          32            4           0.610          256           16
          32            8           0.611          512           32
          32           16           0.612         1024           64
          32           32           0.615         2048          128
          32           64           0.607         4096          256
          32          128           0.607         8192          512
          32          256           0.631        16384         1024
          32          512           0.662        32768         2048
          32         1024           0.725        65536         4096
          32         2048           0.866       131072         8192
          32         4096           1.138       262144        16384
          32         8192           1.665       524288        32768
          32        16384           2.746      1048576        65536
          32        32768           4.907      2097152       131072
          32        65536           9.239      4194304       262144
          32       131072          30.807      8388608       524288
          32       262144          35.158     16777216      1048576
          32       524288          76.870     33554432      2097152
          32      1048576         138.996     67108864      4194304
          32      2097152         276.481    134217728      8388608
          32      4194304         556.538    268435456     16777216
          32      8388608        2695.111    536870912     33554432
          32     16777216        4994.555   1073741824     67108864
          32     33554432       11969.877   2147483648    134217728
          32     67108864       21999.982   4294967296    268435456
          64            1           1.599          128            8
          64            2           0.679          256           16
          64            4           0.647          512           32
          64            8           0.653         1024           64
          64           16           0.659         2048          128
          64           32           0.666         4096          256
          64           64           0.659         8192          512
          64          128           0.655        16384         1024
          64          256           0.679        32768         2048
          64          512           0.716        65536         4096
          64         1024           0.786       131072         8192
          64         2048           0.936       262144        16384
          64         4096           1.229       524288        32768
          64         8192           1.812      1048576        65536
          64        16384           2.985      2097152       131072
          64        32768           5.336      4194304       262144
          64        65536          10.028      8388608       524288
          64       131072          53.732     16777216      1048576
          64       262144          38.167     33554432      2097152
          64       524288          75.709     67108864      4194304
          64      1048576         218.050    134217728      8388608
          64      2097152         692.267    268435456     16777216
          64      4194304         592.809    536870912     33554432
          64      8388608        1790.156   1073741824     67108864
          64     16777216        5232.082   2147483648    134217728
          64     33554432        5483.497   4294967296    268435456
         128            1           1.816          256           16
         128            2           0.604          512           32
         128            4           0.593         1024           64
         128            8           0.595         2048          128
         128           16           0.604         4096          256
         128           32           0.594         8192          512
         128           64           0.588        16384         1024
         128          128           0.606        32768         2048
         128          256           0.665        65536         4096
         128          512           0.703       131072         8192
         128         1024           0.831       262144        16384
         128         2048           1.087       524288        32768
         128         4096           1.595      1048576        65536
         128         8192           2.616      2097152       131072
         128        16384           4.515      4194304       262144
         128        32768           9.739      8388608       524288
         128        65536          27.236     16777216      1048576
         128       131072          36.330     33554432      2097152
         128       262144          72.810     67108864      4194304
         128       524288         146.953    134217728      8388608
         128      1048576         288.559    268435456     16777216
         128      2097152         563.930    536870912     33554432
         128      4194304        1109.652   1073741824     67108864
         128      8388608        2225.886   2147483648    134217728
         128     16777216        4780.675   4294967296    268435456
         256            1           1.254          512           32
         256            2           0.741         1024           64
         256            4           0.608         2048          128
         256            8           0.638         4096          256
         256           16           0.668         8192          512
         256           32           0.624        16384         1024
         256           64           0.626        32768         2048
         256          128           0.634        65536         4096
         256          256           0.660       131072         8192
         256          512           0.728       262144        16384
         256         1024           0.860       524288        32768
         256         2048           1.131      1048576        65536
         256         4096           1.673      2097152       131072
         256         8192           3.995      4194304       262144
         256        16384           4.438      8388608       524288
         256        32768          10.306     16777216      1048576
         256        65536          18.063     33554432      2097152
         256       131072          36.407     67108864      4194304
         256       262144          72.749    134217728      8388608
         256       524288         145.818    268435456     16777216
         256      1048576         290.498    536870912     33554432
         256      2097152         569.254   1073741824     67108864
         256      4194304        1125.815   2147483648    134217728
         256      8388608        2243.665   4294967296    268435456
         512            1           1.131         1024           64
         512            2           0.662         2048          128
         512            4           1.819         4096          256
         512            8           0.761         8192          512
         512           16           0.640        16384         1024
         512           32           0.671        32768         2048
         512           64           0.663        65536         4096
         512          128           0.662       131072         8192
         512          256           0.711       262144        16384
         512          512           0.804       524288        32768
         512         1024           0.968      1048576        65536
         512         2048           1.301      2097152       131072
         512         4096           2.001      4194304       262144
         512         8192           3.377      8388608       524288
         512        16384           6.148     16777216      1048576
         512        32768          11.680     33554432      2097152
         512        65536          23.239     67108864      4194304
         512       131072          46.768    134217728      8388608
         512       262144         106.124    268435456     16777216
         512       524288         194.075    536870912     33554432
         512      1048576         388.440   1073741824     67108864
         512      2097152         691.206   2147483648    134217728
         512      4194304        1870.005   4294967296    268435456
        1024            1           2.630         2048          128
        1024            2           0.730         4096          256
        1024            4           0.653         8192          512
        1024            8           0.659        16384         1024
        1024           16           0.635        32768         2048
        1024           32           0.706        65536         4096
        1024           64           0.637       131072         8192
        1024          128           0.647       262144        16384
        1024          256           0.695       524288        32768
        1024          512           0.814      1048576        65536
        1024         1024           1.050      2097152       131072
        1024         2048           1.494      4194304       262144
        1024         4096           2.411      8388608       524288
        1024         8192           4.259     16777216      1048576
        1024        16384           7.870     33554432      2097152
        1024        32768          16.540     67108864      4194304
        1024        65536          31.769    134217728      8388608
        1024       131072          82.687    268435456     16777216
        1024       262144         131.128    536870912     33554432
        1024       524288         259.954   1073741824     67108864
        1024      1048576         483.667   2147483648    134217728
        1024      2097152         970.872   4294967296    268435456
        2048            1           1.215         4096          256
        2048            2           0.652         8192          512
        2048            4           0.705        16384         1024
        2048            8           0.822        32768         2048
        2048           16           0.778        65536         4096
        2048           32           0.734       131072         8192
        2048           64           0.764       262144        16384
        2048          128           0.869       524288        32768
        2048          256           1.100      1048576        65536
        2048          512           1.562      2097152       131072
        2048         1024           2.505      4194304       262144
        2048         2048           4.407      8388608       524288
        2048         4096           8.106     16777216      1048576
        2048         8192          15.567     33554432      2097152
        2048        16384          30.482     67108864      4194304
        2048        32768          60.327    134217728      8388608
        2048        65536         120.031    268435456     16777216
        2048       131072         239.415    536870912     33554432
        2048       262144         485.865   1073741824     67108864
        2048       524288         992.900   2147483648    134217728
        2048      1048576        1947.477   4294967296    268435456
        4096            1           2.320         8192          512
        4096            2           0.701        16384         1024
        4096            4           0.672        32768         2048
        4096            8           0.652        65536         4096
        4096           16           0.660       131072         8192
        4096           32           0.772       262144        16384
        4096           64           0.771       524288        32768
        4096          128           0.935      1048576        65536
        4096          256           1.285      2097152       131072
        4096          512           1.903      4194304       262144
        4096         1024           4.754      8388608       524288
        4096         2048           8.778     16777216      1048576
        4096         4096          16.381     33554432      2097152
        4096         8192          34.998     67108864      4194304
        4096        16384          70.072    134217728      8388608
        4096        32768         131.119    268435456     16777216
        4096        65536         270.641    536870912     33554432
        4096       131072         489.714   1073741824     67108864
        4096       262144        1014.154   2147483648    134217728
        4096       524288        2023.607   4294967296    268435456
        8192            1           1.051        16384         1024
        8192            2           0.714        32768         2048
        8192            4           0.718        65536         4096
        8192            8           0.703       131072         8192
        8192           16           0.733       262144        16384
        8192           32           0.807       524288        32768
        8192           64           0.938      1048576        65536
        8192          128           1.262      2097152       131072
        8192          256           1.879      4194304       262144
        8192          512           3.609      8388608       524288
        8192         1024           5.769     16777216      1048576
        8192         2048          10.680     33554432      2097152
        8192         4096          20.722     67108864      4194304
        8192         8192          40.770    134217728      8388608
        8192        16384          80.916    268435456     16777216
        8192        32768         190.555    536870912     33554432
        8192        65536         336.546   1073741824     67108864
        8192       131072         631.289   2147483648    134217728
        8192       262144        1257.438   4294967296    268435456
       16384            1           1.948        32768         2048
       16384            2           0.886        65536         4096
       16384            4           0.821       131072         8192
       16384            8           0.864       262144        16384
       16384           16           0.960       524288        32768
       16384           32           1.037      1048576        65536
       16384           64           1.348      2097152       131072
       16384          128           2.067      4194304       262144
       16384          256           3.278      8388608       524288
       16384          512           5.850     16777216      1048576
       16384         1024          10.963     33554432      2097152
       16384         2048          21.244     67108864      4194304
       16384         4096          49.881    134217728      8388608
       16384         8192          95.943    268435456     16777216
       16384        16384         164.962    536870912     33554432
       16384        32768         329.187   1073741824     67108864
       16384        65536         664.459   2147483648    134217728
       16384       131072        1472.757   4294967296    268435456
       32768            1           2.056        65536         4096
       32768            2           0.906       131072         8192
       32768            4           0.777       262144        16384
       32768            8           0.824       524288        32768
       32768           16           0.908      1048576        65536
       32768           32           1.108      2097152       131072
       32768           64           1.537      4194304       262144
       32768          128           2.352      8388608       524288
       32768          256           5.075     16777216      1048576
       32768          512          22.300     33554432      2097152
       32768         1024          17.351     67108864      4194304
       32768         2048          34.792    134217728      8388608
       32768         4096          70.247    268435456     16777216
       32768         8192         138.447    536870912     33554432
       32768        16384         277.582   1073741824     67108864
       32768        32768         505.877   2147483648    134217728
       32768        65536         978.305   4294967296    268435456
       65536            1           4.494       131072         8192
       65536            2           1.224       262144        16384
       65536            4           1.332       524288        32768
       65536            8           1.519      1048576        65536
       65536           16           1.904      2097152       131072
       65536           32           2.654      4194304       262144
       65536           64           4.221      8388608       524288
       65536          128           7.353     16777216      1048576
       65536          256          13.547     33554432      2097152
       65536          512          26.056     67108864      4194304
       65536         1024          51.114    134217728      8388608
       65536         2048         100.921    268435456     16777216
       65536         4096         200.816    536870912     33554432
       65536         8192         437.422   1073741824     67108864
       65536        16384         832.314   2147483648    134217728
       65536        32768        1657.574   4294967296    268435456
      131072            1           3.974       262144        16384
      131072            2           1.549       524288        32768
      131072            4           3.069      1048576        65536
      131072            8           1.955      2097152       131072
      131072           16           2.059      4194304       262144
      131072           32           2.707      8388608       524288
      131072           64           4.004     16777216      1048576
      131072          128           6.557     33554432      2097152
      131072          256          18.701     67108864      4194304
      131072          512          22.646    134217728      8388608
      131072         1024          51.674    268435456     16777216
      131072         2048          86.490    536870912     33554432
      131072         4096         170.921   1073741824     67108864
      131072         8192         359.252   2147483648    134217728
      131072        16384        1167.667   4294967296    268435456
      262144            1           8.584       524288        32768
      262144            2           3.233      1048576        65536
      262144            4           3.485      2097152       131072
      262144            8           3.714      4194304       262144
      262144           16           4.366      8388608       524288
      262144           32           5.679     16777216      1048576
      262144           64           8.215     33554432      2097152
      262144          128          13.328     67108864      4194304
      262144          256          23.655    134217728      8388608
      262144          512          44.167    268435456     16777216
      262144         1024          99.702    536870912     33554432
      262144         2048         179.957   1073741824     67108864
      262144         4096         324.682   2147483648    134217728
      262144         8192         634.639   4294967296    268435456
      524288            1          19.443      1048576        65536
      524288            2           5.714      2097152       131072
      524288            4           6.410      4194304       262144
      524288            8           6.467      8388608       524288
      524288           16           7.679     16777216      1048576
      524288           32          10.062     33554432      2097152
      524288           64          14.820     67108864      4194304
      524288          128          24.393    134217728      8388608
      524288          256          43.473    268435456     16777216
      524288          512          81.791    536870912     33554432
      524288         1024         172.857   1073741824     67108864
      524288         2048         310.120   2147483648    134217728
      524288         4096         913.236   4294967296    268435456
     1048576            1          35.166      2097152       131072
     1048576            2          11.711      4194304       262144
     1048576            4          12.340      8388608       524288
     1048576            8          14.023     16777216      1048576
     1048576           16          23.388     33554432      2097152
     1048576           32          22.732     67108864      4194304
     1048576           64          31.712    134217728      8388608
     1048576          128          63.164    268435456     16777216
     1048576          256          82.206    536870912     33554432
     1048576          512         151.159   1073741824     67108864
     1048576         1024         292.858   2147483648    134217728
     1048576         2048         580.251   4294967296    268435456
     2097152            1          65.004      4194304       262144
     2097152            2          22.163      8388608       524288
     2097152            4          22.534     16777216      1048576
     2097152            8          24.625     33554432      2097152
     2097152           16          43.479     67108864      4194304
     2097152           32          38.702    134217728      8388608
     2097152           64          54.881    268435456     16777216
     2097152          128          97.072    536870912     33554432
     2097152          256         160.564   1073741824     67108864
     2097152          512         297.250   2147483648    134217728
     2097152         1024         552.262   4294967296    268435456
     4194304            1         129.146      8388608       524288
     4194304            2          55.998     16777216      1048576
     4194304            4          53.740     33554432      2097152
     4194304            8          62.641     67108864      4194304
     4194304           16          64.272    134217728      8388608
     4194304           32          83.570    268435456     16777216
     4194304           64         125.559    536870912     33554432
     4194304          128         170.633   1073741824     67108864
     4194304          256         315.234   2147483648    134217728
     4194304          512         926.009   4294967296    268435456
     8388608            1         257.062     16777216      1048576
     8388608            2         219.813     33554432      2097152
     8388608            4         180.019     67108864      4194304
     8388608            8         180.721    134217728      8388608
     8388608           16         182.923    268435456     16777216
     8388608           32         214.208    536870912     33554432
     8388608           64         288.073   1073741824     67108864
     8388608          128         446.474   2147483648    134217728
     8388608          256         727.776   4294967296    268435456
    16777216            1         541.762     33554432      2097152
    16777216            2         898.851     67108864      4194304
    16777216            4         807.928    134217728      8388608
    16777216            8         704.368    268435456     16777216
    16777216           16         609.693    536870912     33554432
    16777216           32         693.461   1073741824     67108864
    16777216           64         681.949   2147483648    134217728
    16777216          128         947.525   4294967296    268435456
    33554432            1        1077.541     67108864      4194304
    33554432            2        2051.934    134217728      8388608
    33554432            4        1917.412    268435456     16777216
    33554432            8        1804.366    536870912     33554432
    33554432           16        1730.530   1073741824     67108864
    33554432           32        1747.492   2147483648    134217728
    33554432           64        1926.970   4294967296    268435456
    67108864            1        2275.685    134217728      8388608
    67108864            2        4333.459    268435456     16777216
    67108864            4        4594.471    536870912     33554432
    67108864            8        4261.829   1073741824     67108864
    67108864           16        4193.027   2147483648    134217728
    67108864           32        4187.459   4294967296    268435456
   134217728            1        8591.376    268435456     16777216
   134217728            2       27002.711    536870912     33554432
   134217728            4       28001.579   1073741824     67108864
   134217728            8       15969.874   2147483648    134217728
   134217728           16       11949.566   4294967296    268435456
   268435456            1       12463.815    536870912     33554432
   268435456            2       20835.225   1073741824     67108864
   268435456            4       22405.772   2147483648    134217728
   268435456            8       21408.099   4294967296    268435456
   536870912            1       19200.682   1073741824     67108864
   536870912            2       34881.659   2147483648    134217728
   536870912            4       33678.350   4294967296    268435456
  1073741824            1       34705.320   2147483648    134217728
  1073741824            2       67155.704   4294967296    268435456
  2147483648            1       67292.553   4294967296    268435456

META_DATA
FLOPS          1
OPENMP_THREADS 4
ERT_VERSION  1.1.0
HOSTNAME  ('areeba-vm', [], ['127.0.1.1'])
UNAME  uname_result(system='Linux', node='areeba-vm', release='6.17.0-23-generic', version='#23~24.04.1-Ubuntu SMP PREEMPT_DYNAMIC Tue Apr 14 16:11:48 UTC 2', machine='x86_64')
TIMESTAMP_DATA  1778236603.4390402
CONFIG  {'ERT_RESULTS': ['roofline/mylaptop/Results'], 'ERT_DRIVER': ['driver1'], 'ERT_KERNEL': ['kernel1'], 'ERT_MPI': ['False'], 'ERT_MPI_CFLAGS': [], 'ERT_MPI_LDFLAGS': [], 'ERT_MPI_PROCS': ['1'], 'ERT_OPENMP': ['True'], 'ERT_OPENMP_CFLAGS': ['-fopenmp'], 'ERT_OPENMP_LDFLAGS': ['-fopenmp'], 'ERT_OPENMP_THREADS': ['1,2,4'], 'ERT_GPU': ['False'], 'ERT_GPU_CFLAGS': [], 'ERT_GPU_LDFLAGS': [], 'ERT_GPU_BLOCKS': ['1'], 'ERT_GPU_THREADS': ['1'], 'ERT_HIP': ['False'], 'ERT_OCL': ['False'], 'ERT_SYCL': ['False'], 'ERT_FLOPS': ['1,2,4,8'], 'ERT_ALIGN': ['32'], 'ERT_CC': ['g++'], 'ERT_CFLAGS': ['-O3', '-march=native', '-mavx2', '-mfma', '-ffast-math'], 'ERT_LD': ['g++'], 'ERT_LDFLAGS': [], 'ERT_LDLIBS': [], 'ERT_PRECISION': ['FP64'], 'ERT_PROCS_THREADS': ['6'], 'ERT_BLOCKS_THREADS': ['1'], 'ERT_WORKING_SET_MIN': ['1'], 'ERT_MEMORY_MAX': ['2147483648'], 'ERT_WSS_MULT': ['2.0'], 'ERT_TRIALS_MIN': ['1'], 'ERT_NUM_EXPERIMENTS': ['1'], 'ERT_RUN': ['OMP_NUM_THREADS=ERT_OPENMP_THREADS', './ERT_CODE'], 'ERT_GNUPLOT': ['False']}
