fp64
 8 67108864 25618.102 25714.108 25999.141 41.29912692115482 41.756915075568635 41.91340264005507 2.5811954325721764 2.6098071922230397 2.6195876650034418
 16 33554432 12929.61 13266.514 14652.357 73.2811672552068 80.93624474372093 83.04518264665369 4.580072953450425 5.058515296482558 5.190323915415855
 32 16777216 9753.038 9802.424 10572.909 101.55595059032477 109.53839825741062 110.09306269492645 6.347246911895298 6.846149891088164 6.880816418432903
 64 8388608 4989.362 5077.71 5744.496 186.91662836913807 211.46182511407702 215.20623759109884 11.68228927307113 13.216364069629813 13.450389849443678
 128 4194304 3188.335 3457.168 4654.806 230.67380767318772 310.5842192222073 336.7719590319085 14.417112979574233 19.411513701387957 21.048247439494283
 256 2097152 2389.08 2649.655 2901.659 370.0441106277478 405.23835140801344 449.4373666850838 23.127756914234237 25.32739696300084 28.08983541781774
 512 1048576 1870.574 1911.023 2087.619 514.3380204912869 561.8675568007293 574.0172930875764 32.14612628070543 35.11672230004558 35.87608081797352
 1024 524288 1972.479 2024.368 4094.726 262.225561368453 530.4084158611479 544.3615997939648 16.38909758552831 33.15052599132174 34.0225999871228
 2048 262144 1958.781 2150.44 2859.748 375.46728732741485 499.31261695280966 548.1683884007451 23.466705457963428 31.207038559550604 34.26052427504657
 4096 131072 2034.216 2048.509 2080.649 516.0610098099199 524.1577283770782 527.8406147626408 32.253813113119996 32.75985802356739 32.99003842266505
 8192 65536 1840.302 1859.109 2032.428 528.3049751331904 577.5572190764501 583.4595756566043 33.0190609458244 36.09732619227813 36.46622347853777
 16384 32768 1655.258 1664.424 2387.979 449.6445839766598 645.1131586663014 648.6854762218337 28.10278649854124 40.31957241664384 40.54284226386461
 32768 16384 1581.33 1586.071 1713.224 626.7375567935075 676.9821931048485 679.011859637141 39.171097299594216 42.31138706905303 42.43824122732131
 65536 8192 1561.591 1660.393 1700.056 631.5920322624667 646.6793247140888 687.5947825006676 39.474502016404166 40.41745779463055 42.97467390629173
 131072 4096 1527.564 1579.119 2243.078 478.69125549802555 679.9625766012568 702.9111866998699 29.918203468626597 42.49766103757855 43.931949168741866
 262144 2048 1512.65 2109.077 2429.972 441.87415492853415 509.10508435680623 709.8415522427528 27.617134683033385 31.81906777230039 44.36509701517205
 524288 1024 1591.885 1664.519 2611.41 411.17320681164585 645.0763397714295 674.5096687260701 25.698325425727866 40.317271235714344 42.15685429537938
 1048576 512 1890.856 1990.296 3355.846 319.96159060934264 539.4885102517416 567.8601776126792 19.997599413083915 33.71803189073385 35.49126110079245
 2097152 256 1981.208 2117.359 2475.988 433.6619660515318 507.11373177623636 541.9631982103848 27.103872878220738 31.694608236014773 33.87269988814905
 4194304 128 4332.653 4352.42 5993.014 179.1655791226251 246.6999563461247 247.82548337011985 11.197848695164069 15.418747271632794 15.489092710632491
 8388608 64 5278.56 5577.355 6469.686 165.96505981897732 192.51810652181905 203.41567094055952 10.372816238686083 12.03238165761369 12.71347943378497
 16777216 32 8752.528 13502.841 18133.29 59.21384503308556 79.5196969289648 122.67790791414777 3.7008653145678476 4.9699810580603 7.667369244634235
 33554432 16 15472.17 21364.238 21557.007 49.80941111166313 50.25884021700189 69.39826953814494 3.1130881944789457 3.141177513562618 4.337391846134059
 67108864 8 28388.596 41726.812 44213.067 24.285621804974536 25.73265899153763 37.82299850263817 1.5178513628109085 1.6082911869711018 2.3639374064148857
 134217728 4 58039.376 81331.829 102115.096 10.515015566356615 13.201987920374938 18.50023032639083 0.6571884728972884 0.8251242450234336 1.156264395399427
 268435456 2 113838.329 155963.764 220608.085 4.867191626272446 6.884559569875474 9.432164310844724 0.3041994766420279 0.43028497311721714 0.5895102694277953
 536870912 1 127930.887 177708.614 196881.238 5.453753922453495 6.042148435190654 8.393139836511883 0.3408596201533434 0.3776342771994159 0.5245712397819927
 
META_DATA
 FLOPS          1
 OPENMP_THREADS 1
 ERT_VERSION  1.1.0
 HOSTNAME  ('minahil-k', [], ['2404:3100:104b:39a1:7128:cd83:7620:4e0'])
 UNAME  uname_result(system='Linux', node='minahil-k', release='6.17.0-20-generic', version='#20~24.04.1-Ubuntu SMP PREEMPT_DYNAMIC Thu Mar 19 01:28:37 UTC 2', machine='x86_64')
 TIMESTAMP_DATA  1778178974.6388447
 CONFIG  {'ERT_RESULTS': ['Results'], 'ERT_DRIVER': ['driver1'], 'ERT_KERNEL': ['kernel1'], 'ERT_MPI': ['False'], 'ERT_MPI_CFLAGS': [], 'ERT_MPI_LDFLAGS': [], 'ERT_MPI_PROCS': ['1'], 'ERT_OPENMP': ['True'], 'ERT_OPENMP_CFLAGS': ['-fopenmp'], 'ERT_OPENMP_LDFLAGS': ['-fopenmp'], 'ERT_OPENMP_THREADS': ['1,2,4'], 'ERT_GPU': ['False'], 'ERT_GPU_CFLAGS': [], 'ERT_GPU_LDFLAGS': [], 'ERT_GPU_BLOCKS': ['1'], 'ERT_GPU_THREADS': ['1'], 'ERT_HIP': ['False'], 'ERT_OCL': ['False'], 'ERT_SYCL': ['False'], 'ERT_FLOPS': ['1,2,4,8,16'], 'ERT_ALIGN': ['32'], 'ERT_CC': ['g++'], 'ERT_CFLAGS': ['-O3', '-mavx2', '-march=native', '-ffast-math'], 'ERT_LD': ['g++'], 'ERT_LDFLAGS': [], 'ERT_LDLIBS': [], 'ERT_PRECISION': ['FP64'], 'ERT_PROCS_THREADS': ['4'], 'ERT_BLOCKS_THREADS': ['1'], 'ERT_WORKING_SET_MIN': ['1'], 'ERT_MEMORY_MAX': ['536870912'], 'ERT_WSS_MULT': ['2.0'], 'ERT_TRIALS_MIN': ['1'], 'ERT_NUM_EXPERIMENTS': ['3'], 'ERT_RUN': ['OMP_NUM_THREADS=ERT_OPENMP_THREADS', './ERT_CODE'], 'ERT_GNUPLOT': ['False']}
 TIMESTAMP_DATA  1778178980.080417
 TIMESTAMP_DATA  1778178984.3452096
 