fp64

8 1 1.139 1.627 1.764 0.009070294784580499 0.009834050399508298 0.014047410008779631 0.0005668934240362812 0.0006146281499692687 0.000877963125548727
8 2 0.683 0.784 1.135 0.028193832599118947 0.04081632653061225 0.04685212298682284 0.0017621145374449342 0.0025510204081632655 0.0029282576866764276
8 4 0.614 0.701 1.251 0.05115907274180656 0.09129814550641942 0.10423452768729644 0.00319744204636291 0.005706134094151214 0.006514657980456027
8 8 0.617 0.83 0.835 0.15329341317365272 0.15421686746987953 0.2074554294975689 0.009580838323353295 0.00963855421686747 0.012965964343598056
8 16 0.618 0.773 0.923 0.2773564463705309 0.33117723156532985 0.4142394822006473 0.017334777898158182 0.020698576972833116 0.025889967637540458
8 32 0.61 0.772 0.838 0.6109785202863962 0.6632124352331606 0.8393442622950821 0.03818615751789976 0.04145077720207254 0.05245901639344263
8 64 0.624 0.78 0.833 1.2292917166866748 1.3128205128205128 1.6410256410256412 0.07683073229291718 0.08205128205128205 0.10256410256410257
8 128 0.638 0.876 0.974 2.1026694045174543 2.3378995433789957 3.2100313479623828 0.1314168377823409 0.14611872146118723 0.20062695924764892
8 256 0.68 0.954 1.088 3.7647058823529416 4.2935010482180305 6.023529411764706 0.23529411764705885 0.2683438155136269 0.3764705882352941
8 512 0.768 1.068 1.481 5.531397704253883 7.670411985018728 10.666666666666668 0.3457123565158677 0.4794007490636705 0.6666666666666667
8 1024 0.942 1.335 1.828 8.962800875273523 12.272659176029965 17.3927813163482 0.5601750547045952 0.7670411985018728 1.0870488322717624
8 2048 1.296 1.694 1.732 18.91916859122402 19.34356552538371 25.283950617283953 1.1824480369515014 1.2089728453364819 1.580246913580247
8 4096 2.008 2.485 2.77 23.659205776173284 26.37263581488934 32.63745019920319 1.4787003610108302 1.6482897384305837 2.039840637450199
8 8192 3.423 4.402 4.655 28.157250268528465 29.775556565197636 38.291557113643 1.759828141783029 1.8609722853248523 2.3932223196026876
8 16384 6.248 7.875 8.485 30.89499116087213 33.28812698412699 41.956466069142124 1.9309369475545082 2.080507936507937 2.6222791293213827
8 32768 11.914 16.585 25.426 20.620152599701097 31.612179680434128 44.00604331039114 1.2887595374813186 1.975761230027133 2.7503777068994464
8 65536 23.259 29.575 33.281 31.506745590577207 35.45480980557904 45.08259168493917 1.9691715994110754 2.21592561284869 2.817661980308698
8 131072 45.901 59.357 59.736 35.10700415160038 35.33116565864178 45.688590662512794 2.1941877594750236 2.2081978536651112 2.8555369164070497
8 262144 91.201 112.024 117.194 35.78940901411335 37.44111976005142 45.98967116588634 2.2368380633820846 2.340069985003214 2.8743544478678964
8 524288 193.259 228.556 455.055 18.434272780213384 36.70263742802639 43.406040598368 1.1521420487633365 2.2939148392516495 2.712877537398
8 1048576 376.272 400.597 465.734 36.02317202523329 41.880533304043716 44.58800017008973 2.251448251577081 2.6175333315027323 2.786750010630608
8 2097152 750.381 804.385 1157.379 28.991740821286722 41.71439298345941 44.71652667111775 1.8119838013304201 2.6071495614662132 2.7947829169448593
8 4194304 1506.475 1706.729 1737.113 38.632411362991355 39.32016389245158 44.54694833966711 2.4145257101869597 2.457510243278224 2.7841842712291944
8 8388608 3098.267 3217.513 3445.668 38.95260019247356 41.714743032895285 43.320258712370496 2.4345375120295976 2.6071714395559553 2.707516169523156
8 16777216 6159.943 6667.196 7583.81 35.39585722743581 40.26212158754595 43.57758764975585 2.2122410767147382 2.5163825992216218 2.7235992281097405
8 33554432 12438.11 13330.59 13672.662 39.266012134286655 40.273604694165826 43.16338350440702 2.454125758392916 2.517100293385364 2.697711469025439
8 67108864 25618.102 25714.108 25999.141 41.29912692115482 41.756915075568635 41.91340264005507 2.5811954325721764 2.6098071922230397 2.6195876650034418

16 1 1.046 1.104 1.767 0.018109790605546124 0.02898550724637681 0.030592734225621417 0.0011318619128466328 0.0018115942028985505 0.0019120458891013386
16 2 0.664 0.666 0.743 0.08613728129205922 0.0960960960960961 0.0963855421686747 0.005383580080753701 0.006006006006006006 0.006024096385542169
16 4 0.65 0.692 0.841 0.1521997621878716 0.184971098265896 0.19692307692307692 0.009512485136741975 0.0115606936416185 0.012307692307692308
16 8 0.653 0.688 0.72 0.35555555555555557 0.372093023255814 0.39203675344563554 0.022222222222222223 0.023255813953488375 0.02450229709035222
16 16 0.637 0.692 0.984 0.5203252032520326 0.739884393063584 0.8037676609105181 0.032520325203252036 0.046242774566474 0.05023547880690738
16 32 0.629 0.682 0.71 1.4422535211267606 1.5014662756598238 1.6279809220985693 0.09014084507042254 0.09384164222873899 0.10174880763116058
16 64 0.644 0.692 0.854 2.398126463700234 2.959537572254336 3.1801242236024847 0.14988290398126464 0.184971098265896 0.1987577639751553
16 128 0.655 0.681 0.704 5.818181818181819 6.014684287812042 6.253435114503818 0.3636363636363637 0.3759177679882526 0.3908396946564886
16 256 0.705 0.752 0.82 9.990243902439024 10.893617021276597 11.619858156028371 0.624390243902439 0.6808510638297873 0.7262411347517732
16 512 0.798 0.854 0.877 18.68187001140251 19.185011709601874 20.531328320802004 1.1676168757126568 1.199063231850117 1.2832080200501252
16 1024 0.976 1.016 1.049 31.237368922783606 32.25196850393701 33.57377049180328 1.9523355576739754 2.015748031496063 2.098360655737705
16 2048 1.352 1.45 1.581 41.45224541429475 45.19724137931035 48.47337278106509 2.590765338393422 2.824827586206897 3.029585798816568
16 4096 2.079 2.157 2.231 58.75033617212013 60.76587853500233 63.04569504569504 3.671896010757508 3.7978674084376456 3.94035594035594
16 8192 3.547 3.792 3.814 68.73203985317252 69.13080168776372 73.90583591767691 4.295752490823283 4.320675105485233 4.619114744854807
16 16384 6.479 6.715 6.974 75.17751648981933 78.07714072970961 80.9211298039821 4.698594780613708 4.879821295606851 5.057570612748881
16 32768 12.347 13.29 22.09 47.46835672249887 78.89962377727615 84.92556896412086 2.9667722951561792 4.931226486079759 5.3078480602575535
16 65536 24.08 24.081 25.928 80.8836778771984 87.08741331340062 87.09102990033223 5.0552298673249 5.442963332087539 5.443189368770764
16 131072 47.536 50.698 51.458 81.50926969567415 82.7311531026865 88.23426455738809 5.094329355979634 5.170697068917907 5.5146415348367555
16 262144 94.461 210.186 237.085 35.38228061665647 39.910403166719 88.80498830205059 2.2113925385410296 2.4944001979199375 5.550311768878162
16 524288 188.3 225.836 288.406 58.17221555723529 74.28937813280433 89.09833244822092 3.6357634723272056 4.643086133300271 5.568645778013807
16 1048576 423.72 435.269 467.676 71.74717539493155 77.08895418695106 79.19010667421882 4.484198462183222 4.818059636684441 4.9493816671386766
16 2097152 791.526 948.722 976.733 68.70748095948433 70.73606810003353 84.78415617427602 4.2942175599677705 4.421004256252096 5.299009760892251
16 4194304 1511.178 1547.211 1599.657 83.90406693434906 86.74817332606865 88.81662385238535 5.244004183396816 5.421760832879291 5.551038990774084
16 8388608 3226.619 3309.521 3423.148 78.4177184275994 81.11006275530508 83.1940356143691 4.901107401724962 5.0693789222065675 5.199627225898069
16 16777216 6175.121 6243.058 6696.314 80.1740945839756 85.99486213326867 86.94095419344819 5.010880911498475 5.374678883329292 5.433809637090512
16 33554432 12929.61 13266.514 14652.357 73.2811672552068 80.93624474372093 83.04518264665369 4.580072953450425 5.058515296482558 5.190323915415855

32 1 1.275 1.405 1.639 0.039048200122025624 0.04555160142348754 0.05019607843137256 0.0024405125076266015 0.0028469750889679713 0.003137254901960785
32 2 0.831 0.982 1.04 0.12307692307692308 0.13034623217922606 0.15403128760529483 0.007692307692307693 0.008146639511201629 0.009626955475330927
32 4 0.705 0.706 0.899 0.28476084538375973 0.3626062322946176 0.3631205673758866 0.017797552836484983 0.0226628895184136 0.022695035460992913
32 8 0.703 0.721 1.024 0.5 0.7101248266296811 0.7283072546230441 0.03125 0.04438280166435507 0.04551920341394026
32 16 0.675 0.682 0.901 1.1365149833518313 1.5014662756598238 1.5170370370370372 0.07103218645948946 0.09384164222873899 0.09481481481481482
32 32 0.685 0.702 0.977 2.0962128966223137 2.917378917378918 2.9897810218978105 0.1310133060388946 0.18233618233618237 0.18686131386861315
32 64 0.696 0.703 0.955 4.289005235602095 5.826458036984353 5.885057471264369 0.2680628272251309 0.36415362731152207 0.36781609195402304
32 128 0.733 0.742 1.002 8.17564870259481 11.040431266846362 11.175989085948158 0.5109780439121756 0.6900269541778976 0.6984993178717599
32 256 0.84 1.111 1.261 12.992862807295799 14.747074707470748 19.504761904761907 0.8120539254559874 0.9216921692169218 1.2190476190476192
32 512 0.954 0.965 1.497 21.889111556446228 33.95647668393783 34.348008385744244 1.3680694722778892 2.1222797927461143 2.1467505241090152
32 1024 1.246 1.263 1.822 35.96926454445664 51.889152810768024 52.597110754414125 2.24807903402854 3.2430720506730015 3.287319422150883
32 2048 1.845 1.847 3.144 41.68956743002544 70.96480779642664 71.04173441734419 2.60559796437659 4.435300487276665 4.440108401084012
32 4096 3.032 3.158 3.718 70.50672404518559 83.00949968334389 86.45910290237468 4.4066702528240995 5.188093730208993 5.403693931398418
32 8192 5.41 5.488 7.671 68.34676052665885 95.533527696793 96.9109057301294 4.271672532916178 5.970845481049563 6.0569316081330875
32 16384 10.13 10.18 21.744 48.223693892568065 103.00353634577604 103.51194471865745 3.013980868285504 6.437721021611003 6.46949654491609
32 32768 19.399 19.732 21.992 95.35976718806839 106.28177579566187 108.1061910407753 5.959985449254274 6.642610987228867 6.756636940048456
32 65536 38.572 51.31 109.933 38.153275176698536 81.74437731436367 108.73960385772062 2.3845796985436585 5.10902358214773 6.796225241107539
32 131072 86.51 88.374 112.634 74.47669442619458 94.92167379546022 96.96691711940815 4.6547934016371615 5.932604612216264 6.0604323199630095
32 262144 156.688 174.212 201.007 83.46582954822469 96.30344637568022 107.07403247217401 5.216614346764043 6.018965398480014 6.692127029510876
32 524288 301.68 325.573 377.036 88.99530018353686 103.06269868815905 111.22524529302572 5.5622062614710535 6.44141866800994 6.951577830814108
32 1048576 572.494 714.126 747.936 89.72540966071963 93.973422057172 117.22195167110922 5.607838103794977 5.87333887857325 7.3263719794443265
32 2097152 1136.412 1170.156 1261.762 106.3732526419404 114.7007134091523 118.10657402420954 6.648328290121275 7.168794588072019 7.381660876513096
32 4194304 2248.515 2444.228 2518.154 106.60009514906555 109.82422916356413 119.383440181631 6.662505946816597 6.864014322722758 7.461465011351938
32 8388608 4553.44 5053.675 5128.837 104.67693007206117 106.2337629546815 117.9044660740012 6.542308129503823 6.6396101846675935 7.369029129625075
32 16777216 9753.038 9802.424 10572.909 101.55595059032477 109.53839825741062 110.09306269492645 6.347246911895298 6.846149891088164 6.880816418432903

64 1 1.267 1.388 1.847 0.06930157011369789 0.09221902017291067 0.101026045777427 0.004331348132106118 0.005763688760806917 0.006314127861089188
64 2 0.674 0.697 0.8 0.32 0.3672883787661406 0.3798219584569733 0.02 0.02295552367288379 0.02373887240356083
64 4 0.69 0.719 0.945 0.5417989417989418 0.7121001390820585 0.7420289855072465 0.033862433862433865 0.044506258692628656 0.046376811594202906
64 8 0.668 0.692 0.702 1.458689458689459 1.479768786127168 1.532934131736527 0.09116809116809119 0.092485549132948 0.09580838323353294
64 16 0.673 0.68 0.713 2.8723702664796638 3.011764705882353 3.0430906389301633 0.17952314165497898 0.18823529411764706 0.1901931649331352
64 32 0.678 0.683 0.713 5.7447405329593275 5.997071742313324 6.041297935103245 0.35904628330995797 0.37481698389458273 0.3775811209439528
64 64 0.649 0.672 0.682 12.01173020527859 12.19047619047619 12.622496147919877 0.7507331378299119 0.7619047619047619 0.7889060092449923
64 128 0.684 0.709 0.72 22.755555555555556 23.108603667136812 23.953216374269005 1.4222222222222223 1.4442877291960508 1.4970760233918128
64 256 0.747 0.772 0.79 41.47848101265823 42.44559585492228 43.8661311914324 2.5924050632911393 2.6528497409326426 2.741633199464525
64 512 0.886 0.905 0.919 71.31229597388466 72.41546961325967 73.9683972911964 4.457018498367791 4.52596685082873 4.623024830699775
64 1024 1.161 1.17 1.203 108.95428096425601 112.02735042735043 112.89577950043068 6.809642560266001 7.001709401709402 7.055986218776917
64 2048 1.712 1.722 1.778 147.43757030371205 152.2322880371661 153.12149532710282 9.214848143982003 9.51451800232288 9.570093457943926
64 4096 2.813 2.818 2.917 179.73534453205352 186.04968062455643 186.38037682189835 11.233459033253345 11.628105039034777 11.648773551368647
64 8192 5.01 5.014 5.194 201.8821717366192 209.1296370163542 209.2966067864272 12.6176357335387 13.070602313522137 13.0810379241517
64 16384 9.411 9.412 9.76 214.872131147541 222.8168295792605 222.84050579109552 13.429508196721313 13.926051848703782 13.92753161194347
64 32768 18.213 18.215 18.906 221.8504178567651 230.26648366730717 230.2917696151101 13.865651116047818 14.391655229206698 14.393235600944381
64 65536 35.814 37.242 42.959 195.27009474149773 225.24590516083992 234.2270620427766 12.204380921343608 14.077869072552495 14.639191377673537
64 131072 68.551 71.01 73.701 227.63891941764703 236.26554006477963 244.74064565068343 14.22743246360294 14.766596254048727 15.296290353167715
64 262144 141.384 141.759 172.972 193.9876511805379 236.70054105912152 237.32835398630684 12.12422819878362 14.793783816195095 14.833022124144177
64 524288 310.009 311.932 335.416 200.07651394089729 215.13940217739764 216.47392172485314 12.50478212130608 13.446212636087353 13.529620107803321
64 1048576 558.005 635.042 643.787 208.48157542789772 211.35252156550274 240.53140742466468 13.030098464243608 13.209532597843921 15.033212964041542
64 2097152 1203.347 1301.669 1473.535 182.17107567855533 206.22405235125058 223.0740227050053 11.385692229909708 12.889003271953161 13.94212641906283
64 4194304 2290.951 2372.907 2522.562 212.82763793318065 226.25029636643998 234.3441269586299 13.30172737082379 14.140643522902499 14.646507934914368
64 8388608 4989.362 5077.71 5744.496 186.91662836913807 211.46182511407702 215.20623759109884 11.68228927307113 13.216364069629813 13.450389849443678

128 1 1.128 1.251 1.272 0.20125786163522014 0.20463629096722624 0.22695035460992913 0.012578616352201259 0.01278976818545164 0.01418439716312057
128 2 0.702 0.876 0.886 0.5778781038374718 0.5844748858447489 0.7293447293447295 0.03611738148984199 0.03652968036529681 0.04558404558404559
128 4 0.679 0.727 0.826 1.2397094430992739 1.4085281980742779 1.508100147275405 0.07748184019370462 0.08803301237964237 0.09425625920471281
128 8 0.706 0.729 0.73 2.8054794520547945 2.8093278463648836 2.9008498583569406 0.17534246575342466 0.17558299039780523 0.1813031161473088
128 16 0.644 0.673 0.706 5.801699716713881 6.086181277860327 6.360248447204969 0.3626062322946176 0.3803863298662704 0.3975155279503106
128 32 0.655 0.685 0.696 11.770114942528737 11.959124087591242 12.506870229007635 0.7356321839080461 0.7474452554744526 0.7816793893129772
128 64 0.667 0.697 0.728 22.505494505494507 23.506456241033 24.563718140929534 1.4065934065934067 1.4691535150645625 1.535232383808096
128 128 0.707 0.717 0.82 39.9609756097561 45.70153417015342 46.34794908062236 2.497560975609756 2.856345885634589 2.8967468175388973
128 256 0.803 0.815 0.943 69.49734888653235 80.41226993865033 81.61394769613948 4.343584305408272 5.025766871165645 5.100871731008717
128 512 0.985 1.055 1.074 122.04096834264433 124.23886255924174 133.06802030456856 7.627560521415271 7.764928909952609 8.316751269035535
128 1024 1.347 1.357 1.452 180.53994490358127 193.17907148120858 194.61321455085377 11.28374655647383 12.073691967575536 12.16332590942836
128 2048 2.083 2.089 2.241 233.95269968763944 250.9755864049785 251.6985117618819 14.622043730477465 15.685974150311155 15.731156985117618
128 4096 3.549 3.551 3.826 274.0658651332985 295.2903407490848 295.45674837982534 17.129116570831155 18.4556462968178 18.466046773739084
128 8192 6.479 6.5 6.979 300.4946267373549 322.6387692307693 323.6845192159284 18.78091417108468 20.16492307692308 20.230282450995524
128 16384 12.351 12.351 13.295 315.47980443775856 339.59225973605373 339.59225973605373 19.71748777735991 21.22451623350336 21.22451623350336
128 32768 24.09 24.155 26.012 322.4899277256651 347.2824673980542 348.2195101701951 20.15562048285407 21.70515421237839 21.763719385637195
128 65536 47.548 51.272 59.601 281.4921897283603 327.21984709002965 352.8479851939093 17.59326185802252 20.451240443126853 22.052999074619333
128 131072 94.535 101.81 101.816 329.55951913255285 329.578941164915 354.9418945364151 20.597469945784553 20.59868382280719 22.183868408525942
128 262144 202.872 216.217 217.163 309.0253127834852 310.37737088203056 330.7941164872432 19.314082048967826 19.39858568012691 20.6746322804527
128 524288 394.744 405.613 420.318 319.3242449764226 330.90095238564845 340.01207871430597 19.957765311026414 20.68130952410303 21.250754919644123
128 1048576 796.655 882.119 927.396 289.4507373333506 304.30753220370497 336.9532055908769 18.090671083334414 19.01922076273156 21.059575349429807
128 2097152 1599.866 1637.064 2299.169 233.506502566797 327.9474180606256 335.572424190526 14.594156410424812 20.4967136287891 20.973276511907876
128 4194304 3188.335 3457.168 4654.806 230.67380767318772 310.5842192222073 336.7719590319085 14.417112979574233 19.411513701387957 21.048247439494283

256 1 1.325 1.515 2.318 0.22088006902502158 0.337953795379538 0.3864150943396227 0.013805004314063849 0.021122112211221126 0.024150943396226417
256 2 0.69 0.921 1.184 0.8648648648648649 1.1118349619978285 1.484057971014493 0.05405405405405406 0.06948968512486428 0.09275362318840581
256 4 0.82 1.015 1.581 1.295382669196711 2.0177339901477835 2.497560975609756 0.08096141682479444 0.12610837438423647 0.15609756097560976
256 8 0.709 0.835 0.98 4.179591836734694 4.905389221556887 5.777150916784203 0.2612244897959184 0.30658682634730544 0.3610719322990127
256 16 0.988 1.186 1.252 6.543130990415336 6.907251264755481 8.291497975708504 0.4089456869009585 0.43170320404721757 0.5182186234817815
256 32 0.69 1.174 1.275 12.850196078431376 13.955706984667804 23.744927536231888 0.803137254901961 0.8722316865417378 1.484057971014493
256 64 0.778 0.998 1.044 31.386973180076627 32.83366733466934 42.11825192802057 1.9616858237547892 2.052104208416834 2.6323907455012856
256 128 0.878 1.237 1.27 51.60314960629921 52.97978981406629 74.64236902050115 3.2251968503937007 3.311236863379143 4.665148063781322
256 256 1.003 1.376 1.644 79.72749391727496 95.25581395348838 130.6799601196411 4.982968369829685 5.953488372093024 8.167497507477568
256 512 1.324 1.479 1.669 157.0665068903535 177.24408384043272 197.9939577039275 9.816656680647094 11.077755240027045 12.374622356495468
256 1024 1.822 2.296 2.507 209.1296370163542 228.34843205574919 287.75411635565314 13.070602313522137 14.271777003484324 17.98463227222832
256 2048 3.247 3.389 4.484 233.8483496877788 309.40572440247865 322.93686479827534 14.615521855486175 19.337857775154916 20.18355404989221
256 4096 5.79 6.517 6.707 312.68107946921134 321.7971459260396 362.2024179620035 19.54256746682571 20.112321620377475 22.63765112262522
256 8192 11.311 13.056 13.122 319.6390794086268 321.25490196078437 370.81637344178233 19.977442463039175 20.078431372549023 23.176023340111396
256 16384 21.75 21.853 25.011 335.39674543200994 383.8652816546927 385.6831264367816 20.96229658950062 23.991580103418293 24.10519540229885
256 32768 42.34 45.416 60.24 278.50624169986725 369.41201338735254 396.2497874350496 17.406640106241703 23.088250836709534 24.7656117146906
256 65536 83.726 86.377 110.756 302.9581422225433 388.4648922745639 400.7647803549674 18.934883888908956 24.279055767160244 25.047798772185462
256 131072 141.507 178.894 231.555 289.81824620500527 375.13199995528083 474.24412926569005 18.11364038781283 23.445749997205052 29.640258079105628
256 262144 313.061 361.379 378.887 354.24210384626554 371.40433727471714 428.7270787482312 22.140131490391596 23.21277107966982 26.79544242176445
256 524288 612.527 736.351 810.842 331.05766104863835 364.54823311165467 438.24265052805833 20.691103815539897 22.784264569478417 27.390165658003646
256 1048576 1168.446 1653.242 2803.782 191.48097533973754 324.73824884681136 459.47430347658354 11.967560958733596 20.29614055292571 28.71714396728647
256 2097152 2389.08 2649.655 2901.659 370.0441106277478 405.23835140801344 449.4373666850838 23.127756914234237 25.32739696300084 28.08983541781774

512 1 1.384 1.439 1.701 0.6019988242210464 0.7116052814454482 0.739884393063584 0.0376249265138154 0.04447533009034051 0.046242774566474
512 2 0.865 1.06 1.206 1.6981757877280266 1.9320754716981132 2.3676300578034684 0.10613598673300166 0.12075471698113208 0.14797687861271677
512 4 0.929 1.021 1.091 3.7543538038496793 4.011753183153772 4.409041980624328 0.23464711274060496 0.25073457394711074 0.2755651237890205
512 8 0.707 1.017 1.086 7.543278084714549 8.055063913470994 11.58698727015559 0.4714548802946593 0.5034414945919371 0.7241867043847243
512 16 0.675 0.981 1.421 11.52990851513019 16.7013251783894 24.272592592592595 0.7206192821956369 1.0438328236493375 1.5170370370370372
512 32 0.695 0.827 1.045 31.356937799043067 39.622732769044745 47.14820143884893 1.9598086124401917 2.4764207980652966 2.946762589928058
512 64 0.781 0.894 1.032 63.50387596899225 73.30648769574944 83.91293213828425 3.9689922480620154 4.58165548098434 5.2445582586427655
512 128 0.871 1.085 1.623 80.75908810844116 120.80368663594471 150.48450057405282 5.047443006777573 7.550230414746545 9.405281285878301
512 256 1.1 1.296 2.274 115.2788038698329 202.27160493827162 238.31272727272727 7.204925241864556 12.641975308641976 14.894545454545455
512 512 1.543 2.091 3.045 172.1799671592775 250.73553323768527 339.78483473752436 10.761247947454844 15.67097082735533 21.236552171095273
512 1024 2.461 3.679 5.426 193.25027644673793 285.0165805925524 426.07720438846 12.07814227792112 17.813536287034523 26.62982527427875
512 2048 4.297 4.655 9.878 212.30532496456775 450.51600429645543 488.0502676285781 13.269082810285484 28.157250268528465 30.503141726786133
512 4096 7.968 8.361 8.386 500.15549725733376 501.65099868436795 526.3935742971887 31.25971857858336 31.353187417772997 32.899598393574294
512 8192 15.297 16.232 25.456 329.5336266499058 516.7944800394283 548.382558671635 20.59585166561911 32.29965500246427 34.27390991697719
512 16384 29.989 29.989 31.519 532.2889685586472 559.445663409917 559.445663409917 33.26806053491545 34.96535396311981 34.96535396311981
512 32768 59.312 59.317 62.057 540.7034178255475 565.6798556906115 565.7275424871865 33.79396361409672 35.35499098066322 35.357971405449156
512 65536 117.969 122.568 203.804 329.28138800023555 547.5235297957053 568.8686349803762 20.580086750014722 34.22022061223158 35.55428968627351
512 131072 235.272 244.826 276.385 485.618713027118 548.2168070384681 570.4789690230882 30.351169564194876 34.26355043990426 35.65493556394301
512 262144 526.525 677.361 776.103 345.876070573107 396.2960016889074 509.82471107734676 21.617254410819186 24.76850010555671 31.864044442334173
512 524288 921.516 989.952 1317.371 407.5320558901023 542.3201448151021 582.5953233584659 25.470753493131394 33.895009050943884 36.412207709904116
512 1048576 1870.574 1911.023 2087.619 514.3380204912869 561.8675568007293 574.0172930875764 32.14612628070543 35.11672230004558 35.87608081797352

1024 1 1.058 1.203 1.946 1.052415210688592 1.7024106400665002 1.9357277882797732 0.065775950668037 0.10640066500415626 0.12098298676748583
1024 2 0.809 0.841 1.126 3.63765541740675 4.870392390011891 5.063040791100124 0.22735346358792188 0.3043995243757432 0.31644004944375775
1024 4 0.828 0.828 1.365 6.0014652014652015 9.893719806763286 9.893719806763286 0.3750915750915751 0.6183574879227054 0.6183574879227054
1024 8 0.732 0.839 1.221 13.41850941850942 19.52800953516091 22.38251366120219 0.8386568386568387 1.2205005959475568 1.3989071038251368
1024 16 0.724 0.86 1.047 31.29703915950335 38.10232558139535 45.2596685082873 1.9560649474689593 2.3813953488372093 2.828729281767956
1024 32 0.778 0.85 1.082 60.569316081330875 77.10117647058824 84.23650385604114 3.7855822550831797 4.818823529411765 5.264781491002571
1024 64 0.886 0.949 1.362 96.23494860499267 138.11591148577452 147.9367945823928 6.014684287812042 8.632244467860907 9.24604966139955
1024 128 1.129 1.204 2.28 114.97543859649124 217.72757475083057 232.19131975199295 7.185964912280703 13.60797342192691 14.51195748449956
1024 256 1.61 1.671 3.127 167.6648544931244 313.75703171753446 325.6447204968944 10.479053405820276 19.609814482345904 20.3527950310559
1024 512 2.63 2.647 5.058 207.3103993673389 396.13751416698153 398.6980988593156 12.956899960458681 24.758594635436346 24.918631178707226
1024 1024 4.542 4.585 9.449 221.94433273362262 457.39411123227916 461.7243505063849 13.871520795851414 28.587131952017447 28.857771906649056
1024 2048 8.403 8.584 17.001 246.7092523969178 488.61882572227404 499.14363917648456 15.419328274807363 30.538676607642127 31.196477448530285
1024 4096 16.291 16.347 32.958 254.52418229261488 513.1588670704105 514.9228408323614 15.90776139328843 32.07242919190065 32.18267755202259
1024 8192 59.363 62.224 65.782 255.0426560457268 269.6261249678581 282.6207570372117 15.940166002857925 16.851632810491132 17.663797314825732
1024 16384 93.689 105.034 142.04 236.23227259926784 319.4625740236495 358.1469756321447 14.76451703745424 19.966410876478093 22.384185977009043
1024 32768 124.327 150.768 246.011 272.7880623224165 445.1134458240476 539.7770717543253 17.049253895151033 27.819590364002973 33.73606698464533
1024 65536 247.682 328.661 509.316 263.5254498189729 408.37741015818733 541.8953658319944 16.470340613685806 25.523588134886708 33.86846036449965
1024 131072 498.698 519.369 1007.665 266.39354944351544 516.8492074035994 538.2725737821287 16.649596840219715 32.30307546272496 33.64203586138304
1024 262144 1004.989 1092.849 2167.839 247.65257567559217 491.2580896354392 534.205759466024 15.478285979724511 30.70363060221495 33.3878599666265
1024 524288 1972.479 2024.368 4094.726 262.225561368453 530.4084158611479 544.3615997939648 16.38909758552831 33.15052599132174 34.0225999871228

2048 1 1.489 1.806 1.825 2.244383561643836 2.267995570321152 2.750839489590329 0.14027397260273974 0.141749723145072 0.17192746809939558
2048 2 0.715 0.899 1.089 7.522497704315888 9.112347052280311 11.457342657342659 0.470156106519743 0.5695216907675195 0.7160839160839162
2048 4 0.776 0.917 1.074 15.255121042830542 17.866957470010906 21.11340206185567 0.9534450651769089 1.1166848418756816 1.3195876288659794
2048 8 0.797 0.832 1.127 29.075421472937002 39.38461538461539 41.114178168130486 1.8172138420585626 2.4615384615384617 2.5696361355081554
2048 16 0.828 0.828 1.245 52.63935742971887 79.14975845410629 79.14975845410629 3.2899598393574294 4.946859903381643 4.946859903381643
2048 32 0.912 0.931 1.277 102.64056382145654 140.78625134264232 143.71929824561406 6.415035238841034 8.799140708915145 8.982456140350878
2048 64 1.117 1.139 1.718 152.58672875436557 230.15276558384548 234.6857654431513 9.536670547147848 14.384547848990342 14.667860340196956
2048 128 1.544 1.552 2.53 207.22845849802374 337.8144329896907 339.56476683937825 12.951778656126484 21.11340206185567 21.22279792746114
2048 256 2.386 2.397 4.114 254.87992221682063 437.4534835210681 439.4702430846605 15.92999513855129 27.340842720066757 27.466890192791283
2048 512 4.136 4.154 7.892 265.7313735428282 504.8512277323063 507.0483558994198 16.60821084642676 31.553201733269145 31.690522243713737
2048 1024 7.502 7.539 14.39 291.4735232800556 556.3475261971084 559.0914422820582 18.217095205003474 34.77172038731928 34.94321514262864
2048 2048 14.505 14.524 28.129 298.2192043798215 577.5687138529332 578.3252671492588 18.638700273738845 36.09804461580833 36.145329196828676
2048 4096 28.08 28.116 54.424 308.2687049830957 596.7141840944658 597.4792022792024 19.26679406144348 37.294636505904116 37.34245014245015
2048 8192 55.264 55.305 124.281 269.9884294461744 606.716065455203 607.166184134337 16.8742768403859 37.919754090950185 37.94788650839606
2048 16384 109.64 134.655 218.055 307.7611795189287 498.37632468159376 612.0837650492522 19.235073719933045 31.14852029259961 38.25523531557826
2048 32768 228.126 256.819 410.02 327.3443441783328 522.6160369754574 588.3491053189904 20.4590215111458 32.66350231096609 36.7718190824369
2048 65536 420.787 452.717 510.766 525.5546688698935 592.943176421473 637.9366662943485 32.84716680436834 37.058948526342064 39.87104164339678
2048 131072 877.847 985.404 1231.43 435.97355269889476 544.8231507077301 611.5768602045688 27.248347043680923 34.05144691923313 38.22355376278555
2048 262144 1958.781 2150.44 2859.748 375.46728732741485 499.31261695280966 548.1683884007451 23.466705457963428 31.207038559550604 34.26052427504657

4096 1 1.656 1.714 2.016 4.063492063492064 4.7794632438739795 4.946859903381643 0.253968253968254 0.2987164527421237 0.3091787439613527
4096 2 0.821 0.855 0.97 16.890721649484536 19.162573099415205 19.95615103532278 1.0556701030927835 1.1976608187134503 1.2472594397076737
4096 4 0.94 0.955 1.037 31.59884281581485 34.31204188481676 34.859574468085114 1.9749276759884282 2.1445026178010473 2.1787234042553196
4096 8 0.926 0.93 0.955 68.62408376963351 70.46881720430108 70.7732181425486 4.289005235602095 4.404301075268817 4.4233261339092875
4096 16 1.033 1.042 1.073 122.15470643056851 125.78886756238005 126.88480154888676 7.634669151910532 7.861804222648753 7.930300096805422
4096 32 1.277 1.327 1.366 191.90629575402636 197.54634513941224 205.28112764291308 11.994143484626647 12.346646571213265 12.830070477682067
4096 64 1.761 1.769 1.829 286.6528157463095 296.3753533069531 297.72174900624645 17.915800984144344 18.52345958168457 18.607609312890403
4096 128 2.735 2.748 2.835 369.86807760141096 381.5778748180495 383.3915904936015 23.116754850088185 23.848617176128094 23.961974405850093
4096 256 4.702 4.707 4.907 427.37966170776446 445.5389844911834 446.01276052743515 26.71122885673528 27.84618653069896 27.875797532964697
4096 512 8.589 8.597 9.075 462.1822589531681 487.8799581249274 488.33438118523696 28.886391184573007 30.49249738280796 30.52089882407731
4096 1024 16.593 16.637 17.225 487.001915820029 504.2139808859771 505.5510154884591 30.437619738751813 31.51337380537357 31.596938468028693
4096 2048 32.14 32.196 35.338 474.7641632237252 521.0962852528265 522.0042314872434 29.672760201482824 32.56851782830166 32.62526446795271
4096 4096 63.343 63.421 117.43 285.7398620454739 529.0744706012205 529.7259681417047 17.85874137784212 33.06715441257628 33.107873008856544
4096 8192 125.707 125.861 193.471 346.8678199833567 533.1982425056212 533.8514482089304 21.679238748959794 33.32489015660133 33.36571551305815
4096 16384 250.444 250.777 264.355 507.71775831741405 535.20748713 535.9191196435131 31.73235989483838 33.450467945625 33.49494497771957
4096 32768 500.947 527.613 531.519 505.0345443906991 508.77339261921145 535.8560007346088 31.564659024418695 31.798337038700716 33.49100004591305
4096 65536 989.525 1189.92 1193.556 449.8078950631558 451.1823584778808 542.5541668982593 28.112993441447237 28.19889740486755 33.909635431141204
4096 131072 2034.216 2048.509 2080.649 516.0610098099199 524.1577283770782 527.8406147626408 32.253813113119996 32.75985802356739 32.99003842266505

8192 1 4.017 4.109 7.57 2.164332892998679 3.9873448527622295 4.078665670898681 0.13527080581241743 0.24920905329763934 0.25491660443116754
8192 2 1.431 1.966 2.898 11.307108350586612 16.667344862665313 22.898672257162822 0.7066942719116632 1.041709053916582 1.4311670160726764
8192 4 1.181 1.588 2.067 31.70585389453314 41.269521410579344 55.49195596951736 1.9816158684083212 2.579345088161209 3.468247248094835
8192 8 1.353 1.397 1.909 68.6600314300681 93.82390837508949 96.87509238728751 4.291251964379256 5.863994273443093 6.054693274205469
8192 16 1.625 2.341 2.41 108.77344398340249 111.97949594190517 161.31938461538465 6.798340248962655 6.998718496369073 10.08246153846154
8192 32 1.975 2.227 3.005 174.47188019966723 235.4234396048496 265.4622784810127 10.904492512479202 14.7139649753031 16.591392405063292
8192 64 2.922 3.043 4.379 239.45558346654488 344.5862635557016 358.8555783709788 14.965973966659055 21.53664147223135 22.428473648186174
8192 128 4.882 5.216 7.645 274.3168083714847 402.06134969325154 429.5682097501024 17.144800523217793 25.12883435582822 26.8480131093814
8192 256 8.151 8.469 13.635 307.6130546387973 495.25374896682024 514.575389522758 19.22581591492483 30.953359310426265 32.16096184517237
8192 512 15.72 22.309 23.788 352.6403228518581 376.01900578241964 533.6264631043257 22.040020178241132 23.501187861401228 33.351653944020356
8192 1024 28.299 30.822 44.677 375.5224388387761 544.3260009084421 592.8554365878654 23.470152427423507 34.02037505677763 37.053464786741586
8192 2048 55.868 58.791 82.479 406.82394306429524 570.7409637529554 600.6019904059569 25.426496441518452 35.67131023455971 37.53762440037231
8192 4096 110.423 115.427 172.711 388.56160869892483 581.3965883198905 607.7435316917672 24.285100543682802 36.337286769993156 37.98397073073545
8192 8192 228.684 234.223 296.033 453.38772366594264 573.033937743091 586.9135050987389 28.336732729121415 35.814621108943186 36.682094068671184
8192 16384 438.301 455.537 533.092 503.54433381104957 589.2725640288276 612.445456432908 31.471520863190598 36.82953525180172 38.27784102705675
8192 32768 889.223 926.074 1193.024 450.008475940132 579.7278748782495 603.7528404011143 28.12552974625825 36.232992179890594 37.734552525069645
8192 65536 1840.302 1859.109 2032.428 528.3049751331904 577.5572190764501 583.4595756566043 33.0190609458244 36.09732619227813 36.46622347853777

16384 1 3.921 4.266 4.43 7.396839729119639 7.681200187529301 8.357051772507013 0.46230248306997745 0.4800750117205813 0.5223157357816883
16384 2 1.958 2.121 2.243 29.21801159161837 30.8986327204149 33.4708886618999 1.8261257244761482 1.9311645450259312 2.0919305413687437
16384 4 1.61 1.759 1.919 68.30224075039082 74.51506537805572 81.4111801242236 4.268890046899426 4.657191586128483 5.088198757763975
16384 8 1.877 1.993 2.041 128.4390004899559 131.53236327145007 139.66116142781036 8.027437530622244 8.22077270446563 8.728822589238147
16384 16 2.249 2.279 2.702 194.03700962250184 230.0517770952172 233.12049799911074 12.127313101406365 14.378236068451075 14.570031124944421
16384 32 3.1 3.144 3.193 328.3983714375196 333.51653944020353 338.25032258064516 20.524898214844974 20.84478371501272 21.140645161290323
16384 64 4.681 4.813 4.816 435.45514950166114 435.72657386245595 448.0136722922453 27.21594684385382 27.232910866403497 28.00085451826533
16384 128 7.965 8.233 8.245 508.7087932080049 509.4502611441759 526.5918392969241 31.794299575500307 31.840641321510994 32.91198995605776
16384 256 14.709 15.128 15.268 549.4241550956249 554.5087255420412 570.3044394588347 34.339009693476555 34.65679534637758 35.64402746617717
16384 512 28.043 28.783 28.859 581.3512595724037 582.8862870444359 598.2675177406127 36.33445372327523 36.430392940277244 37.39171985878829
16384 1024 54.952 56.379 59.268 566.1475332388472 595.1583390978911 610.6134808560198 35.38422082742795 37.1973961936182 38.16334255350124
16384 2048 111.013 118.568 122.862 546.2133450538003 565.9947371972203 604.5135614747823 34.138334065862516 35.37467107482627 37.78209759217389
16384 4096 216.495 220.518 245.696 546.2755926022402 608.647493628638 619.9576341254995 34.14222453764001 38.040468351789876 38.747352132843716
16384 8192 428.201 431.168 447.396 599.9952078248352 622.577408341992 626.8912403287242 37.4997004890522 38.9110880213745 39.18070252054526
16384 16384 842.033 852.546 1020.222 526.2294990698103 629.7266212028442 637.5889210992918 32.88934369186315 39.35791382517776 39.84930756870574
16384 32768 1655.258 1664.424 2387.979 449.6445839766598 645.1131586663014 648.6854762218337 28.10278649854124 40.31957241664384 40.54284226386461

32768 1 5.958 6.654 11.613 5.643330750021528 9.849113315299068 10.99966431688486 0.3527081718763455 0.6155695822061917 0.6874790198053038
32768 2 2.925 2.991 4.103 31.94540580063369 43.82213306586426 44.81094017094018 1.9965878625396056 2.738883316616516 2.800683760683761
32768 4 2.756 2.83 4.822 54.364164247200335 92.63038869257952 95.11756168359943 3.397760265450021 5.78939929328622 5.944847605224965
32768 8 3.154 3.175 5.032 104.19077901430843 165.1300787401575 166.22954977805963 6.511923688394277 10.320629921259844 10.389346861128727
32768 16 3.854 3.925 5.975 175.49389121338913 267.1531210191083 272.07472755578624 10.96836820083682 16.69707006369427 17.00467047223664
32768 32 5.353 5.559 8.035 261.0021157436217 377.2534628530311 391.77134317205315 16.312632233976355 23.578341428314445 24.485708948253322
32768 64 8.453 8.837 12.452 336.8377770639255 474.62985175964695 496.1911747308648 21.052361066495344 29.664365734977935 31.01194842067905
32768 128 14.488 15.459 21.448 391.1137635210742 542.6358755417557 579.0038652678079 24.444610220067137 33.91474222135973 36.18774157923799
32768 256 26.696 28.642 37.624 445.9179247288964 585.7557433140145 628.4543002697034 27.869870295556026 36.609733957125904 39.27839376685646
32768 512 51.126 68.49 73.508 456.47320019589705 489.9172433931962 656.3085709814968 28.529575012243566 30.619827712074763 41.01928568634355
32768 1024 100.365 107.708 141.97 472.6974994717194 623.0629479704387 668.648074527973 29.543593716982464 38.94143424815242 41.79050465799831
32768 2048 197.874 213.43 277.742 483.24606289290057 628.8606475190929 678.2989579227186 30.202878930806285 39.30379046994331 42.39368487016991
32768 4096 465.432 528.72 629.537 426.4013965819325 507.70815554546834 576.7447360731536 26.65008728637078 31.73175972159177 36.0465460045721
32768 8192 874.433 906.565 1014.682 529.1026272270524 592.2034404593162 613.9646056358807 33.068914201690774 37.01271502870726 38.372787852242546
32768 16384 1581.33 1586.071 1713.224 626.7375567935075 676.9821931048485 679.011859637141 39.171097299594216 42.31138706905303 42.43824122732131

65536 1 11.8 14.698 23.078 5.679521622324292 8.917675874268609 11.107796610169492 0.35497010139526824 0.557354742141788 0.6942372881355933
65536 2 6.96 8.605 12.081 21.69886598791491 30.464148750726324 37.66436781609195 1.356179124244682 1.9040092969203952 2.354022988505747
65536 4 5.774 6.634 8.506 61.63743240065837 79.03044920108532 90.80152407343263 3.852339525041148 4.939403075067832 5.6750952545895395
65536 8 6.379 6.956 12.044 87.06210561275324 150.7441058079356 164.37936980717984 5.441381600797078 9.421506612995975 10.27371061294874
65536 16 7.81 8.45 15.498 135.31758936636987 248.1836686390533 268.52138284250964 8.457349335398117 15.511479289940832 16.782586427656852
65536 32 10.673 11.483 16.337 256.73648772724493 365.2620395367065 392.9826665417409 16.04603048295281 22.828877471044155 24.561416658858807
65536 64 16.467 17.231 22.496 372.8933143669986 486.83233706691425 509.41932349547585 23.305832147937412 30.42702106668214 31.83870771846724
65536 128 28.045 29.093 36.963 453.892162432703 576.6753514591139 598.2248529149581 28.368260152043938 36.04220946619462 37.38905330718488
65536 256 51.149 53.05 66.408 505.2769545837851 632.5057869934026 656.0134508983558 31.579809661486568 39.53161168708766 41.00084068114724
65536 512 97.376 100.942 115.903 579.0088608577863 664.8259792752274 689.1725271114032 36.188053803611645 41.55162370470171 43.0732829444627
65536 1024 197.096 221.0 249.068 538.8798561035541 607.3200361990951 680.9764175833096 33.67999100647213 37.95750226244344 42.56102609895685
65536 2048 374.923 450.332 465.473 576.6939349865621 596.0834584262278 715.9748961786821 36.04337093666013 37.25521615163924 44.74843101116763
65536 4096 797.407 815.113 817.848 656.4433880134206 658.6459938683348 673.2708792373279 41.02771175083879 41.165374616770926 42.079429952332994
65536 8192 1561.591 1660.393 1700.056 631.5920322624667 646.6793247140888 687.5947825006676 39.474502016404166 40.41745779463055 42.97467390629173

131072 1 23.286 25.126 39.339 6.663717938941001 10.433176788983523 11.257579661599245 0.41648237118381254 0.6520735493114702 0.7035987288499528
131072 2 10.391 13.596 14.676 35.72417552466612 38.56192997940571 50.455971513810034 2.2327609702916327 2.410120623712857 3.153498219613127
131072 4 11.05 13.145 15.633 67.07452184481546 79.76995055154052 94.8937556561086 4.1921576153009665 4.985621909471282 5.930859728506787
131072 8 12.49 15.48 17.28 121.36296296296297 135.47493540051678 167.90648518815053 7.5851851851851855 8.467183462532299 10.494155324259408
131072 16 15.498 16.954 21.484 195.22919381865572 247.3931815500767 270.63517873273975 12.201824613665982 15.462073846879793 16.914698670796234
131072 32 21.385 23.22 28.635 292.9494674349572 361.26649440137817 392.26598082768294 18.309341714684827 22.579155900086135 24.516623801730184
131072 64 33.258 35.868 43.74 383.5668952903521 467.7488569198171 504.45655180708394 23.972930955647005 29.23430355748857 31.528534487942746
131072 128 56.943 61.43 71.257 470.89313330620155 546.22223669217 589.2635091231583 29.430820831637597 34.138889793260624 36.828969320197395
131072 256 104.409 114.449 127.941 524.5297754433684 586.3647913044239 642.7498012623432 32.783110965210525 36.64779945652649 40.17186257889645
131072 512 199.172 225.428 256.383 523.5047877589388 595.3906701918129 673.8784969774867 32.71904923493368 37.211916886988305 42.11740606109292
131072 1024 393.138 460.287 501.616 535.1413352046187 583.1914783602405 682.8021102004896 33.44633345028867 36.44946739751503 42.6751318875306
131072 2048 768.446 804.64 1298.554 413.4374943206058 667.2187711274607 698.6449431710231 25.839843395037864 41.701173195466296 43.665308948188944
131072 4096 1527.564 1579.119 2243.078 478.69125549802555 679.9625766012568 702.9111866998699 29.918203468626597 42.49766103757855 43.931949168741866

262144 1 43.204 61.768 66.235 7.915573337359402 8.488019686569098 12.135172669197297 0.4947233335849626 0.5305012304105686 0.7584482918248311
262144 2 33.119 46.471 61.18 17.139195815626024 22.56409373587829 31.660859325462727 1.0711997384766265 1.4102558584923932 1.9788037078414205
262144 4 43.028 55.04 56.911 36.849677566726996 38.10232558139535 48.739239564934465 2.3031048479204372 2.3813953488372093 3.046202472808404
262144 8 46.692 50.356 72.652 57.731432032153286 83.29303360076257 89.82917844598647 3.6082145020095804 5.205814600047661 5.6143236528741545
262144 16 42.937 57.495 59.288 141.48913776818245 145.9015218714671 195.3701469594988 8.843071110511403 9.118845116966694 12.210634184968676
262144 32 51.426 67.52 76.113 220.4251047784216 248.47772511848348 326.2399564422666 13.77656904865135 15.529857819905217 20.389997277641662
262144 64 94.113 96.309 112.938 297.10488940834796 348.40390825364193 356.5334438387896 18.569055588021747 21.77524426585262 22.28334023992435
262144 128 142.276 180.832 217.319 308.803482438259 371.11166165280486 471.68084568022715 19.300217652391186 23.194478853300303 29.480052855014197
262144 256 253.226 349.319 369.054 363.6804586862628 384.22681846678825 530.0313869823794 22.730028667891425 24.014176154174265 33.126961686398715
262144 512 467.741 571.019 813.14 330.1220650810439 470.09899145212336 573.8976399332109 20.632629067565244 29.38118696575771 35.868602495825684
262144 1024 889.848 1108.223 1859.381 288.73636548937526 484.4430335771772 603.3287842418032 18.046022843085954 30.277689598573573 37.7080490151127
262144 2048 1512.65 2109.077 2429.972 441.87415492853415 509.10508435680623 709.8415522427528 27.617134683033385 31.81906777230039 44.36509701517205

524288 1 94.685 100.563 114.091 9.19069865282976 10.427055676541073 11.074362359402228 0.57441866580186 0.6516909797838171 0.6921476474626392
524288 2 70.414 74.935 78.522 26.707827105779273 27.986281443918063 29.78316811997614 1.6692391941112046 1.749142590244879 1.8614480074985087
524288 4 65.535 73.871 87.753 47.79670210705048 56.778762978706126 64.00097657740139 2.987293881690655 3.548672686169133 4.000061036087587
524288 8 80.568 82.108 161.746 51.862846685544 102.16553807180786 104.1183596465098 3.2414279178465 6.385346129487991 6.507397477906863
524288 16 85.246 94.619 102.059 164.38742296122834 177.3133937158499 196.80942214297448 10.274213935076771 11.08208710724062 12.300588883935905
524288 32 109.718 147.621 156.641 214.21231989070554 227.3012105323768 305.8243132393955 13.388269993169096 14.20632565827355 19.11401957746222
524288 64 163.368 206.977 216.933 309.3529522940263 324.2334365654155 410.78340923559085 19.334559518376643 20.26458978533847 25.67396307722443
524288 128 270.077 328.035 426.014 315.05473529038954 409.1567302269575 496.9609703899258 19.690920955649347 25.572295639184844 31.060060649370364
524288 256 470.438 564.313 694.444 386.5473040302746 475.68540154134325 570.6075104477105 24.15920650189216 29.730337596333953 35.66296940298191
524288 512 803.947 878.036 1266.474 423.9099357744416 611.4452163692606 667.7939117877174 26.4943709859026 38.21532602307879 41.73711948673234
524288 1024 1591.885 1664.519 2611.41 411.17320681164585 645.0763397714295 674.5096687260701 25.698325425727866 40.317271235714344 42.15685429537938

1048576 1 163.385 175.243 300.943 6.9686020276264955 11.967108529299317 12.835645867123667 0.43553762672665597 0.7479442830812073 0.8022278666952292
1048576 2 145.201 146.544 331.187 12.664458447946327 28.621465225461296 28.886192243855074 0.7915286529966454 1.788841576591331 1.8053870152409421
1048576 4 140.781 143.577 242.487 34.59405246466821 58.42584815116627 59.586222572648296 2.162128279041763 3.651615509447892 3.7241389107905185
1048576 8 148.228 201.772 333.618 50.28870144896259 83.14937652399739 113.18520117656584 3.143043840560162 5.196836032749837 7.074075073535365
1048576 16 198.111 217.051 305.653 109.77949504830642 154.5923861212342 169.3718773818718 6.861218440519151 9.662024132577137 10.585742336366987
1048576 32 212.649 242.454 641.704 104.57915799184671 276.79008801669596 315.58513795033133 6.53619737449042 17.299380501043498 19.724071121895708
1048576 64 316.66 349.549 589.463 227.69491554177282 383.9740007838672 423.85438009221247 14.230932221360801 23.9983750489917 26.49089875576328
1048576 128 618.052 706.023 946.364 283.6492681462947 380.20780626126907 434.32503413952224 17.728079259143417 23.762987891329317 27.14531463372014
1048576 256 1109.577 1278.004 1484.197 361.72483302418755 420.0854707809992 483.8518750839284 22.60780206401172 26.25534192381245 30.240742192745525
1048576 512 1890.856 1990.296 3355.846 319.96159060934264 539.4885102517416 567.8601776126792 19.997599413083915 33.71803189073385 35.49126110079245

2097152 1 365.056 540.285 705.474 5.945370063248255 7.763132420851959 11.489481065918655 0.37158562895301595 0.48519577630324745 0.7180925666199159
2097152 2 250.3 658.875 1174.242 7.143849393906878 12.731713906279644 33.514214942069515 0.4464905871191799 0.7957321191424778 2.0946384338793447
2097152 4 237.076 660.081 1108.639 15.13316417697736 25.416904895005313 70.76724763367022 0.945822761061085 1.588556555937832 4.422952977104389
2097152 8 311.076 509.13 1306.952 25.673805924012516 65.90543083298961 107.86570484383238 1.6046128702507823 4.1190894270618506 6.7416065527395235
2097152 16 310.991 941.027 2495.227 26.8948933303463 71.31449363302009 215.79037335485594 1.6809308331466437 4.457155852063756 13.486898334678497
2097152 32 627.183 771.019 1088.487 123.3066890096069 174.07836642157977 214.0009024479299 7.706668063100431 10.879897901348736 13.375056402995618
2097152 64 638.279 868.665 1722.438 155.84622262165604 309.02068806732177 420.5613156628998 9.740388913853502 19.31379300420761 26.285082228931238
2097152 128 965.423 1620.92 1803.89 297.6184312790691 331.2137008612393 556.0991523922675 18.60115195494182 20.700856303827457 34.756197024516716
2097152 256 1981.208 2117.359 2475.988 433.6619660515318 507.11373177623636 541.9631982103848 27.103872878220738 31.694608236014773 33.87269988814905

4194304 1 720.112 1190.366 1217.059 6.892523698522423 7.0470829980022955 11.649032372742019 0.4307827311576514 0.44044268737514347 0.7280645232963762
4194304 2 1204.602 2993.278 3425.1 4.898314209804094 5.604964189761192 13.927600983561375 0.3061446381127559 0.3503102618600745 0.8704750614725859
4194304 4 1332.634 2433.574 2442.506 13.737707092633553 13.78812890012796 25.17903040144556 0.858606693289597 0.8617580562579975 1.5736894000903474
4194304 8 1203.262 2351.605 2735.112 24.53605702435586 28.53747291743299 55.77244523636582 1.5335035640222412 1.7835920573395618 3.4857778272728637
4194304 16 1359.861 2988.706 3463.777 38.7489517945295 44.90830747487374 98.69959356140075 2.421809487158094 2.8067692171796086 6.168724597587547
4194304 32 2779.928 3170.466 3279.308 81.85734795267783 84.66750818333962 96.56201743354505 5.116084247042364 5.291719261458726 6.035126089596566
4194304 64 2812.854 4010.147 5965.691 89.99308076801164 133.8781126976143 190.8634120363162 5.624567548000727 8.367382043600895 11.928963252269762
4194304 128 4332.653 4352.42 5993.014 179.1655791226251 246.6999563461247 247.82548337011985 11.197848695164069 15.418747271632794 15.489092710632491

8388608 1 1743.248 1878.627 2765.573 6.066452051708634 8.93057323247244 9.624113149706755 0.3791532532317896 0.5581608270295275 0.6015070718566722
8388608 2 2993.483 3298.379 5047.993 6.647083702374389 10.17300680121963 11.20916070009417 0.4154427313983993 0.6358129250762269 0.7005725437558856
8388608 4 3526.396 3775.111 5540.81 12.11174250696198 17.776659812122084 19.03043900911866 0.7569839066851237 1.1110412382576302 1.1894024380699162
8388608 8 4489.45 4733.052 5070.462 26.470512548955103 28.35754350469845 29.896251879406165 1.654407034309694 1.7723464690436532 1.8685157424628853
8388608 16 3660.39 4209.653 5627.556 47.70018388088897 63.766646799629335 73.33520635779249 2.9812614925555607 3.9854154249768334 4.58345039736203
8388608 32 3837.591 4398.819 5400.238 99.41615758416575 122.04887539132663 139.89789740490846 6.213509849010359 7.6280547119579145 8.743618587806779
8388608 64 5278.56 5577.355 6469.686 165.96505981897732 192.51810652181905 203.41567094055952 10.372816238686083 12.03238165761369 12.71347943378497

16777216 1 4269.671 4531.803 6782.137 4.947471866168437 7.404212407291315 7.8587863092964305 0.3092169916355273 0.46276327545570717 0.4911741443310269
16777216 2 7762.464 8071.053 12919.0 5.194586577908507 8.314759424823503 8.645304377579079 0.3246616611192817 0.5196724640514689 0.5403315235986924
16777216 4 6774.266 8000.359 14082.959 9.53050619546645 16.776463156215865 19.81288127746977 0.5956566372166531 1.0485289472634916 1.2383050798418607
16777216 8 7425.548 10777.385 10895.234 24.63787891109085 24.90729021928789 36.15025530775642 1.5398674319431782 1.5567056387054932 2.259390956734776
16777216 16 7425.892 13329.278 13370.264 40.154099574997176 40.277568822557384 72.2971613376548 2.5096312234373235 2.5173480514098365 4.518572583603425
16777216 32 8752.528 13502.841 18133.29 59.21384503308556 79.5196969289648 122.67790791414777 3.7008653145678476 4.9699810580603 7.667369244634235

33554432 1 6779.483 9996.724 11211.345 5.985799562853521 6.713085606844802 9.898817358196784 0.3741124726783451 0.41956785042780015 0.618676084887299
33554432 2 13508.066 18824.354 19169.321 7.0016944262136365 7.130004461242071 9.936117279853386 0.4376059016383523 0.4456252788276294 0.6210073299908366
33554432 4 13677.854 18888.311 20556.133 13.058655341449679 14.2117236422039 19.625553540782057 0.8161659588406049 0.8882327276377437 1.2265970962988786
33554432 8 16480.551 20850.284 20927.578 25.65375276584801 25.748853684678828 32.57602928445779 1.6033595478655007 1.6093033552924267 2.036001830278612
33554432 16 15472.17 21364.238 21557.007 49.80941111166313 50.25884021700189 69.39826953814494 3.1130881944789457 3.141177513562618 4.337391846134059

67108864 1 15356.467 18899.933 21952.03 6.1141374169040414 7.1014922645492975 8.74014368018373 0.3821335885565026 0.4438432665343311 0.5462589800114831
67108864 2 27670.204 37708.262 44599.732 6.018768363899586 7.118743791479969 9.701246004546986 0.3761730227437241 0.44492148696749806 0.6063278752841866
67108864 4 30069.098 38686.78 44797.79 11.984316904918746 13.877373924632654 17.85457322331385 0.7490198065574216 0.8673358702895408 1.1159108264571156
67108864 8 28388.596 41726.812 44213.067 24.285621804974536 25.73265899153763 37.82299850263817 1.5178513628109085 1.6082911869711018 2.3639374064148857

134217728 1 27321.687 42370.251 44854.823 5.9845394106225775 6.335470044772688 9.824995652720858 0.3740337131639111 0.395966877798293 0.6140622282950536
134217728 2 57542.715 82348.245 90459.52 5.9349299222458844 6.519518564117548 9.329954486853811 0.3709331201403678 0.40746991025734675 0.5831221554283632
134217728 4 58039.376 81331.829 102115.096 10.515015566356615 13.201987920374938 18.50023032639083 0.6571884728972884 0.8251242450234336 1.156264395399427

268435456 1 57343.134 82134.655 172031.58 3.1207695238281254 6.536472479247646 9.362427104176065 0.19504809523925784 0.40852952995297787 0.5851516940110041
268435456 2 113838.329 155963.764 220608.085 4.867191626272446 6.884559569875474 9.432164310844724 0.3041994766420279 0.43028497311721714 0.5895102694277953

536870912 1 127930.887 177708.614 196881.238 5.453753922453495 6.042148435190654 8.393139836511883 0.3408596201533434 0.3776342771994159 0.5245712397819927

META_DATA
FLOPS          1
OPENMP_THREADS 1
ERT_VERSION  1.1.0
HOSTNAME  ('minahil-k', [], ['2404:3100:104b:39a1:7128:cd83:7620:4e0'])
UNAME  uname_result(system='Linux', node='minahil-k', release='6.17.0-20-generic', version='#20~24.04.1-Ubuntu SMP PREEMPT_DYNAMIC Thu Mar 19 01:28:37 UTC 2', machine='x86_64')
TIMESTAMP_DATA  1778178974.6388447
CONFIG  {'ERT_RESULTS': ['Results'], 'ERT_DRIVER': ['driver1'], 'ERT_KERNEL': ['kernel1'], 'ERT_MPI': ['False'], 'ERT_MPI_CFLAGS': [], 'ERT_MPI_LDFLAGS': [], 'ERT_MPI_PROCS': ['1'], 'ERT_OPENMP': ['True'], 'ERT_OPENMP_CFLAGS': ['-fopenmp'], 'ERT_OPENMP_LDFLAGS': ['-fopenmp'], 'ERT_OPENMP_THREADS': ['1,2,4'], 'ERT_GPU': ['False'], 'ERT_GPU_CFLAGS': [], 'ERT_GPU_LDFLAGS': [], 'ERT_GPU_BLOCKS': ['1'], 'ERT_GPU_THREADS': ['1'], 'ERT_HIP': ['False'], 'ERT_OCL': ['False'], 'ERT_SYCL': ['False'], 'ERT_FLOPS': ['1,2,4,8,16'], 'ERT_ALIGN': ['32'], 'ERT_CC': ['g++'], 'ERT_CFLAGS': ['-O3', '-mavx2', '-march=native', '-ffast-math'], 'ERT_LD': ['g++'], 'ERT_LDFLAGS': [], 'ERT_LDLIBS': [], 'ERT_PRECISION': ['FP64'], 'ERT_PROCS_THREADS': ['4'], 'ERT_BLOCKS_THREADS': ['1'], 'ERT_WORKING_SET_MIN': ['1'], 'ERT_MEMORY_MAX': ['536870912'], 'ERT_WSS_MULT': ['2.0'], 'ERT_TRIALS_MIN': ['1'], 'ERT_NUM_EXPERIMENTS': ['3'], 'ERT_RUN': ['OMP_NUM_THREADS=ERT_OPENMP_THREADS', './ERT_CODE'], 'ERT_GNUPLOT': ['False']}
TIMESTAMP_DATA  1778178980.080417
TIMESTAMP_DATA  1778178984.3452096
