fp64
           8            1           1.627           16            1
           8            2           1.135           32            2
           8            4           1.251           64            4
           8            8           0.835          128            8
           8           16           0.923          256           16
           8           32           0.838          512           32
           8           64           0.833         1024           64
           8          128           0.876         2048          128
           8          256           0.954         4096          256
           8          512           1.481         8192          512
           8         1024           1.828        16384         1024
           8         2048           1.694        32768         2048
           8         4096           2.485        65536         4096
           8         8192           4.402       131072         8192
           8        16384           7.875       262144        16384
           8        32768          16.585       524288        32768
           8        65536          29.575      1048576        65536
           8       131072          59.357      2097152       131072
           8       262144         112.024      4194304       262144
           8       524288         228.556      8388608       524288
           8      1048576         400.597     16777216      1048576
           8      2097152         804.385     33554432      2097152
           8      4194304        1737.113     67108864      4194304
           8      8388608        3098.267    134217728      8388608
           8     16777216        6667.196    268435456     16777216
           8     33554432       13672.662    536870912     33554432
           8     67108864       25714.108   1073741824     67108864
          16            1           1.046           32            2
          16            2           0.664           64            4
          16            4           0.841          128            8
          16            8           0.720          256           16
          16           16           0.984          512           32
          16           32           0.710         1024           64
          16           64           0.854         2048          128
          16          128           0.681         4096          256
          16          256           0.820         8192          512
          16          512           0.877        16384         1024
          16         1024           1.016        32768         2048
          16         2048           1.581        65536         4096
          16         4096           2.157       131072         8192
          16         8192           3.792       262144        16384
          16        16384           6.715       524288        32768
          16        32768          22.090      1048576        65536
          16        65536          24.081      2097152       131072
          16       131072          50.698      4194304       262144
          16       262144          94.461      8388608       524288
          16       524288         188.300     16777216      1048576
          16      1048576         467.676     33554432      2097152
          16      2097152         948.722     67108864      4194304
          16      4194304        1547.211    134217728      8388608
          16      8388608        3423.148    268435456     16777216
          16     16777216        6175.121    536870912     33554432
          16     33554432       13266.514   1073741824     67108864
          32            1           1.405           64            4
          32            2           0.831          128            8
          32            4           0.706          256           16
          32            8           0.721          512           32
          32           16           0.682         1024           64
          32           32           0.702         2048          128
          32           64           0.696         4096          256
          32          128           0.733         8192          512
          32          256           1.111        16384         1024
          32          512           0.965        32768         2048
          32         1024           1.246        65536         4096
          32         2048           1.845       131072         8192
          32         4096           3.158       262144        16384
          32         8192           5.488       524288        32768
          32        16384          10.180      1048576        65536
          32        32768          19.399      2097152       131072
          32        65536         109.933      4194304       262144
          32       131072          88.374      8388608       524288
          32       262144         156.688     16777216      1048576
          32       524288         301.680     33554432      2097152
          32      1048576         714.126     67108864      4194304
          32      2097152        1170.156    134217728      8388608
          32      4194304        2248.515    268435456     16777216
          32      8388608        4553.440    536870912     33554432
          32     16777216       10572.909   1073741824     67108864
          64            1           1.847          128            8
          64            2           0.800          256           16
          64            4           0.719          512           32
          64            8           0.702         1024           64
          64           16           0.680         2048          128
          64           32           0.678         4096          256
          64           64           0.672         8192          512
          64          128           0.709        16384         1024
          64          256           0.790        32768         2048
          64          512           0.905        65536         4096
          64         1024           1.161       131072         8192
          64         2048           1.722       262144        16384
          64         4096           2.813       524288        32768
          64         8192           5.014      1048576        65536
          64        16384           9.411      2097152       131072
          64        32768          18.213      4194304       262144
          64        65536          42.959      8388608       524288
          64       131072          68.551     16777216      1048576
          64       262144         141.759     33554432      2097152
          64       524288         310.009     67108864      4194304
          64      1048576         558.005    134217728      8388608
          64      2097152        1203.347    268435456     16777216
          64      4194304        2372.907    536870912     33554432
          64      8388608        5744.496   1073741824     67108864
         128            1           1.251          256           16
         128            2           0.886          512           32
         128            4           0.826         1024           64
         128            8           0.729         2048          128
         128           16           0.644         4096          256
         128           32           0.655         8192          512
         128           64           0.667        16384         1024
         128          128           0.707        32768         2048
         128          256           0.803        65536         4096
         128          512           0.985       131072         8192
         128         1024           1.347       262144        16384
         128         2048           2.083       524288        32768
         128         4096           3.551      1048576        65536
         128         8192           6.479      2097152       131072
         128        16384          12.351      4194304       262144
         128        32768          24.090      8388608       524288
         128        65536          59.601     16777216      1048576
         128       131072         101.810     33554432      2097152
         128       262144         217.163     67108864      4194304
         128       524288         405.613    134217728      8388608
         128      1048576         796.655    268435456     16777216
         128      2097152        1599.866    536870912     33554432
         128      4194304        3188.335   1073741824     67108864
         256            1           1.325          512           32
         256            2           0.690         1024           64
         256            4           1.015         2048          128
         256            8           0.709         4096          256
         256           16           0.988         8192          512
         256           32           0.690        16384         1024
         256           64           0.778        32768         2048
         256          128           0.878        65536         4096
         256          256           1.003       131072         8192
         256          512           1.324       262144        16384
         256         1024           1.822       524288        32768
         256         2048           3.247      1048576        65536
         256         4096           5.790      2097152       131072
         256         8192          13.056      4194304       262144
         256        16384          21.750      8388608       524288
         256        32768          45.416     16777216      1048576
         256        65536         110.756     33554432      2097152
         256       131072         141.507     67108864      4194304
         256       262144         313.061    134217728      8388608
         256       524288         612.527    268435456     16777216
         256      1048576        1168.446    536870912     33554432
         256      2097152        2389.080   1073741824     67108864
         512            1           1.439         1024           64
         512            2           1.060         2048          128
         512            4           0.929         4096          256
         512            8           0.707         8192          512
         512           16           0.675        16384         1024
         512           32           0.695        32768         2048
         512           64           0.781        65536         4096
         512          128           0.871       131072         8192
         512          256           1.100       262144        16384
         512          512           1.543       524288        32768
         512         1024           2.461      1048576        65536
         512         2048           4.297      2097152       131072
         512         4096           7.968      4194304       262144
         512         8192          15.297      8388608       524288
         512        16384          29.989     16777216      1048576
         512        32768          59.312     33554432      2097152
         512        65536         117.969     67108864      4194304
         512       131072         235.272    134217728      8388608
         512       262144         677.361    268435456     16777216
         512       524288        1317.371    536870912     33554432
         512      1048576        1870.574   1073741824     67108864
        1024            1           1.203         2048          128
        1024            2           0.841         4096          256
        1024            4           0.828         8192          512
        1024            8           0.732        16384         1024
        1024           16           0.724        32768         2048
        1024           32           0.778        65536         4096
        1024           64           0.886       131072         8192
        1024          128           1.129       262144        16384
        1024          256           1.610       524288        32768
        1024          512           2.630      1048576        65536
        1024         1024           4.542      2097152       131072
        1024         2048           8.403      4194304       262144
        1024         4096          16.347      8388608       524288
        1024         8192          59.363     16777216      1048576
        1024        16384          93.689     33554432      2097152
        1024        32768         150.768     67108864      4194304
        1024        65536         247.682    134217728      8388608
        1024       131072         519.369    268435456     16777216
        1024       262144        1004.989    536870912     33554432
        1024       524288        1972.479   1073741824     67108864
        2048            1           1.489         4096          256
        2048            2           0.715         8192          512
        2048            4           0.776        16384         1024
        2048            8           0.797        32768         2048
        2048           16           0.828        65536         4096
        2048           32           0.931       131072         8192
        2048           64           1.139       262144        16384
        2048          128           1.552       524288        32768
        2048          256           2.397      1048576        65536
        2048          512           4.154      2097152       131072
        2048         1024           7.539      4194304       262144
        2048         2048          14.524      8388608       524288
        2048         4096          28.080     16777216      1048576
        2048         8192          55.264     33554432      2097152
        2048        16384         109.640     67108864      4194304
        2048        32768         256.819    134217728      8388608
        2048        65536         420.787    268435456     16777216
        2048       131072         877.847    536870912     33554432
        2048       262144        2150.440   1073741824     67108864
        4096            1           2.016         8192          512
        4096            2           0.970        16384         1024
        4096            4           1.037        32768         2048
        4096            8           0.930        65536         4096
        4096           16           1.042       131072         8192
        4096           32           1.277       262144        16384
        4096           64           1.761       524288        32768
        4096          128           2.748      1048576        65536
        4096          256           4.707      2097152       131072
        4096          512           8.589      4194304       262144
        4096         1024          16.593      8388608       524288
        4096         2048          32.196     16777216      1048576
        4096         4096          63.421     33554432      2097152
        4096         8192         125.861     67108864      4194304
        4096        16384         250.777    134217728      8388608
        4096        32768         531.519    268435456     16777216
        4096        65536        1193.556    536870912     33554432
        4096       131072        2034.216   1073741824     67108864
        8192            1           4.109        16384         1024
        8192            2           1.431        32768         2048
        8192            4           1.181        65536         4096
        8192            8           1.397       131072         8192
        8192           16           1.625       262144        16384
        8192           32           2.227       524288        32768
        8192           64           3.043      1048576        65536
        8192          128           4.882      2097152       131072
        8192          256           8.151      4194304       262144
        8192          512          23.788      8388608       524288
        8192         1024          28.299     16777216      1048576
        8192         2048          55.868     33554432      2097152
        8192         4096         110.423     67108864      4194304
        8192         8192         234.223    134217728      8388608
        8192        16384         438.301    268435456     16777216
        8192        32768         889.223    536870912     33554432
        8192        65536        1840.302   1073741824     67108864
       16384            1           3.921        32768         2048
       16384            2           2.121        65536         4096
       16384            4           1.919       131072         8192
       16384            8           1.877       262144        16384
       16384           16           2.279       524288        32768
       16384           32           3.100      1048576        65536
       16384           64           4.816      2097152       131072
       16384          128           8.233      4194304       262144
       16384          256          15.128      8388608       524288
       16384          512          28.783     16777216      1048576
       16384         1024          56.379     33554432      2097152
       16384         2048         111.013     67108864      4194304
       16384         4096         220.518    134217728      8388608
       16384         8192         431.168    268435456     16777216
       16384        16384         852.546    536870912     33554432
       16384        32768        1664.424   1073741824     67108864
       32768            1           5.958        65536         4096
       32768            2           2.925       131072         8192
       32768            4           2.830       262144        16384
       32768            8           3.175       524288        32768
       32768           16           3.854      1048576        65536
       32768           32           5.353      2097152       131072
       32768           64           8.453      4194304       262144
       32768          128          14.488      8388608       524288
       32768          256          26.696     16777216      1048576
       32768          512          51.126     33554432      2097152
       32768         1024         100.365     67108864      4194304
       32768         2048         197.874    134217728      8388608
       32768         4096         465.432    268435456     16777216
       32768         8192         874.433    536870912     33554432
       32768        16384        1581.330   1073741824     67108864
       65536            1          14.698       131072         8192
       65536            2           6.960       262144        16384
       65536            4           6.634       524288        32768
       65536            8           6.956      1048576        65536
       65536           16           8.450      2097152       131072
       65536           32          11.483      4194304       262144
       65536           64          17.231      8388608       524288
       65536          128          29.093     16777216      1048576
       65536          256          53.050     33554432      2097152
       65536          512         100.942     67108864      4194304
       65536         1024         197.096    134217728      8388608
       65536         2048         465.473    268435456     16777216
       65536         4096         797.407    536870912     33554432
       65536         8192        1561.591   1073741824     67108864
      131072            1          23.286       262144        16384
      131072            2          13.596       524288        32768
      131072            4          13.145      1048576        65536
      131072            8          15.480      2097152       131072
      131072           16          16.954      4194304       262144
      131072           32          23.220      8388608       524288
      131072           64          35.868     16777216      1048576
      131072          128          61.430     33554432      2097152
      131072          256         114.449     67108864      4194304
      131072          512         199.172    134217728      8388608
      131072         1024         460.287    268435456     16777216
      131072         2048         804.640    536870912     33554432
      131072         4096        1579.119   1073741824     67108864
      262144            1          43.204       524288        32768
      262144            2          33.119      1048576        65536
      262144            4          43.028      2097152       131072
      262144            8          46.692      4194304       262144
      262144           16          42.937      8388608       524288
      262144           32          51.426     16777216      1048576
      262144           64          96.309     33554432      2097152
      262144          128         142.276     67108864      4194304
      262144          256         253.226    134217728      8388608
      262144          512         467.741    268435456     16777216
      262144         1024         889.848    536870912     33554432
      262144         2048        1512.650   1073741824     67108864
      524288            1         114.091      1048576        65536
      524288            2          78.522      2097152       131072
      524288            4          65.535      4194304       262144
      524288            8          82.108      8388608       524288
      524288           16          85.246     16777216      1048576
      524288           32         109.718     33554432      2097152
      524288           64         163.368     67108864      4194304
      524288          128         270.077    134217728      8388608
      524288          256         470.438    268435456     16777216
      524288          512         803.947    536870912     33554432
      524288         1024        1591.885   1073741824     67108864
     1048576            1         163.385      2097152       131072
     1048576            2         145.201      4194304       262144
     1048576            4         143.577      8388608       524288
     1048576            8         148.228     16777216      1048576
     1048576           16         198.111     33554432      2097152
     1048576           32         212.649     67108864      4194304
     1048576           64         316.660    134217728      8388608
     1048576          128         706.023    268435456     16777216
     1048576          256        1109.577    536870912     33554432
     1048576          512        1890.856   1073741824     67108864
     2097152            1         540.285      4194304       262144
     2097152            2         658.875      8388608       524288
     2097152            4         660.081     16777216      1048576
     2097152            8         509.130     33554432      2097152
     2097152           16         941.027     67108864      4194304
     2097152           32         627.183    134217728      8388608
     2097152           64         638.279    268435456     16777216
     2097152          128         965.423    536870912     33554432
     2097152          256        2117.359   1073741824     67108864
     4194304            1         720.112      8388608       524288
     4194304            2        1204.602     16777216      1048576
     4194304            4        1332.634     33554432      2097152
     4194304            8        1203.262     67108864      4194304
     4194304           16        1359.861    134217728      8388608
     4194304           32        2779.928    268435456     16777216
     4194304           64        2812.854    536870912     33554432
     4194304          128        4332.653   1073741824     67108864
     8388608            1        1878.627     16777216      1048576
     8388608            2        2993.483     33554432      2097152
     8388608            4        3775.111     67108864      4194304
     8388608            8        4733.052    134217728      8388608
     8388608           16        4209.653    268435456     16777216
     8388608           32        3837.591    536870912     33554432
     8388608           64        5577.355   1073741824     67108864
    16777216            1        4269.671     33554432      2097152
    16777216            2        8071.053     67108864      4194304
    16777216            4        6774.266    134217728      8388608
    16777216            8        7425.548    268435456     16777216
    16777216           16        7425.892    536870912     33554432
    16777216           32        8752.528   1073741824     67108864
    33554432            1        6779.483     67108864      4194304
    33554432            2       13508.066    134217728      8388608
    33554432            4       13677.854    268435456     16777216
    33554432            8       16480.551    536870912     33554432
    33554432           16       15472.170   1073741824     67108864
    67108864            1       15356.467    134217728      8388608
    67108864            2       27670.204    268435456     16777216
    67108864            4       30069.098    536870912     33554432
    67108864            8       28388.596   1073741824     67108864
   134217728            1       27321.687    268435456     16777216
   134217728            2       57542.715    536870912     33554432
   134217728            4       58039.376   1073741824     67108864
   268435456            1       57343.134    536870912     33554432
   268435456            2      113838.329   1073741824     67108864
   536870912            1      127930.887   1073741824     67108864

META_DATA
FLOPS          1
OPENMP_THREADS 1
ERT_VERSION  1.1.0
HOSTNAME  ('minahil-k', [], ['2404:3100:104b:39a1:7128:cd83:7620:4e0'])
UNAME  uname_result(system='Linux', node='minahil-k', release='6.17.0-20-generic', version='#20~24.04.1-Ubuntu SMP PREEMPT_DYNAMIC Thu Mar 19 01:28:37 UTC 2', machine='x86_64')
TIMESTAMP_DATA  1778178980.080417
CONFIG  {'ERT_RESULTS': ['Results'], 'ERT_DRIVER': ['driver1'], 'ERT_KERNEL': ['kernel1'], 'ERT_MPI': ['False'], 'ERT_MPI_CFLAGS': [], 'ERT_MPI_LDFLAGS': [], 'ERT_MPI_PROCS': ['1'], 'ERT_OPENMP': ['True'], 'ERT_OPENMP_CFLAGS': ['-fopenmp'], 'ERT_OPENMP_LDFLAGS': ['-fopenmp'], 'ERT_OPENMP_THREADS': ['1,2,4'], 'ERT_GPU': ['False'], 'ERT_GPU_CFLAGS': [], 'ERT_GPU_LDFLAGS': [], 'ERT_GPU_BLOCKS': ['1'], 'ERT_GPU_THREADS': ['1'], 'ERT_HIP': ['False'], 'ERT_OCL': ['False'], 'ERT_SYCL': ['False'], 'ERT_FLOPS': ['1,2,4,8,16'], 'ERT_ALIGN': ['32'], 'ERT_CC': ['g++'], 'ERT_CFLAGS': ['-O3', '-mavx2', '-march=native', '-ffast-math'], 'ERT_LD': ['g++'], 'ERT_LDFLAGS': [], 'ERT_LDLIBS': [], 'ERT_PRECISION': ['FP64'], 'ERT_PROCS_THREADS': ['4'], 'ERT_BLOCKS_THREADS': ['1'], 'ERT_WORKING_SET_MIN': ['1'], 'ERT_MEMORY_MAX': ['536870912'], 'ERT_WSS_MULT': ['2.0'], 'ERT_TRIALS_MIN': ['1'], 'ERT_NUM_EXPERIMENTS': ['3'], 'ERT_RUN': ['OMP_NUM_THREADS=ERT_OPENMP_THREADS', './ERT_CODE'], 'ERT_GNUPLOT': ['False']}
