fp64
           8            1           1.139           16            1
           8            2           0.683           32            2
           8            4           0.614           64            4
           8            8           0.617          128            8
           8           16           0.618          256           16
           8           32           0.610          512           32
           8           64           0.624         1024           64
           8          128           0.638         2048          128
           8          256           0.680         4096          256
           8          512           0.768         8192          512
           8         1024           0.942        16384         1024
           8         2048           1.296        32768         2048
           8         4096           2.008        65536         4096
           8         8192           3.423       131072         8192
           8        16384           6.248       262144        16384
           8        32768          11.914       524288        32768
           8        65536          23.259      1048576        65536
           8       131072          45.901      2097152       131072
           8       262144          91.201      4194304       262144
           8       524288         193.259      8388608       524288
           8      1048576         376.272     16777216      1048576
           8      2097152         750.381     33554432      2097152
           8      4194304        1506.475     67108864      4194304
           8      8388608        3217.513    134217728      8388608
           8     16777216        6159.943    268435456     16777216
           8     33554432       12438.110    536870912     33554432
           8     67108864       25618.102   1073741824     67108864
          16            1           1.767           32            2
          16            2           0.743           64            4
          16            4           0.692          128            8
          16            8           0.688          256           16
          16           16           0.692          512           32
          16           32           0.682         1024           64
          16           64           0.692         2048          128
          16          128           0.704         4096          256
          16          256           0.752         8192          512
          16          512           0.854        16384         1024
          16         1024           1.049        32768         2048
          16         2048           1.450        65536         4096
          16         4096           2.231       131072         8192
          16         8192           3.814       262144        16384
          16        16384           6.974       524288        32768
          16        32768          13.290      1048576        65536
          16        65536          25.928      2097152       131072
          16       131072          51.458      4194304       262144
          16       262144         237.085      8388608       524288
          16       524288         288.406     16777216      1048576
          16      1048576         435.269     33554432      2097152
          16      2097152         791.526     67108864      4194304
          16      4194304        1599.657    134217728      8388608
          16      8388608        3226.619    268435456     16777216
          16     16777216        6243.058    536870912     33554432
          16     33554432       12929.610   1073741824     67108864
          32            1           1.639           64            4
          32            2           1.040          128            8
          32            4           0.705          256           16
          32            8           0.703          512           32
          32           16           0.675         1024           64
          32           32           0.685         2048          128
          32           64           0.703         4096          256
          32          128           0.742         8192          512
          32          256           0.840        16384         1024
          32          512           0.954        32768         2048
          32         1024           1.263        65536         4096
          32         2048           1.847       131072         8192
          32         4096           3.032       262144        16384
          32         8192           5.410       524288        32768
          32        16384          10.130      1048576        65536
          32        32768          19.732      2097152       131072
          32        65536          38.572      4194304       262144
          32       131072          86.510      8388608       524288
          32       262144         201.007     16777216      1048576
          32       524288         325.573     33554432      2097152
          32      1048576         572.494     67108864      4194304
          32      2097152        1136.412    134217728      8388608
          32      4194304        2518.154    268435456     16777216
          32      8388608        5128.837    536870912     33554432
          32     16777216        9753.038   1073741824     67108864
          64            1           1.267          128            8
          64            2           0.697          256           16
          64            4           0.945          512           32
          64            8           0.668         1024           64
          64           16           0.673         2048          128
          64           32           0.713         4096          256
          64           64           0.649         8192          512
          64          128           0.684        16384         1024
          64          256           0.747        32768         2048
          64          512           0.886        65536         4096
          64         1024           1.170       131072         8192
          64         2048           1.712       262144        16384
          64         4096           2.818       524288        32768
          64         8192           5.010      1048576        65536
          64        16384           9.412      2097152       131072
          64        32768          18.215      4194304       262144
          64        65536          35.814      8388608       524288
          64       131072          71.010     16777216      1048576
          64       262144         141.384     33554432      2097152
          64       524288         335.416     67108864      4194304
          64      1048576         643.787    134217728      8388608
          64      2097152        1473.535    268435456     16777216
          64      4194304        2290.951    536870912     33554432
          64      8388608        5077.710   1073741824     67108864
         128            1           1.128          256           16
         128            2           0.702          512           32
         128            4           0.727         1024           64
         128            8           0.730         2048          128
         128           16           0.706         4096          256
         128           32           0.696         8192          512
         128           64           0.728        16384         1024
         128          128           0.820        32768         2048
         128          256           0.943        65536         4096
         128          512           1.055       131072         8192
         128         1024           1.452       262144        16384
         128         2048           2.241       524288        32768
         128         4096           3.826      1048576        65536
         128         8192           6.979      2097152       131072
         128        16384          13.295      4194304       262144
         128        32768          26.012      8388608       524288
         128        65536          51.272     16777216      1048576
         128       131072         101.816     33554432      2097152
         128       262144         202.872     67108864      4194304
         128       524288         394.744    134217728      8388608
         128      1048576         927.396    268435456     16777216
         128      2097152        2299.169    536870912     33554432
         128      4194304        4654.806   1073741824     67108864
         256            1           1.515          512           32
         256            2           0.921         1024           64
         256            4           0.820         2048          128
         256            8           0.835         4096          256
         256           16           1.186         8192          512
         256           32           1.174        16384         1024
         256           64           1.044        32768         2048
         256          128           1.237        65536         4096
         256          256           1.644       131072         8192
         256          512           1.669       262144        16384
         256         1024           2.507       524288        32768
         256         2048           4.484      1048576        65536
         256         4096           6.707      2097152       131072
         256         8192          13.122      4194304       262144
         256        16384          25.011      8388608       524288
         256        32768          42.340     16777216      1048576
         256        65536          86.377     33554432      2097152
         256       131072         178.894     67108864      4194304
         256       262144         378.887    134217728      8388608
         256       524288         736.351    268435456     16777216
         256      1048576        2803.782    536870912     33554432
         256      2097152        2649.655   1073741824     67108864
         512            1           1.701         1024           64
         512            2           1.206         2048          128
         512            4           1.091         4096          256
         512            8           1.086         8192          512
         512           16           1.421        16384         1024
         512           32           1.045        32768         2048
         512           64           1.032        65536         4096
         512          128           1.623       131072         8192
         512          256           2.274       262144        16384
         512          512           3.045       524288        32768
         512         1024           5.426      1048576        65536
         512         2048           9.878      2097152       131072
         512         4096           8.361      4194304       262144
         512         8192          16.232      8388608       524288
         512        16384          31.519     16777216      1048576
         512        32768          62.057     33554432      2097152
         512        65536         122.568     67108864      4194304
         512       131072         244.826    134217728      8388608
         512       262144         776.103    268435456     16777216
         512       524288         989.952    536870912     33554432
         512      1048576        2087.619   1073741824     67108864
        1024            1           1.946         2048          128
        1024            2           1.126         4096          256
        1024            4           1.365         8192          512
        1024            8           1.221        16384         1024
        1024           16           1.047        32768         2048
        1024           32           1.082        65536         4096
        1024           64           1.362       131072         8192
        1024          128           2.280       262144        16384
        1024          256           3.127       524288        32768
        1024          512           5.058      1048576        65536
        1024         1024           9.449      2097152       131072
        1024         2048          17.001      4194304       262144
        1024         4096          32.958      8388608       524288
        1024         8192          65.782     16777216      1048576
        1024        16384         142.040     33554432      2097152
        1024        32768         246.011     67108864      4194304
        1024        65536         509.316    134217728      8388608
        1024       131072        1007.665    268435456     16777216
        1024       262144        2167.839    536870912     33554432
        1024       524288        4094.726   1073741824     67108864
        2048            1           1.825         4096          256
        2048            2           1.089         8192          512
        2048            4           0.917        16384         1024
        2048            8           0.832        32768         2048
        2048           16           0.828        65536         4096
        2048           32           0.912       131072         8192
        2048           64           1.117       262144        16384
        2048          128           1.544       524288        32768
        2048          256           2.386      1048576        65536
        2048          512           4.136      2097152       131072
        2048         1024           7.502      4194304       262144
        2048         2048          14.505      8388608       524288
        2048         4096          28.116     16777216      1048576
        2048         8192          55.305     33554432      2097152
        2048        16384         134.655     67108864      4194304
        2048        32768         228.126    134217728      8388608
        2048        65536         452.717    268435456     16777216
        2048       131072        1231.430    536870912     33554432
        2048       262144        2859.748   1073741824     67108864
        4096            1           1.714         8192          512
        4096            2           0.821        16384         1024
        4096            4           0.940        32768         2048
        4096            8           0.926        65536         4096
        4096           16           1.033       131072         8192
        4096           32           1.366       262144        16384
        4096           64           1.769       524288        32768
        4096          128           2.735      1048576        65536
        4096          256           4.702      2097152       131072
        4096          512           8.597      4194304       262144
        4096         1024          16.637      8388608       524288
        4096         2048          32.140     16777216      1048576
        4096         4096          63.343     33554432      2097152
        4096         8192         125.707     67108864      4194304
        4096        16384         264.355    134217728      8388608
        4096        32768         527.613    268435456     16777216
        4096        65536         989.525    536870912     33554432
        4096       131072        2080.649   1073741824     67108864
        8192            1           7.570        16384         1024
        8192            2           2.898        32768         2048
        8192            4           2.067        65536         4096
        8192            8           1.909       131072         8192
        8192           16           2.341       262144        16384
        8192           32           3.005       524288        32768
        8192           64           4.379      1048576        65536
        8192          128           7.645      2097152       131072
        8192          256          13.635      4194304       262144
        8192          512          22.309      8388608       524288
        8192         1024          44.677     16777216      1048576
        8192         2048          82.479     33554432      2097152
        8192         4096         172.711     67108864      4194304
        8192         8192         296.033    134217728      8388608
        8192        16384         455.537    268435456     16777216
        8192        32768         926.074    536870912     33554432
        8192        65536        2032.428   1073741824     67108864
       16384            1           4.430        32768         2048
       16384            2           2.243        65536         4096
       16384            4           1.610       131072         8192
       16384            8           2.041       262144        16384
       16384           16           2.249       524288        32768
       16384           32           3.144      1048576        65536
       16384           64           4.813      2097152       131072
       16384          128           7.965      4194304       262144
       16384          256          14.709      8388608       524288
       16384          512          28.043     16777216      1048576
       16384         1024          59.268     33554432      2097152
       16384         2048         118.568     67108864      4194304
       16384         4096         216.495    134217728      8388608
       16384         8192         447.396    268435456     16777216
       16384        16384         842.033    536870912     33554432
       16384        32768        1655.258   1073741824     67108864
       32768            1           6.654        65536         4096
       32768            2           2.991       131072         8192
       32768            4           2.756       262144        16384
       32768            8           3.154       524288        32768
       32768           16           3.925      1048576        65536
       32768           32           5.559      2097152       131072
       32768           64           8.837      4194304       262144
       32768          128          15.459      8388608       524288
       32768          256          28.642     16777216      1048576
       32768          512          68.490     33554432      2097152
       32768         1024         107.708     67108864      4194304
       32768         2048         213.430    134217728      8388608
       32768         4096         528.720    268435456     16777216
       32768         8192         906.565    536870912     33554432
       32768        16384        1713.224   1073741824     67108864
       65536            1          23.078       131072         8192
       65536            2          12.081       262144        16384
       65536            4           8.506       524288        32768
       65536            8          12.044      1048576        65536
       65536           16          15.498      2097152       131072
       65536           32          16.337      4194304       262144
       65536           64          22.496      8388608       524288
       65536          128          36.963     16777216      1048576
       65536          256          66.408     33554432      2097152
       65536          512         115.903     67108864      4194304
       65536         1024         249.068    134217728      8388608
       65536         2048         450.332    268435456     16777216
       65536         4096         817.848    536870912     33554432
       65536         8192        1700.056   1073741824     67108864
      131072            1          39.339       262144        16384
      131072            2          14.676       524288        32768
      131072            4          15.633      1048576        65536
      131072            8          17.280      2097152       131072
      131072           16          21.484      4194304       262144
      131072           32          28.635      8388608       524288
      131072           64          43.740     16777216      1048576
      131072          128          71.257     33554432      2097152
      131072          256         127.941     67108864      4194304
      131072          512         256.383    134217728      8388608
      131072         1024         501.616    268435456     16777216
      131072         2048        1298.554    536870912     33554432
      131072         4096        2243.078   1073741824     67108864
      262144            1          66.235       524288        32768
      262144            2          61.180      1048576        65536
      262144            4          55.040      2097152       131072
      262144            8          50.356      4194304       262144
      262144           16          59.288      8388608       524288
      262144           32          76.113     16777216      1048576
      262144           64         112.938     33554432      2097152
      262144          128         217.319     67108864      4194304
      262144          256         369.054    134217728      8388608
      262144          512         813.140    268435456     16777216
      262144         1024        1859.381    536870912     33554432
      262144         2048        2429.972   1073741824     67108864
      524288            1          94.685      1048576        65536
      524288            2          74.935      2097152       131072
      524288            4          87.753      4194304       262144
      524288            8         161.746      8388608       524288
      524288           16          94.619     16777216      1048576
      524288           32         147.621     33554432      2097152
      524288           64         216.933     67108864      4194304
      524288          128         328.035    134217728      8388608
      524288          256         564.313    268435456     16777216
      524288          512         878.036    536870912     33554432
      524288         1024        1664.519   1073741824     67108864
     1048576            1         300.943      2097152       131072
     1048576            2         331.187      4194304       262144
     1048576            4         242.487      8388608       524288
     1048576            8         333.618     16777216      1048576
     1048576           16         305.653     33554432      2097152
     1048576           32         641.704     67108864      4194304
     1048576           64         589.463    134217728      8388608
     1048576          128         946.364    268435456     16777216
     1048576          256        1484.197    536870912     33554432
     1048576          512        3355.846   1073741824     67108864
     2097152            1         705.474      4194304       262144
     2097152            2        1174.242      8388608       524288
     2097152            4        1108.639     16777216      1048576
     2097152            8        1306.952     33554432      2097152
     2097152           16        2495.227     67108864      4194304
     2097152           32        1088.487    134217728      8388608
     2097152           64         868.665    268435456     16777216
     2097152          128        1803.890    536870912     33554432
     2097152          256        2475.988   1073741824     67108864
     4194304            1        1190.366      8388608       524288
     4194304            2        2993.278     16777216      1048576
     4194304            4        2433.574     33554432      2097152
     4194304            8        2735.112     67108864      4194304
     4194304           16        2988.706    134217728      8388608
     4194304           32        3279.308    268435456     16777216
     4194304           64        5965.691    536870912     33554432
     4194304          128        4352.420   1073741824     67108864
     8388608            1        2765.573     16777216      1048576
     8388608            2        5047.993     33554432      2097152
     8388608            4        5540.810     67108864      4194304
     8388608            8        5070.462    134217728      8388608
     8388608           16        5627.556    268435456     16777216
     8388608           32        5400.238    536870912     33554432
     8388608           64        6469.686   1073741824     67108864
    16777216            1        6782.137     33554432      2097152
    16777216            2       12919.000     67108864      4194304
    16777216            4       14082.959    134217728      8388608
    16777216            8       10777.385    268435456     16777216
    16777216           16       13329.278    536870912     33554432
    16777216           32       13502.841   1073741824     67108864
    33554432            1        9996.724     67108864      4194304
    33554432            2       19169.321    134217728      8388608
    33554432            4       20556.133    268435456     16777216
    33554432            8       20850.284    536870912     33554432
    33554432           16       21557.007   1073741824     67108864
    67108864            1       18899.933    134217728      8388608
    67108864            2       37708.262    268435456     16777216
    67108864            4       38686.780    536870912     33554432
    67108864            8       41726.812   1073741824     67108864
   134217728            1       42370.251    268435456     16777216
   134217728            2       90459.520    536870912     33554432
   134217728            4       81331.829   1073741824     67108864
   268435456            1       82134.655    536870912     33554432
   268435456            2      155963.764   1073741824     67108864
   536870912            1      196881.238   1073741824     67108864

META_DATA
FLOPS          1
OPENMP_THREADS 1
ERT_VERSION  1.1.0
HOSTNAME  ('minahil-k', [], ['2404:3100:104b:39a1:7128:cd83:7620:4e0'])
UNAME  uname_result(system='Linux', node='minahil-k', release='6.17.0-20-generic', version='#20~24.04.1-Ubuntu SMP PREEMPT_DYNAMIC Thu Mar 19 01:28:37 UTC 2', machine='x86_64')
TIMESTAMP_DATA  1778178974.6388447
CONFIG  {'ERT_RESULTS': ['Results'], 'ERT_DRIVER': ['driver1'], 'ERT_KERNEL': ['kernel1'], 'ERT_MPI': ['False'], 'ERT_MPI_CFLAGS': [], 'ERT_MPI_LDFLAGS': [], 'ERT_MPI_PROCS': ['1'], 'ERT_OPENMP': ['True'], 'ERT_OPENMP_CFLAGS': ['-fopenmp'], 'ERT_OPENMP_LDFLAGS': ['-fopenmp'], 'ERT_OPENMP_THREADS': ['1,2,4'], 'ERT_GPU': ['False'], 'ERT_GPU_CFLAGS': [], 'ERT_GPU_LDFLAGS': [], 'ERT_GPU_BLOCKS': ['1'], 'ERT_GPU_THREADS': ['1'], 'ERT_HIP': ['False'], 'ERT_OCL': ['False'], 'ERT_SYCL': ['False'], 'ERT_FLOPS': ['1,2,4,8,16'], 'ERT_ALIGN': ['32'], 'ERT_CC': ['g++'], 'ERT_CFLAGS': ['-O3', '-mavx2', '-march=native', '-ffast-math'], 'ERT_LD': ['g++'], 'ERT_LDFLAGS': [], 'ERT_LDLIBS': [], 'ERT_PRECISION': ['FP64'], 'ERT_PROCS_THREADS': ['4'], 'ERT_BLOCKS_THREADS': ['1'], 'ERT_WORKING_SET_MIN': ['1'], 'ERT_MEMORY_MAX': ['536870912'], 'ERT_WSS_MULT': ['2.0'], 'ERT_TRIALS_MIN': ['1'], 'ERT_NUM_EXPERIMENTS': ['3'], 'ERT_RUN': ['OMP_NUM_THREADS=ERT_OPENMP_THREADS', './ERT_CODE'], 'ERT_GNUPLOT': ['False']}
