fp64
           8            1           1.764           16            1
           8            2           0.784           32            2
           8            4           0.701           64            4
           8            8           0.830          128            8
           8           16           0.773          256           16
           8           32           0.772          512           32
           8           64           0.780         1024           64
           8          128           0.974         2048          128
           8          256           1.088         4096          256
           8          512           1.068         8192          512
           8         1024           1.335        16384         1024
           8         2048           1.732        32768         2048
           8         4096           2.770        65536         4096
           8         8192           4.655       131072         8192
           8        16384           8.485       262144        16384
           8        32768          25.426       524288        32768
           8        65536          33.281      1048576        65536
           8       131072          59.736      2097152       131072
           8       262144         117.194      4194304       262144
           8       524288         455.055      8388608       524288
           8      1048576         465.734     16777216      1048576
           8      2097152        1157.379     33554432      2097152
           8      4194304        1706.729     67108864      4194304
           8      8388608        3445.668    134217728      8388608
           8     16777216        7583.810    268435456     16777216
           8     33554432       13330.590    536870912     33554432
           8     67108864       25999.141   1073741824     67108864
          16            1           1.104           32            2
          16            2           0.666           64            4
          16            4           0.650          128            8
          16            8           0.653          256           16
          16           16           0.637          512           32
          16           32           0.629         1024           64
          16           64           0.644         2048          128
          16          128           0.655         4096          256
          16          256           0.705         8192          512
          16          512           0.798        16384         1024
          16         1024           0.976        32768         2048
          16         2048           1.352        65536         4096
          16         4096           2.079       131072         8192
          16         8192           3.547       262144        16384
          16        16384           6.479       524288        32768
          16        32768          12.347      1048576        65536
          16        65536          24.080      2097152       131072
          16       131072          47.536      4194304       262144
          16       262144         210.186      8388608       524288
          16       524288         225.836     16777216      1048576
          16      1048576         423.720     33554432      2097152
          16      2097152         976.733     67108864      4194304
          16      4194304        1511.178    134217728      8388608
          16      8388608        3309.521    268435456     16777216
          16     16777216        6696.314    536870912     33554432
          16     33554432       14652.357   1073741824     67108864
          32            1           1.275           64            4
          32            2           0.982          128            8
          32            4           0.899          256           16
          32            8           1.024          512           32
          32           16           0.901         1024           64
          32           32           0.977         2048          128
          32           64           0.955         4096          256
          32          128           1.002         8192          512
          32          256           1.261        16384         1024
          32          512           1.497        32768         2048
          32         1024           1.822        65536         4096
          32         2048           3.144       131072         8192
          32         4096           3.718       262144        16384
          32         8192           7.671       524288        32768
          32        16384          21.744      1048576        65536
          32        32768          21.992      2097152       131072
          32        65536          51.310      4194304       262144
          32       131072         112.634      8388608       524288
          32       262144         174.212     16777216      1048576
          32       524288         377.036     33554432      2097152
          32      1048576         747.936     67108864      4194304
          32      2097152        1261.762    134217728      8388608
          32      4194304        2444.228    268435456     16777216
          32      8388608        5053.675    536870912     33554432
          32     16777216        9802.424   1073741824     67108864
          64            1           1.388          128            8
          64            2           0.674          256           16
          64            4           0.690          512           32
          64            8           0.692         1024           64
          64           16           0.713         2048          128
          64           32           0.683         4096          256
          64           64           0.682         8192          512
          64          128           0.720        16384         1024
          64          256           0.772        32768         2048
          64          512           0.919        65536         4096
          64         1024           1.203       131072         8192
          64         2048           1.778       262144        16384
          64         4096           2.917       524288        32768
          64         8192           5.194      1048576        65536
          64        16384           9.760      2097152       131072
          64        32768          18.906      4194304       262144
          64        65536          37.242      8388608       524288
          64       131072          73.701     16777216      1048576
          64       262144         172.972     33554432      2097152
          64       524288         311.932     67108864      4194304
          64      1048576         635.042    134217728      8388608
          64      2097152        1301.669    268435456     16777216
          64      4194304        2522.562    536870912     33554432
          64      8388608        4989.362   1073741824     67108864
         128            1           1.272          256           16
         128            2           0.876          512           32
         128            4           0.679         1024           64
         128            8           0.706         2048          128
         128           16           0.673         4096          256
         128           32           0.685         8192          512
         128           64           0.697        16384         1024
         128          128           0.717        32768         2048
         128          256           0.815        65536         4096
         128          512           1.074       131072         8192
         128         1024           1.357       262144        16384
         128         2048           2.089       524288        32768
         128         4096           3.549      1048576        65536
         128         8192           6.500      2097152       131072
         128        16384          12.351      4194304       262144
         128        32768          24.155      8388608       524288
         128        65536          47.548     16777216      1048576
         128       131072          94.535     33554432      2097152
         128       262144         216.217     67108864      4194304
         128       524288         420.318    134217728      8388608
         128      1048576         882.119    268435456     16777216
         128      2097152        1637.064    536870912     33554432
         128      4194304        3457.168   1073741824     67108864
         256            1           2.318          512           32
         256            2           1.184         1024           64
         256            4           1.581         2048          128
         256            8           0.980         4096          256
         256           16           1.252         8192          512
         256           32           1.275        16384         1024
         256           64           0.998        32768         2048
         256          128           1.270        65536         4096
         256          256           1.376       131072         8192
         256          512           1.479       262144        16384
         256         1024           2.296       524288        32768
         256         2048           3.389      1048576        65536
         256         4096           6.517      2097152       131072
         256         8192          11.311      4194304       262144
         256        16384          21.853      8388608       524288
         256        32768          60.240     16777216      1048576
         256        65536          83.726     33554432      2097152
         256       131072         231.555     67108864      4194304
         256       262144         361.379    134217728      8388608
         256       524288         810.842    268435456     16777216
         256      1048576        1653.242    536870912     33554432
         256      2097152        2901.659   1073741824     67108864
         512            1           1.384         1024           64
         512            2           0.865         2048          128
         512            4           1.021         4096          256
         512            8           1.017         8192          512
         512           16           0.981        16384         1024
         512           32           0.827        32768         2048
         512           64           0.894        65536         4096
         512          128           1.085       131072         8192
         512          256           1.296       262144        16384
         512          512           2.091       524288        32768
         512         1024           3.679      1048576        65536
         512         2048           4.655      2097152       131072
         512         4096           8.386      4194304       262144
         512         8192          25.456      8388608       524288
         512        16384          29.989     16777216      1048576
         512        32768          59.317     33554432      2097152
         512        65536         203.804     67108864      4194304
         512       131072         276.385    134217728      8388608
         512       262144         526.525    268435456     16777216
         512       524288         921.516    536870912     33554432
         512      1048576        1911.023   1073741824     67108864
        1024            1           1.058         2048          128
        1024            2           0.809         4096          256
        1024            4           0.828         8192          512
        1024            8           0.839        16384         1024
        1024           16           0.860        32768         2048
        1024           32           0.850        65536         4096
        1024           64           0.949       131072         8192
        1024          128           1.204       262144        16384
        1024          256           1.671       524288        32768
        1024          512           2.647      1048576        65536
        1024         1024           4.585      2097152       131072
        1024         2048           8.584      4194304       262144
        1024         4096          16.291      8388608       524288
        1024         8192          62.224     16777216      1048576
        1024        16384         105.034     33554432      2097152
        1024        32768         124.327     67108864      4194304
        1024        65536         328.661    134217728      8388608
        1024       131072         498.698    268435456     16777216
        1024       262144        1092.849    536870912     33554432
        1024       524288        2024.368   1073741824     67108864
        2048            1           1.806         4096          256
        2048            2           0.899         8192          512
        2048            4           1.074        16384         1024
        2048            8           1.127        32768         2048
        2048           16           1.245        65536         4096
        2048           32           1.277       131072         8192
        2048           64           1.718       262144        16384
        2048          128           2.530       524288        32768
        2048          256           4.114      1048576        65536
        2048          512           7.892      2097152       131072
        2048         1024          14.390      4194304       262144
        2048         2048          28.129      8388608       524288
        2048         4096          54.424     16777216      1048576
        2048         8192         124.281     33554432      2097152
        2048        16384         218.055     67108864      4194304
        2048        32768         410.020    134217728      8388608
        2048        65536         510.766    268435456     16777216
        2048       131072         985.404    536870912     33554432
        2048       262144        1958.781   1073741824     67108864
        4096            1           1.656         8192          512
        4096            2           0.855        16384         1024
        4096            4           0.955        32768         2048
        4096            8           0.955        65536         4096
        4096           16           1.073       131072         8192
        4096           32           1.327       262144        16384
        4096           64           1.829       524288        32768
        4096          128           2.835      1048576        65536
        4096          256           4.907      2097152       131072
        4096          512           9.075      4194304       262144
        4096         1024          17.225      8388608       524288
        4096         2048          35.338     16777216      1048576
        4096         4096         117.430     33554432      2097152
        4096         8192         193.471     67108864      4194304
        4096        16384         250.444    134217728      8388608
        4096        32768         500.947    268435456     16777216
        4096        65536        1189.920    536870912     33554432
        4096       131072        2048.509   1073741824     67108864
        8192            1           4.017        16384         1024
        8192            2           1.966        32768         2048
        8192            4           1.588        65536         4096
        8192            8           1.353       131072         8192
        8192           16           2.410       262144        16384
        8192           32           1.975       524288        32768
        8192           64           2.922      1048576        65536
        8192          128           5.216      2097152       131072
        8192          256           8.469      4194304       262144
        8192          512          15.720      8388608       524288
        8192         1024          30.822     16777216      1048576
        8192         2048          58.791     33554432      2097152
        8192         4096         115.427     67108864      4194304
        8192         8192         228.684    134217728      8388608
        8192        16384         533.092    268435456     16777216
        8192        32768        1193.024    536870912     33554432
        8192        65536        1859.109   1073741824     67108864
       16384            1           4.266        32768         2048
       16384            2           1.958        65536         4096
       16384            4           1.759       131072         8192
       16384            8           1.993       262144        16384
       16384           16           2.702       524288        32768
       16384           32           3.193      1048576        65536
       16384           64           4.681      2097152       131072
       16384          128           8.245      4194304       262144
       16384          256          15.268      8388608       524288
       16384          512          28.859     16777216      1048576
       16384         1024          54.952     33554432      2097152
       16384         2048         122.862     67108864      4194304
       16384         4096         245.696    134217728      8388608
       16384         8192         428.201    268435456     16777216
       16384        16384        1020.222    536870912     33554432
       16384        32768        2387.979   1073741824     67108864
       32768            1          11.613        65536         4096
       32768            2           4.103       131072         8192
       32768            4           4.822       262144        16384
       32768            8           5.032       524288        32768
       32768           16           5.975      1048576        65536
       32768           32           8.035      2097152       131072
       32768           64          12.452      4194304       262144
       32768          128          21.448      8388608       524288
       32768          256          37.624     16777216      1048576
       32768          512          73.508     33554432      2097152
       32768         1024         141.970     67108864      4194304
       32768         2048         277.742    134217728      8388608
       32768         4096         629.537    268435456     16777216
       32768         8192        1014.682    536870912     33554432
       32768        16384        1586.071   1073741824     67108864
       65536            1          11.800       131072         8192
       65536            2           8.605       262144        16384
       65536            4           5.774       524288        32768
       65536            8           6.379      1048576        65536
       65536           16           7.810      2097152       131072
       65536           32          10.673      4194304       262144
       65536           64          16.467      8388608       524288
       65536          128          28.045     16777216      1048576
       65536          256          51.149     33554432      2097152
       65536          512          97.376     67108864      4194304
       65536         1024         221.000    134217728      8388608
       65536         2048         374.923    268435456     16777216
       65536         4096         815.113    536870912     33554432
       65536         8192        1660.393   1073741824     67108864
      131072            1          25.126       262144        16384
      131072            2          10.391       524288        32768
      131072            4          11.050      1048576        65536
      131072            8          12.490      2097152       131072
      131072           16          15.498      4194304       262144
      131072           32          21.385      8388608       524288
      131072           64          33.258     16777216      1048576
      131072          128          56.943     33554432      2097152
      131072          256         104.409     67108864      4194304
      131072          512         225.428    134217728      8388608
      131072         1024         393.138    268435456     16777216
      131072         2048         768.446    536870912     33554432
      131072         4096        1527.564   1073741824     67108864
      262144            1          61.768       524288        32768
      262144            2          46.471      1048576        65536
      262144            4          56.911      2097152       131072
      262144            8          72.652      4194304       262144
      262144           16          57.495      8388608       524288
      262144           32          67.520     16777216      1048576
      262144           64          94.113     33554432      2097152
      262144          128         180.832     67108864      4194304
      262144          256         349.319    134217728      8388608
      262144          512         571.019    268435456     16777216
      262144         1024        1108.223    536870912     33554432
      262144         2048        2109.077   1073741824     67108864
      524288            1         100.563      1048576        65536
      524288            2          70.414      2097152       131072
      524288            4          73.871      4194304       262144
      524288            8          80.568      8388608       524288
      524288           16         102.059     16777216      1048576
      524288           32         156.641     33554432      2097152
      524288           64         206.977     67108864      4194304
      524288          128         426.014    134217728      8388608
      524288          256         694.444    268435456     16777216
      524288          512        1266.474    536870912     33554432
      524288         1024        2611.410   1073741824     67108864
     1048576            1         175.243      2097152       131072
     1048576            2         146.544      4194304       262144
     1048576            4         140.781      8388608       524288
     1048576            8         201.772     16777216      1048576
     1048576           16         217.051     33554432      2097152
     1048576           32         242.454     67108864      4194304
     1048576           64         349.549    134217728      8388608
     1048576          128         618.052    268435456     16777216
     1048576          256        1278.004    536870912     33554432
     1048576          512        1990.296   1073741824     67108864
     2097152            1         365.056      4194304       262144
     2097152            2         250.300      8388608       524288
     2097152            4         237.076     16777216      1048576
     2097152            8         311.076     33554432      2097152
     2097152           16         310.991     67108864      4194304
     2097152           32         771.019    134217728      8388608
     2097152           64        1722.438    268435456     16777216
     2097152          128        1620.920    536870912     33554432
     2097152          256        1981.208   1073741824     67108864
     4194304            1        1217.059      8388608       524288
     4194304            2        3425.100     16777216      1048576
     4194304            4        2442.506     33554432      2097152
     4194304            8        2351.605     67108864      4194304
     4194304           16        3463.777    134217728      8388608
     4194304           32        3170.466    268435456     16777216
     4194304           64        4010.147    536870912     33554432
     4194304          128        5993.014   1073741824     67108864
     8388608            1        1743.248     16777216      1048576
     8388608            2        3298.379     33554432      2097152
     8388608            4        3526.396     67108864      4194304
     8388608            8        4489.450    134217728      8388608
     8388608           16        3660.390    268435456     16777216
     8388608           32        4398.819    536870912     33554432
     8388608           64        5278.560   1073741824     67108864
    16777216            1        4531.803     33554432      2097152
    16777216            2        7762.464     67108864      4194304
    16777216            4        8000.359    134217728      8388608
    16777216            8       10895.234    268435456     16777216
    16777216           16       13370.264    536870912     33554432
    16777216           32       18133.290   1073741824     67108864
    33554432            1       11211.345     67108864      4194304
    33554432            2       18824.354    134217728      8388608
    33554432            4       18888.311    268435456     16777216
    33554432            8       20927.578    536870912     33554432
    33554432           16       21364.238   1073741824     67108864
    67108864            1       21952.030    134217728      8388608
    67108864            2       44599.732    268435456     16777216
    67108864            4       44797.790    536870912     33554432
    67108864            8       44213.067   1073741824     67108864
   134217728            1       44854.823    268435456     16777216
   134217728            2       82348.245    536870912     33554432
   134217728            4      102115.096   1073741824     67108864
   268435456            1      172031.580    536870912     33554432
   268435456            2      220608.085   1073741824     67108864
   536870912            1      177708.614   1073741824     67108864

META_DATA
FLOPS          1
OPENMP_THREADS 1
ERT_VERSION  1.1.0
HOSTNAME  ('minahil-k', [], ['2404:3100:104b:39a1:7128:cd83:7620:4e0'])
UNAME  uname_result(system='Linux', node='minahil-k', release='6.17.0-20-generic', version='#20~24.04.1-Ubuntu SMP PREEMPT_DYNAMIC Thu Mar 19 01:28:37 UTC 2', machine='x86_64')
TIMESTAMP_DATA  1778178984.3452096
CONFIG  {'ERT_RESULTS': ['Results'], 'ERT_DRIVER': ['driver1'], 'ERT_KERNEL': ['kernel1'], 'ERT_MPI': ['False'], 'ERT_MPI_CFLAGS': [], 'ERT_MPI_LDFLAGS': [], 'ERT_MPI_PROCS': ['1'], 'ERT_OPENMP': ['True'], 'ERT_OPENMP_CFLAGS': ['-fopenmp'], 'ERT_OPENMP_LDFLAGS': ['-fopenmp'], 'ERT_OPENMP_THREADS': ['1,2,4'], 'ERT_GPU': ['False'], 'ERT_GPU_CFLAGS': [], 'ERT_GPU_LDFLAGS': [], 'ERT_GPU_BLOCKS': ['1'], 'ERT_GPU_THREADS': ['1'], 'ERT_HIP': ['False'], 'ERT_OCL': ['False'], 'ERT_SYCL': ['False'], 'ERT_FLOPS': ['1,2,4,8,16'], 'ERT_ALIGN': ['32'], 'ERT_CC': ['g++'], 'ERT_CFLAGS': ['-O3', '-mavx2', '-march=native', '-ffast-math'], 'ERT_LD': ['g++'], 'ERT_LDFLAGS': [], 'ERT_LDLIBS': [], 'ERT_PRECISION': ['FP64'], 'ERT_PROCS_THREADS': ['4'], 'ERT_BLOCKS_THREADS': ['1'], 'ERT_WORKING_SET_MIN': ['1'], 'ERT_MEMORY_MAX': ['536870912'], 'ERT_WSS_MULT': ['2.0'], 'ERT_TRIALS_MIN': ['1'], 'ERT_NUM_EXPERIMENTS': ['3'], 'ERT_RUN': ['OMP_NUM_THREADS=ERT_OPENMP_THREADS', './ERT_CODE'], 'ERT_GNUPLOT': ['False']}
