fp64
 16 134217728 23788.018 23788.018 23788.018 180.55170867955457 180.55170867955457 180.55170867955457 22.56896358494432 22.56896358494432 22.56896358494432
 32 67108864 13499.802 13499.802 13499.802 318.1503918353766 318.1503918353766 318.1503918353766 39.76879897942207 39.76879897942207 39.76879897942207
 64 33554432 9461.123 9461.123 9461.123 453.95956653348657 453.95956653348657 453.95956653348657 56.74494581668582 56.74494581668582 56.74494581668582
 128 16777216 4153.654 4153.654 4153.654 1034.0214413622318 1034.0214413622318 1034.0214413622318 129.25268017027898 129.25268017027898 129.25268017027898
 256 8388608 2444.941 2444.941 2444.941 1756.6752310178447 1756.6752310178447 1756.6752310178447 219.58440387723059 219.58440387723059 219.58440387723059
 512 4194304 1748.355 1748.355 1748.355 2456.5762079211604 2456.5762079211604 2456.5762079211604 307.07202599014505 307.07202599014505 307.07202599014505
 1024 2097152 1374.789 1374.789 1374.789 3124.0919850246114 3124.0919850246114 3124.0919850246114 390.5114981280764 390.5114981280764 390.5114981280764
 2048 1048576 3636.186 3636.186 3636.186 1181.1737067355741 1181.1737067355741 1181.1737067355741 147.64671334194676 147.64671334194676 147.64671334194676
 4096 524288 3582.482 3582.482 3582.482 1198.8803561329828 1198.8803561329828 1198.8803561329828 149.86004451662285 149.86004451662285 149.86004451662285
 8192 262144 2399.254 2399.254 2399.254 1790.1261375410859 1790.1261375410859 1790.1261375410859 223.76576719263574 223.76576719263574 223.76576719263574
 16384 131072 1655.031 1655.031 1655.031 2595.0977933343847 2595.0977933343847 2595.0977933343847 324.3872241667981 324.3872241667981 324.3872241667981
 32768 65536 1530.933 1530.933 1530.933 2805.4573884030196 2805.4573884030196 2805.4573884030196 350.68217355037746 350.68217355037746 350.68217355037746
 65536 32768 2130.953 2130.953 2130.953 2015.5147936158141 2015.5147936158141 2015.5147936158141 251.93934920197677 251.93934920197677 251.93934920197677
 131072 16384 1137.281 1137.281 1137.281 3776.522509388621 3776.522509388621 3776.522509388621 472.06531367357763 472.06531367357763 472.06531367357763
 262144 8192 1272.002 1272.002 1272.002 3376.541307324989 3376.541307324989 3376.541307324989 422.0676634156236 422.0676634156236 422.0676634156236
 524288 4096 1131.641 1131.641 1131.641 3795.34436804605 3795.34436804605 3795.34436804605 474.41804600575625 474.41804600575625 474.41804600575625
 1048576 2048 1315.476 1315.476 1315.476 3264.9529873597085 3264.9529873597085 3264.9529873597085 408.11912341996356 408.11912341996356 408.11912341996356
 2097152 1024 2725.739 2725.739 2725.739 1575.7074672226506 1575.7074672226506 1575.7074672226506 196.96343340283133 196.96343340283133 196.96343340283133
 4194304 512 1287.392 1287.392 1287.392 3336.1767791006937 3336.1767791006937 3336.1767791006937 417.0220973875867 417.0220973875867 417.0220973875867
 8388608 256 1421.18 1421.18 1421.18 3022.1135225657554 3022.1135225657554 3022.1135225657554 377.7641903207194 377.7641903207194 377.7641903207194
 16777216 128 2080.726 2080.726 2080.726 2064.167649176297 2064.167649176297 2064.167649176297 258.0209561470371 258.0209561470371 258.0209561470371
 33554432 64 4562.182 4562.182 4562.182 941.428311277367 941.428311277367 941.428311277367 117.67853890967088 117.67853890967088 117.67853890967088
 67108864 32 7864.892 7864.892 7864.892 546.0936140000397 546.0936140000397 546.0936140000397 68.26170175000496 68.26170175000496 68.26170175000496
 134217728 16 14800.379 14800.379 14800.379 290.1930616776773 290.1930616776773 290.1930616776773 36.27413270970966 36.27413270970966 36.27413270970966
 268435456 8 25175.709 25175.709 25175.709 170.59965604146444 170.59965604146444 170.59965604146444 21.324957005183055 21.324957005183055 21.324957005183055
 536870912 4 48070.857 48070.857 48070.857 89.34659300956503 89.34659300956503 89.34659300956503 11.168324126195628 11.168324126195628 11.168324126195628
 1073741824 2 94998.389 94998.389 94998.389 45.210948745667686 45.210948745667686 45.210948745667686 5.651368593208461 5.651368593208461 5.651368593208461
 2147483648 1 96919.061 96919.061 96919.061 44.314990794225714 44.314990794225714 44.314990794225714 5.539373849278214 5.539373849278214 5.539373849278214
 
META_DATA
 FLOPS          2
 OPENMP_THREADS 2
 ERT_VERSION  1.1.0
 HOSTNAME  ('areeba-vm', [], ['127.0.1.1'])
 UNAME  uname_result(system='Linux', node='areeba-vm', release='6.17.0-23-generic', version='#23~24.04.1-Ubuntu SMP PREEMPT_DYNAMIC Tue Apr 14 16:11:48 UTC 2', machine='x86_64')
 TIMESTAMP_DATA  1778236613.2034147
 CONFIG  {'ERT_RESULTS': ['roofline/mylaptop/Results'], 'ERT_DRIVER': ['driver1'], 'ERT_KERNEL': ['kernel1'], 'ERT_MPI': ['False'], 'ERT_MPI_CFLAGS': [], 'ERT_MPI_LDFLAGS': [], 'ERT_MPI_PROCS': ['1'], 'ERT_OPENMP': ['True'], 'ERT_OPENMP_CFLAGS': ['-fopenmp'], 'ERT_OPENMP_LDFLAGS': ['-fopenmp'], 'ERT_OPENMP_THREADS': ['1,2,4'], 'ERT_GPU': ['False'], 'ERT_GPU_CFLAGS': [], 'ERT_GPU_LDFLAGS': [], 'ERT_GPU_BLOCKS': ['1'], 'ERT_GPU_THREADS': ['1'], 'ERT_HIP': ['False'], 'ERT_OCL': ['False'], 'ERT_SYCL': ['False'], 'ERT_FLOPS': ['1,2,4,8'], 'ERT_ALIGN': ['32'], 'ERT_CC': ['g++'], 'ERT_CFLAGS': ['-O3', '-march=native', '-mavx2', '-mfma', '-ffast-math'], 'ERT_LD': ['g++'], 'ERT_LDFLAGS': [], 'ERT_LDLIBS': [], 'ERT_PRECISION': ['FP64'], 'ERT_PROCS_THREADS': ['6'], 'ERT_BLOCKS_THREADS': ['1'], 'ERT_WORKING_SET_MIN': ['1'], 'ERT_MEMORY_MAX': ['2147483648'], 'ERT_WSS_MULT': ['2.0'], 'ERT_TRIALS_MIN': ['1'], 'ERT_NUM_EXPERIMENTS': ['1'], 'ERT_RUN': ['OMP_NUM_THREADS=ERT_OPENMP_THREADS', './ERT_CODE'], 'ERT_GNUPLOT': ['False']}
 