fp64

16 1 2.557 2.557 2.557 0.012514665623777866 0.012514665623777866 0.012514665623777866 0.0015643332029722332 0.0015643332029722332 0.0015643332029722332
16 2 0.555 0.555 0.555 0.1153153153153153 0.1153153153153153 0.1153153153153153 0.014414414414414413 0.014414414414414413 0.014414414414414413
16 4 0.552 0.552 0.552 0.23188405797101447 0.23188405797101447 0.23188405797101447 0.02898550724637681 0.02898550724637681 0.02898550724637681
16 8 0.563 0.563 0.563 0.45470692717584377 0.45470692717584377 0.45470692717584377 0.05683836589698047 0.05683836589698047 0.05683836589698047
16 16 0.556 0.556 0.556 0.9208633093525179 0.9208633093525179 0.9208633093525179 0.11510791366906474 0.11510791366906474 0.11510791366906474
16 32 0.561 0.561 0.561 1.825311942959002 1.825311942959002 1.825311942959002 0.22816399286987524 0.22816399286987524 0.22816399286987524
16 64 0.558 0.558 0.558 3.6702508960573472 3.6702508960573472 3.6702508960573472 0.4587813620071684 0.4587813620071684 0.4587813620071684
16 128 0.554 0.554 0.554 7.393501805054152 7.393501805054152 7.393501805054152 0.924187725631769 0.924187725631769 0.924187725631769
16 256 0.574 0.574 0.574 14.271777003484324 14.271777003484324 14.271777003484324 1.7839721254355405 1.7839721254355405 1.7839721254355405
16 512 0.607 0.607 0.607 26.991762767710053 26.991762767710053 26.991762767710053 3.3739703459637567 3.3739703459637567 3.3739703459637567
16 1024 0.657 0.657 0.657 49.87519025875191 49.87519025875191 49.87519025875191 6.234398782343988 6.234398782343988 6.234398782343988
16 2048 0.784 0.784 0.784 83.59183673469389 83.59183673469389 83.59183673469389 10.448979591836736 10.448979591836736 10.448979591836736
16 4096 1.028 1.028 1.028 127.50194552529184 127.50194552529184 127.50194552529184 15.93774319066148 15.93774319066148 15.93774319066148
16 8192 1.516 1.516 1.516 172.91820580474936 172.91820580474936 172.91820580474936 21.61477572559367 21.61477572559367 21.61477572559367
16 16384 2.496 2.496 2.496 210.05128205128207 210.05128205128207 210.05128205128207 26.25641025641026 26.25641025641026 26.25641025641026
16 32768 4.445 4.445 4.445 235.90011248593925 235.90011248593925 235.90011248593925 29.487514060742406 29.487514060742406 29.487514060742406
16 65536 8.339 8.339 8.339 251.48722868449454 251.48722868449454 251.48722868449454 31.435903585561817 31.435903585561817 31.435903585561817
16 131072 16.267 16.267 16.267 257.84127374439055 257.84127374439055 257.84127374439055 32.23015921804882 32.23015921804882 32.23015921804882
16 262144 31.945 31.945 31.945 262.5953357332916 262.5953357332916 262.5953357332916 32.82441696666145 32.82441696666145 32.82441696666145
16 524288 63.905 63.905 63.905 262.53369845864955 262.53369845864955 262.53369845864955 32.816712307331194 32.816712307331194 32.816712307331194
16 1048576 127.935 127.935 127.935 262.2771876343456 262.2771876343456 262.2771876343456 32.7846484542932 32.7846484542932 32.7846484542932
16 2097152 260.577 260.577 260.577 257.5394758555053 257.5394758555053 257.5394758555053 32.192434481938164 32.192434481938164 32.192434481938164
16 4194304 974.978 974.978 974.978 137.66231443171029 137.66231443171029 137.66231443171029 17.207789303963786 17.207789303963786 17.207789303963786
16 8388608 1064.432 1064.432 1064.432 252.18657086596423 252.18657086596423 252.18657086596423 31.52332135824553 31.52332135824553 31.52332135824553
16 16777216 3317.505 3317.505 3317.505 161.8297220350836 161.8297220350836 161.8297220350836 20.22871525438545 20.22871525438545 20.22871525438545
16 33554432 5865.767 5865.767 5865.767 183.05224602341008 183.05224602341008 183.05224602341008 22.88153075292626 22.88153075292626 22.88153075292626
16 67108864 10523.836 10523.836 10523.836 204.05901878364506 204.05901878364506 204.05901878364506 25.507377347955632 25.507377347955632 25.507377347955632
16 134217728 23788.018 23788.018 23788.018 180.55170867955457 180.55170867955457 180.55170867955457 22.56896358494432 22.56896358494432 22.56896358494432

32 1 12.384 12.384 12.384 0.00516795865633075 0.00516795865633075 0.00516795865633075 0.0006459948320413437 0.0006459948320413437 0.0006459948320413437
32 2 0.579 0.579 0.579 0.2210708117443869 0.2210708117443869 0.2210708117443869 0.02763385146804836 0.02763385146804836 0.02763385146804836
32 4 0.585 0.585 0.585 0.4376068376068376 0.4376068376068376 0.4376068376068376 0.0547008547008547 0.0547008547008547 0.0547008547008547
32 8 0.58 0.58 0.58 0.8827586206896553 0.8827586206896553 0.8827586206896553 0.11034482758620691 0.11034482758620691 0.11034482758620691
32 16 0.575 0.575 0.575 1.7808695652173914 1.7808695652173914 1.7808695652173914 0.22260869565217392 0.22260869565217392 0.22260869565217392
32 32 0.572 0.572 0.572 3.580419580419581 3.580419580419581 3.580419580419581 0.4475524475524476 0.4475524475524476 0.4475524475524476
32 64 0.583 0.583 0.583 7.02572898799314 7.02572898799314 7.02572898799314 0.8782161234991425 0.8782161234991425 0.8782161234991425
32 128 0.575 0.575 0.575 14.246956521739131 14.246956521739131 14.246956521739131 1.7808695652173914 1.7808695652173914 1.7808695652173914
32 256 0.599 0.599 0.599 27.352253756260435 27.352253756260435 27.352253756260435 3.4190317195325544 3.4190317195325544 3.4190317195325544
32 512 0.623 0.623 0.623 52.597110754414125 52.597110754414125 52.597110754414125 6.574638844301766 6.574638844301766 6.574638844301766
32 1024 0.693 0.693 0.693 94.56854256854258 94.56854256854258 94.56854256854258 11.821067821067823 11.821067821067823 11.821067821067823
32 2048 0.817 0.817 0.817 160.4308445532436 160.4308445532436 160.4308445532436 20.05385556915545 20.05385556915545 20.05385556915545
32 4096 1.075 1.075 1.075 243.85488372093027 243.85488372093027 243.85488372093027 30.481860465116284 30.481860465116284 30.481860465116284
32 8192 1.58 1.58 1.58 331.82784810126583 331.82784810126583 331.82784810126583 41.47848101265823 41.47848101265823 41.47848101265823
32 16384 2.605 2.605 2.605 402.52437619961614 402.52437619961614 402.52437619961614 50.31554702495202 50.31554702495202 50.31554702495202
32 32768 4.666 4.666 4.666 449.4539219888555 449.4539219888555 449.4539219888555 56.181740248606935 56.181740248606935 56.181740248606935
32 65536 8.816 8.816 8.816 475.7604355716879 475.7604355716879 475.7604355716879 59.470054446460985 59.470054446460985 59.470054446460985
32 131072 16.965 16.965 16.965 494.46554671382256 494.46554671382256 494.46554671382256 61.80819333922782 61.80819333922782 61.80819333922782
32 262144 33.394 33.394 33.394 502.4021081631431 502.4021081631431 502.4021081631431 62.80026352039289 62.80026352039289 62.80026352039289
32 524288 66.246 66.246 66.246 506.51257434411144 506.51257434411144 506.51257434411144 63.31407179301393 63.31407179301393 63.31407179301393
32 1048576 131.889 131.889 131.889 508.82836324484987 508.82836324484987 508.82836324484987 63.60354540560623 63.60354540560623 63.60354540560623
32 2097152 262.209 262.209 262.209 511.87307834589967 511.87307834589967 511.87307834589967 63.98413479323746 63.98413479323746 63.98413479323746
32 4194304 1031.355 1031.355 1031.355 260.274547561218 260.274547561218 260.274547561218 32.53431844515225 32.53431844515225 32.53431844515225
32 8388608 1568.36 1568.36 1568.36 342.3135708638323 342.3135708638323 342.3135708638323 42.78919635797904 42.78919635797904 42.78919635797904
32 16777216 3066.243 3066.243 3066.243 350.18158182505437 350.18158182505437 350.18158182505437 43.772697728131796 43.772697728131796 43.772697728131796
32 33554432 7933.635 7933.635 7933.635 270.6809234354744 270.6809234354744 270.6809234354744 33.8351154294343 33.8351154294343 33.8351154294343
32 67108864 13499.802 13499.802 13499.802 318.1503918353766 318.1503918353766 318.1503918353766 39.76879897942207 39.76879897942207 39.76879897942207

64 1 2.316 2.316 2.316 0.05526770293609672 0.05526770293609672 0.05526770293609672 0.00690846286701209 0.00690846286701209 0.00690846286701209
64 2 0.548 0.548 0.548 0.4671532846715328 0.4671532846715328 0.4671532846715328 0.0583941605839416 0.0583941605839416 0.0583941605839416
64 4 0.543 0.543 0.543 0.9429097605893186 0.9429097605893186 0.9429097605893186 0.11786372007366483 0.11786372007366483 0.11786372007366483
64 8 0.539 0.539 0.539 1.8998144712430427 1.8998144712430427 1.8998144712430427 0.23747680890538034 0.23747680890538034 0.23747680890538034
64 16 0.542 0.542 0.542 3.7785977859778597 3.7785977859778597 3.7785977859778597 0.47232472324723246 0.47232472324723246 0.47232472324723246
64 32 0.546 0.546 0.546 7.501831501831502 7.501831501831502 7.501831501831502 0.9377289377289377 0.9377289377289377 0.9377289377289377
64 64 0.569 0.569 0.569 14.39718804920914 14.39718804920914 14.39718804920914 1.7996485061511425 1.7996485061511425 1.7996485061511425
64 128 0.571 0.571 0.571 28.693520140105086 28.693520140105086 28.693520140105086 3.5866900175131358 3.5866900175131358 3.5866900175131358
64 256 0.64 0.64 0.64 51.2 51.2 51.2 6.4 6.4 6.4
64 512 0.634 0.634 0.634 103.36908517350159 103.36908517350159 103.36908517350159 12.921135646687699 12.921135646687699 12.921135646687699
64 1024 0.75 0.75 0.75 174.76266666666666 174.76266666666666 174.76266666666666 21.845333333333333 21.845333333333333 21.845333333333333
64 2048 0.98 0.98 0.98 267.49387755102043 267.49387755102043 267.49387755102043 33.436734693877554 33.436734693877554 33.436734693877554
64 4096 1.451 1.451 1.451 361.328738800827 361.328738800827 361.328738800827 45.166092350103376 45.166092350103376 45.166092350103376
64 8192 2.381 2.381 2.381 440.3931121377573 440.3931121377573 440.3931121377573 55.049139017219666 55.049139017219666 55.049139017219666
64 16384 4.14 4.14 4.14 506.5584541062803 506.5584541062803 506.5584541062803 63.31980676328504 63.31980676328504 63.31980676328504
64 32768 8.943 8.943 8.943 469.0041373141005 469.0041373141005 469.0041373141005 58.62551716426256 58.62551716426256 58.62551716426256
64 65536 16.663 16.663 16.663 503.42723399147815 503.42723399147815 503.42723399147815 62.92840424893477 62.92840424893477 62.92840424893477
64 131072 33.427 33.427 33.427 501.9061237921442 501.9061237921442 501.9061237921442 62.73826547401802 62.73826547401802 62.73826547401802
64 262144 67.204 67.204 67.204 499.2921849889889 499.2921849889889 499.2921849889889 62.41152312362361 62.41152312362361 62.41152312362361
64 524288 134.504 134.504 134.504 498.935823469934 498.935823469934 498.935823469934 62.36697793374175 62.36697793374175 62.36697793374175
64 1048576 263.213 263.213 263.213 509.92058902865733 509.92058902865733 509.92058902865733 63.74007362858217 63.74007362858217 63.74007362858217
64 2097152 504.722 504.722 504.722 531.8481381829998 531.8481381829998 531.8481381829998 66.48101727287498 66.48101727287498 66.48101727287498
64 4194304 1023.138 1023.138 1023.138 524.7297158350095 524.7297158350095 524.7297158350095 65.59121447937619 65.59121447937619 65.59121447937619
64 8388608 2012.729 2012.729 2012.729 533.4756065024154 533.4756065024154 533.4756065024154 66.68445081280193 66.68445081280193 66.68445081280193
64 16777216 4208.39 4208.39 4208.39 510.28627289771146 510.28627289771146 510.28627289771146 63.78578411221393 63.78578411221393 63.78578411221393
64 33554432 9461.123 9461.123 9461.123 453.95956653348657 453.95956653348657 453.95956653348657 56.74494581668582 56.74494581668582 56.74494581668582

128 1 1.135 1.135 1.135 0.22555066079295158 0.22555066079295158 0.22555066079295158 0.028193832599118947 0.028193832599118947 0.028193832599118947
128 2 0.573 0.573 0.573 0.8935427574171031 0.8935427574171031 0.8935427574171031 0.11169284467713789 0.11169284467713789 0.11169284467713789
128 4 0.629 0.629 0.629 1.6279809220985693 1.6279809220985693 1.6279809220985693 0.20349761526232116 0.20349761526232116 0.20349761526232116
128 8 0.569 0.569 0.569 3.599297012302285 3.599297012302285 3.599297012302285 0.4499121265377856 0.4499121265377856 0.4499121265377856
128 16 0.567 0.567 0.567 7.223985890652559 7.223985890652559 7.223985890652559 0.9029982363315698 0.9029982363315698 0.9029982363315698
128 32 0.572 0.572 0.572 14.321678321678323 14.321678321678323 14.321678321678323 1.7902097902097904 1.7902097902097904 1.7902097902097904
128 64 0.557 0.557 0.557 29.414721723518852 29.414721723518852 29.414721723518852 3.6768402154398565 3.6768402154398565 3.6768402154398565
128 128 0.572 0.572 0.572 57.286713286713294 57.286713286713294 57.286713286713294 7.160839160839162 7.160839160839162 7.160839160839162
128 256 0.607 0.607 0.607 107.96705107084021 107.96705107084021 107.96705107084021 13.495881383855027 13.495881383855027 13.495881383855027
128 512 0.677 0.677 0.677 193.60709010339735 193.60709010339735 193.60709010339735 24.20088626292467 24.20088626292467 24.20088626292467
128 1024 0.793 0.793 0.793 330.57250945775536 330.57250945775536 330.57250945775536 41.32156368221942 41.32156368221942 41.32156368221942
128 2048 1.047 1.047 1.047 500.7526265520536 500.7526265520536 500.7526265520536 62.5940783190067 62.5940783190067 62.5940783190067
128 4096 1.549 1.549 1.549 676.937378954164 676.937378954164 676.937378954164 84.6171723692705 84.6171723692705 84.6171723692705
128 8192 2.544 2.544 2.544 824.3522012578617 824.3522012578617 824.3522012578617 103.04402515723271 103.04402515723271 103.04402515723271
128 16384 4.546 4.546 4.546 922.6361636603608 922.6361636603608 922.6361636603608 115.3295204575451 115.3295204575451 115.3295204575451
128 32768 8.538 8.538 8.538 982.5026938393066 982.5026938393066 982.5026938393066 122.81283672991333 122.81283672991333 122.81283672991333
128 65536 16.578 16.578 16.578 1012.0168898540235 1012.0168898540235 1012.0168898540235 126.50211123175293 126.50211123175293 126.50211123175293
128 131072 32.574 32.574 32.574 1030.098606250384 1030.098606250384 1030.098606250384 128.762325781298 128.762325781298 128.762325781298
128 262144 64.603 64.603 64.603 1038.7886630651828 1038.7886630651828 1038.7886630651828 129.84858288314786 129.84858288314786 129.84858288314786
128 524288 147.274 147.274 147.274 911.3470673710228 911.3470673710228 911.3470673710228 113.91838342137785 113.91838342137785 113.91838342137785
128 1048576 257.599 257.599 257.599 1042.0671508817968 1042.0671508817968 1042.0671508817968 130.2583938602246 130.2583938602246 130.2583938602246
128 2097152 505.436 505.436 505.436 1062.1936545873268 1062.1936545873268 1062.1936545873268 132.77420682341585 132.77420682341585 132.77420682341585
128 4194304 1051.996 1051.996 1051.996 1020.671013958228 1020.671013958228 1020.671013958228 127.5838767447785 127.5838767447785 127.5838767447785
128 8388608 2012.482 2012.482 2012.482 1067.082164213146 1067.082164213146 1067.082164213146 133.38527052664324 133.38527052664324 133.38527052664324
128 16777216 4153.654 4153.654 4153.654 1034.0214413622318 1034.0214413622318 1034.0214413622318 129.25268017027898 129.25268017027898 129.25268017027898

256 1 1.075 1.075 1.075 0.47627906976744194 0.47627906976744194 0.47627906976744194 0.05953488372093024 0.05953488372093024 0.05953488372093024
256 2 0.528 0.528 0.528 1.9393939393939392 1.9393939393939392 1.9393939393939392 0.2424242424242424 0.2424242424242424 0.2424242424242424
256 4 0.562 0.562 0.562 3.6441281138790034 3.6441281138790034 3.6441281138790034 0.4555160142348754 0.4555160142348754 0.4555160142348754
256 8 0.551 0.551 0.551 7.433756805807623 7.433756805807623 7.433756805807623 0.9292196007259529 0.9292196007259529 0.9292196007259529
256 16 0.534 0.534 0.534 15.340823970037455 15.340823970037455 15.340823970037455 1.917602996254682 1.917602996254682 1.917602996254682
256 32 0.534 0.534 0.534 30.68164794007491 30.68164794007491 30.68164794007491 3.835205992509364 3.835205992509364 3.835205992509364
256 64 0.563 0.563 0.563 58.202486678508 58.202486678508 58.202486678508 7.2753108348135 7.2753108348135 7.2753108348135
256 128 0.564 0.564 0.564 116.19858156028371 116.19858156028371 116.19858156028371 14.524822695035464 14.524822695035464 14.524822695035464
256 256 0.6 0.6 0.6 218.45333333333335 218.45333333333335 218.45333333333335 27.30666666666667 27.30666666666667 27.30666666666667
256 512 0.653 0.653 0.653 401.4456355283308 401.4456355283308 401.4456355283308 50.18070444104135 50.18070444104135 50.18070444104135
256 1024 0.804 0.804 0.804 652.0995024875622 652.0995024875622 652.0995024875622 81.51243781094527 81.51243781094527 81.51243781094527
256 2048 1.093 1.093 1.093 959.355901189387 959.355901189387 959.355901189387 119.91948764867338 119.91948764867338 119.91948764867338
256 4096 1.68 1.68 1.68 1248.304761904762 1248.304761904762 1248.304761904762 156.03809523809525 156.03809523809525 156.03809523809525
256 8192 2.843 2.843 2.843 1475.3091804431938 1475.3091804431938 1475.3091804431938 184.41364755539922 184.41364755539922 184.41364755539922
256 16384 5.285 5.285 5.285 1587.2484389782403 1587.2484389782403 1587.2484389782403 198.40605487228004 198.40605487228004 198.40605487228004
256 32768 9.926 9.926 9.926 1690.2292967962928 1690.2292967962928 1690.2292967962928 211.2786620995366 211.2786620995366 211.2786620995366
256 65536 19.188 19.188 19.188 1748.7196164269337 1748.7196164269337 1748.7196164269337 218.58995205336672 218.58995205336672 218.58995205336672
256 131072 37.844 37.844 37.844 1773.3026107176834 1773.3026107176834 1773.3026107176834 221.66282633971042 221.66282633971042 221.66282633971042
256 262144 75.119 75.119 75.119 1786.7347541900187 1786.7347541900187 1786.7347541900187 223.34184427375234 223.34184427375234 223.34184427375234
256 524288 152.358 152.358 152.358 1761.8730621299833 1761.8730621299833 1761.8730621299833 220.2341327662479 220.2341327662479 220.2341327662479
256 1048576 309.554 309.554 309.554 1734.3368588356154 1734.3368588356154 1734.3368588356154 216.79210735445193 216.79210735445193 216.79210735445193
256 2097152 651.796 651.796 651.796 1647.358719599384 1647.358719599384 1647.358719599384 205.919839949923 205.919839949923 205.919839949923
256 4194304 1213.736 1213.736 1213.736 1769.3169255917264 1769.3169255917264 1769.3169255917264 221.1646156989658 221.1646156989658 221.1646156989658
256 8388608 2444.941 2444.941 2444.941 1756.6752310178447 1756.6752310178447 1756.6752310178447 219.58440387723059 219.58440387723059 219.58440387723059

512 1 2.029 2.029 2.029 0.5046821094135042 0.5046821094135042 0.5046821094135042 0.06308526367668803 0.06308526367668803 0.06308526367668803
512 2 0.743 0.743 0.743 2.756393001345895 2.756393001345895 2.756393001345895 0.3445491251682369 0.3445491251682369 0.3445491251682369
512 4 0.58 0.58 0.58 7.062068965517242 7.062068965517242 7.062068965517242 0.8827586206896553 0.8827586206896553 0.8827586206896553
512 8 0.558 0.558 0.558 14.681003584229389 14.681003584229389 14.681003584229389 1.8351254480286736 1.8351254480286736 1.8351254480286736
512 16 0.558 0.558 0.558 29.362007168458778 29.362007168458778 29.362007168458778 3.6702508960573472 3.6702508960573472 3.6702508960573472
512 32 0.569 0.569 0.569 57.58875219683656 57.58875219683656 57.58875219683656 7.19859402460457 7.19859402460457 7.19859402460457
512 64 0.599 0.599 0.599 109.40901502504174 109.40901502504174 109.40901502504174 13.676126878130217 13.676126878130217 13.676126878130217
512 128 0.652 0.652 0.652 201.03067484662577 201.03067484662577 201.03067484662577 25.12883435582822 25.12883435582822 25.12883435582822
512 256 0.767 0.767 0.767 341.77835723598434 341.77835723598434 341.77835723598434 42.72229465449804 42.72229465449804 42.72229465449804
512 512 0.836 0.836 0.836 627.1387559808613 627.1387559808613 627.1387559808613 78.39234449760767 78.39234449760767 78.39234449760767
512 1024 0.967 0.967 0.967 1084.3598759048605 1084.3598759048605 1084.3598759048605 135.54498448810756 135.54498448810756 135.54498448810756
512 2048 1.397 1.397 1.397 1501.1825340014318 1501.1825340014318 1501.1825340014318 187.64781675017898 187.64781675017898 187.64781675017898
512 4096 2.249 2.249 2.249 1864.963983992886 1864.963983992886 1864.963983992886 233.12049799911074 233.12049799911074 233.12049799911074
512 8192 3.955 3.955 3.955 2121.0134007585334 2121.0134007585334 2121.0134007585334 265.1266750948167 265.1266750948167 265.1266750948167
512 16384 7.366 7.366 7.366 2277.656258484931 2277.656258484931 2277.656258484931 284.7070323106164 284.7070323106164 284.7070323106164
512 32768 14.232 14.232 14.232 2357.675098369871 2357.675098369871 2357.675098369871 294.7093872962339 294.7093872962339 294.7093872962339
512 65536 27.897 27.897 27.897 2405.594293293186 2405.594293293186 2405.594293293186 300.6992866616483 300.6992866616483 300.6992866616483
512 131072 55.25 55.25 55.25 2429.2801447963802 2429.2801447963802 2429.2801447963802 303.66001809954753 303.66001809954753 303.66001809954753
512 262144 109.987 109.987 109.987 2440.610763090184 2440.610763090184 2440.610763090184 305.076345386273 305.076345386273 305.076345386273
512 524288 219.538 219.538 219.538 2445.457788628848 2445.457788628848 2445.457788628848 305.682223578606 305.682223578606 305.682223578606
512 1048576 445.45 445.45 445.45 2410.4654259737345 2410.4654259737345 2410.4654259737345 301.3081782467168 301.3081782467168 301.3081782467168
512 2097152 854.88 854.88 854.88 2512.029346808909 2512.029346808909 2512.029346808909 314.0036683511136 314.0036683511136 314.0036683511136
512 4194304 1748.355 1748.355 1748.355 2456.5762079211604 2456.5762079211604 2456.5762079211604 307.07202599014505 307.07202599014505 307.07202599014505

1024 1 1.95 1.95 1.95 1.0502564102564103 1.0502564102564103 1.0502564102564103 0.13128205128205128 0.13128205128205128 0.13128205128205128
1024 2 1.449 1.449 1.449 2.826777087646653 2.826777087646653 2.826777087646653 0.3533471359558316 0.3533471359558316 0.3533471359558316
1024 4 1.41 1.41 1.41 5.809929078014186 5.809929078014186 5.809929078014186 0.7262411347517732 0.7262411347517732 0.7262411347517732
1024 8 1.357 1.357 1.357 12.073691967575536 12.073691967575536 12.073691967575536 1.509211495946942 1.509211495946942 1.509211495946942
1024 16 1.366 1.366 1.366 23.988286969253295 23.988286969253295 23.988286969253295 2.998535871156662 2.998535871156662 2.998535871156662
1024 32 1.358 1.358 1.358 48.25920471281296 48.25920471281296 48.25920471281296 6.03240058910162 6.03240058910162 6.03240058910162
1024 64 1.387 1.387 1.387 94.50036049026677 94.50036049026677 94.50036049026677 11.812545061283346 11.812545061283346 11.812545061283346
1024 128 1.496 1.496 1.496 175.2299465240642 175.2299465240642 175.2299465240642 21.903743315508024 21.903743315508024 21.903743315508024
1024 256 1.687 1.687 1.687 310.7812685240071 310.7812685240071 310.7812685240071 38.847658565500886 38.847658565500886 38.847658565500886
1024 512 2.101 2.101 2.101 499.08424559733464 499.08424559733464 499.08424559733464 62.38553069966683 62.38553069966683 62.38553069966683
1024 1024 2.948 2.948 2.948 711.381275440977 711.381275440977 711.381275440977 88.92265943012212 88.92265943012212 88.92265943012212
1024 2048 4.613 4.613 4.613 909.2356384131801 909.2356384131801 909.2356384131801 113.65445480164752 113.65445480164752 113.65445480164752
1024 4096 7.942 7.942 7.942 1056.233694283556 1056.233694283556 1056.233694283556 132.0292117854445 132.0292117854445 132.0292117854445
1024 8192 14.537 14.537 14.537 1154.1044231959827 1154.1044231959827 1154.1044231959827 144.26305289949784 144.26305289949784 144.26305289949784
1024 16384 27.837 27.837 27.837 1205.3896612422316 1205.3896612422316 1205.3896612422316 150.67370765527895 150.67370765527895 150.67370765527895
1024 32768 54.421 54.421 54.421 1233.1427941419674 1233.1427941419674 1233.1427941419674 154.14284926774593 154.14284926774593 154.14284926774593
1024 65536 107.551 107.551 107.551 1247.9449563462915 1247.9449563462915 1247.9449563462915 155.99311954328644 155.99311954328644 155.99311954328644
1024 131072 213.79 213.79 213.79 1255.60342392067 1255.60342392067 1255.60342392067 156.95042799008374 156.95042799008374 156.95042799008374
1024 262144 1219.071 1219.071 1219.071 440.39347339080336 440.39347339080336 440.39347339080336 55.04918417385042 55.04918417385042 55.04918417385042
1024 524288 2245.281 2245.281 2245.281 478.22157850175546 478.22157850175546 478.22157850175546 59.77769731271943 59.77769731271943 59.77769731271943
1024 1048576 1247.725 1247.725 1247.725 1721.119355627242 1721.119355627242 1721.119355627242 215.13991945340524 215.13991945340524 215.13991945340524
1024 2097152 1374.789 1374.789 1374.789 3124.0919850246114 3124.0919850246114 3124.0919850246114 390.5114981280764 390.5114981280764 390.5114981280764

2048 1 2.914 2.914 2.914 1.4056280027453674 1.4056280027453674 1.4056280027453674 0.17570350034317092 0.17570350034317092 0.17570350034317092
2048 2 0.578 0.578 0.578 14.173010380622841 14.173010380622841 14.173010380622841 1.7716262975778552 1.7716262975778552 1.7716262975778552
2048 4 0.608 0.608 0.608 26.947368421052637 26.947368421052637 26.947368421052637 3.3684210526315796 3.3684210526315796 3.3684210526315796
2048 8 0.577 0.577 0.577 56.79029462738303 56.79029462738303 56.79029462738303 7.098786828422878 7.098786828422878 7.098786828422878
2048 16 0.573 0.573 0.573 114.3734729493892 114.3734729493892 114.3734729493892 14.29668411867365 14.29668411867365 14.29668411867365
2048 32 0.69 0.69 0.69 189.9594202898551 189.9594202898551 189.9594202898551 23.744927536231888 23.744927536231888 23.744927536231888
2048 64 0.714 0.714 0.714 367.14845938375356 367.14845938375356 367.14845938375356 45.893557422969195 45.893557422969195 45.893557422969195
2048 128 0.874 0.874 0.874 599.8718535469108 599.8718535469108 599.8718535469108 74.98398169336384 74.98398169336384 74.98398169336384
2048 256 1.135 1.135 1.135 923.8555066079297 923.8555066079297 923.8555066079297 115.48193832599121 115.48193832599121 115.48193832599121
2048 512 1.443 1.443 1.443 1453.3277893277893 1453.3277893277893 1453.3277893277893 181.66597366597367 181.66597366597367 181.66597366597367
2048 1024 3.663 3.663 3.663 1145.0461370461371 1145.0461370461371 1145.0461370461371 143.13076713076714 143.13076713076714 143.13076713076714
2048 2048 6.865 6.865 6.865 1221.9385287691186 1221.9385287691186 1221.9385287691186 152.74231609613983 152.74231609613983 152.74231609613983
2048 4096 13.242 13.242 13.242 1266.9699441172029 1266.9699441172029 1266.9699441172029 158.37124301465036 158.37124301465036 158.37124301465036
2048 8192 25.442 25.442 25.442 1318.8598380630453 1318.8598380630453 1318.8598380630453 164.85747975788067 164.85747975788067 164.85747975788067
2048 16384 50.889 50.889 50.889 1318.730256047476 1318.730256047476 1318.730256047476 164.8412820059345 164.8412820059345 164.8412820059345
2048 32768 102.039 102.039 102.039 1315.3571477572302 1315.3571477572302 1315.3571477572302 164.41964346965378 164.41964346965378 164.41964346965378
2048 65536 204.146 204.146 204.146 1314.919008944579 1314.919008944579 1314.919008944579 164.36487611807237 164.36487611807237 164.36487611807237
2048 131072 426.298 426.298 426.298 1259.3793824976894 1259.3793824976894 1259.3793824976894 157.42242281221118 157.42242281221118 157.42242281221118
2048 262144 817.158 817.158 817.158 1313.9953644215684 1313.9953644215684 1313.9953644215684 164.24942055269605 164.24942055269605 164.24942055269605
2048 524288 1847.869 1847.869 1847.869 1162.1406322634346 1162.1406322634346 1162.1406322634346 145.26757903292932 145.26757903292932 145.26757903292932
2048 1048576 3636.186 3636.186 3636.186 1181.1737067355741 1181.1737067355741 1181.1737067355741 147.64671334194676 147.64671334194676 147.64671334194676

4096 1 2.37 2.37 2.37 3.4565400843881857 3.4565400843881857 3.4565400843881857 0.4320675105485232 0.4320675105485232 0.4320675105485232
4096 2 0.576 0.576 0.576 28.444444444444446 28.444444444444446 28.444444444444446 3.555555555555556 3.555555555555556 3.555555555555556
4096 4 0.65 0.65 0.65 50.41230769230769 50.41230769230769 50.41230769230769 6.3015384615384615 6.3015384615384615 6.3015384615384615
4096 8 0.588 0.588 0.588 111.4557823129252 111.4557823129252 111.4557823129252 13.93197278911565 13.93197278911565 13.93197278911565
4096 16 0.607 0.607 0.607 215.93410214168043 215.93410214168043 215.93410214168043 26.991762767710053 26.991762767710053 26.991762767710053
4096 32 0.675 0.675 0.675 388.3614814814815 388.3614814814815 388.3614814814815 48.54518518518519 48.54518518518519 48.54518518518519
4096 64 0.806 0.806 0.806 650.4813895781638 650.4813895781638 650.4813895781638 81.31017369727047 81.31017369727047 81.31017369727047
4096 128 1.05 1.05 1.05 998.6438095238095 998.6438095238095 998.6438095238095 124.83047619047619 124.83047619047619 124.83047619047619
4096 256 1.572 1.572 1.572 1334.0661577608141 1334.0661577608141 1334.0661577608141 166.75826972010177 166.75826972010177 166.75826972010177
4096 512 2.621 2.621 2.621 1600.2685997710798 1600.2685997710798 1600.2685997710798 200.03357497138498 200.03357497138498 200.03357497138498
4096 1024 4.694 4.694 4.694 1787.0916063059224 1787.0916063059224 1787.0916063059224 223.3864507882403 223.3864507882403 223.3864507882403
4096 2048 9.503 9.503 9.503 1765.4652215089973 1765.4652215089973 1765.4652215089973 220.68315268862466 220.68315268862466 220.68315268862466
4096 4096 17.745 17.745 17.745 1890.923189630882 1890.923189630882 1890.923189630882 236.36539870386025 236.36539870386025 236.36539870386025
4096 8192 35.046 35.046 35.046 1914.8794156251786 1914.8794156251786 1914.8794156251786 239.35992695314732 239.35992695314732 239.35992695314732
4096 16384 67.053 67.053 67.053 2001.6662640001196 2001.6662640001196 2001.6662640001196 250.20828300001494 250.20828300001494 250.20828300001494
4096 32768 139.888 139.888 139.888 1918.9312592931487 1918.9312592931487 1918.9312592931487 239.8664074116436 239.8664074116436 239.8664074116436
4096 65536 280.908 280.908 280.908 1911.19837099691 1911.19837099691 1911.19837099691 238.89979637461374 238.89979637461374 238.89979637461374
4096 131072 561.857 561.857 561.857 1911.058906447726 1911.058906447726 1911.058906447726 238.88236330596575 238.88236330596575 238.88236330596575
4096 262144 1288.468 1288.468 1288.468 1666.6953684530777 1666.6953684530777 1666.6953684530777 208.3369210566347 208.3369210566347 208.3369210566347
4096 524288 3582.482 3582.482 3582.482 1198.8803561329828 1198.8803561329828 1198.8803561329828 149.86004451662285 149.86004451662285 149.86004451662285

8192 1 1.542 1.542 1.542 10.625162127107654 10.625162127107654 10.625162127107654 1.3281452658884567 1.3281452658884567 1.3281452658884567
8192 2 0.604 0.604 0.604 54.25165562913908 54.25165562913908 54.25165562913908 6.781456953642385 6.781456953642385 6.781456953642385
8192 4 0.629 0.629 0.629 104.19077901430843 104.19077901430843 104.19077901430843 13.023847376788554 13.023847376788554 13.023847376788554
8192 8 0.7 0.7 0.7 187.2457142857143 187.2457142857143 187.2457142857143 23.40571428571429 23.40571428571429 23.40571428571429
8192 16 0.709 0.709 0.709 369.737658674189 369.737658674189 369.737658674189 46.217207334273624 46.217207334273624 46.217207334273624
8192 32 0.839 0.839 0.839 624.8963051251491 624.8963051251491 624.8963051251491 78.11203814064363 78.11203814064363 78.11203814064363
8192 64 1.118 1.118 1.118 937.9033989266546 937.9033989266546 937.9033989266546 117.23792486583183 117.23792486583183 117.23792486583183
8192 128 1.656 1.656 1.656 1266.3961352657007 1266.3961352657007 1266.3961352657007 158.29951690821258 158.29951690821258 158.29951690821258
8192 256 2.76 2.76 2.76 1519.6753623188408 1519.6753623188408 1519.6753623188408 189.9594202898551 189.9594202898551 189.9594202898551
8192 512 4.967 4.967 4.967 1688.868129655728 1688.868129655728 1688.868129655728 211.108516206966 211.108516206966 211.108516206966
8192 1024 9.405 9.405 9.405 1783.8613503455613 1783.8613503455613 1783.8613503455613 222.98266879319516 222.98266879319516 222.98266879319516
8192 2048 18.246 18.246 18.246 1839.002082648252 1839.002082648252 1839.002082648252 229.8752603310315 229.8752603310315 229.8752603310315
8192 4096 37.044 37.044 37.044 1811.5987474354822 1811.5987474354822 1811.5987474354822 226.44984342943528 226.44984342943528 226.44984342943528
8192 8192 90.319 90.319 90.319 1486.040899478515 1486.040899478515 1486.040899478515 185.75511243481438 185.75511243481438 185.75511243481438
8192 16384 151.063 151.063 151.063 1776.9768639574218 1776.9768639574218 1776.9768639574218 222.12210799467772 222.12210799467772 222.12210799467772
8192 32768 290.568 290.568 290.568 1847.6601415159275 1847.6601415159275 1847.6601415159275 230.95751768949094 230.95751768949094 230.95751768949094
8192 65536 587.151 587.151 587.151 1828.7320025002089 1828.7320025002089 1828.7320025002089 228.5915003125261 228.5915003125261 228.5915003125261
8192 131072 1201.159 1201.159 1201.159 1787.842948352383 1787.842948352383 1787.842948352383 223.48036854404788 223.48036854404788 223.48036854404788
8192 262144 2399.254 2399.254 2399.254 1790.1261375410859 1790.1261375410859 1790.1261375410859 223.76576719263574 223.76576719263574 223.76576719263574

16384 1 1.895 1.895 1.895 17.291820580474933 17.291820580474933 17.291820580474933 2.1614775725593667 2.1614775725593667 2.1614775725593667
16384 2 0.746 0.746 0.746 87.84986595174263 87.84986595174263 87.84986595174263 10.981233243967829 10.981233243967829 10.981233243967829
16384 4 0.782 0.782 0.782 167.61125319693096 167.61125319693096 167.61125319693096 20.95140664961637 20.95140664961637 20.95140664961637
16384 8 0.821 0.821 0.821 319.2984165651645 319.2984165651645 319.2984165651645 39.91230207064556 39.91230207064556 39.91230207064556
16384 16 0.913 0.913 0.913 574.2475355969333 574.2475355969333 574.2475355969333 71.78094194961666 71.78094194961666 71.78094194961666
16384 32 1.128 1.128 1.128 929.5886524822697 929.5886524822697 929.5886524822697 116.19858156028371 116.19858156028371 116.19858156028371
16384 64 1.759 1.759 1.759 1192.2410460488916 1192.2410460488916 1192.2410460488916 149.03013075611145 149.03013075611145 149.03013075611145
16384 128 2.432 2.432 2.432 1724.6315789473688 1724.6315789473688 1724.6315789473688 215.5789473684211 215.5789473684211 215.5789473684211
16384 256 4.116 4.116 4.116 2038.0485908649175 2038.0485908649175 2038.0485908649175 254.7560738581147 254.7560738581147 254.7560738581147
16384 512 7.501 7.501 7.501 2236.6639114784693 2236.6639114784693 2236.6639114784693 279.58298893480867 279.58298893480867 279.58298893480867
16384 1024 14.264 14.264 14.264 2352.3858665171065 2352.3858665171065 2352.3858665171065 294.0482333146383 294.0482333146383 294.0482333146383
16384 2048 27.793 27.793 27.793 2414.595905443817 2414.595905443817 2414.595905443817 301.82448818047715 301.82448818047715 301.82448818047715
16384 4096 55.253 55.253 55.253 2429.1482453441445 2429.1482453441445 2429.1482453441445 303.64353066801806 303.64353066801806 303.64353066801806
16384 8192 122.681 122.681 122.681 2188.07684971593 2188.07684971593 2188.07684971593 273.50960621449127 273.50960621449127 273.50960621449127
16384 16384 280.939 280.939 280.939 1910.9874812681758 1910.9874812681758 1910.9874812681758 238.87343515852197 238.87343515852197 238.87343515852197
16384 32768 427.506 427.506 427.506 2511.6415301773545 2511.6415301773545 2511.6415301773545 313.9551912721693 313.9551912721693 313.9551912721693
16384 65536 814.61 814.61 814.61 2636.210760977646 2636.210760977646 2636.210760977646 329.5263451222057 329.5263451222057 329.5263451222057
16384 131072 1655.031 1655.031 1655.031 2595.0977933343847 2595.0977933343847 2595.0977933343847 324.3872241667981 324.3872241667981 324.3872241667981

32768 1 2.568 2.568 2.568 25.5202492211838 25.5202492211838 25.5202492211838 3.190031152647975 3.190031152647975 3.190031152647975
32768 2 0.904 0.904 0.904 144.99115044247787 144.99115044247787 144.99115044247787 18.123893805309734 18.123893805309734 18.123893805309734
32768 4 0.951 0.951 0.951 275.65089379600425 275.65089379600425 275.65089379600425 34.45636172450053 34.45636172450053 34.45636172450053
32768 8 0.995 0.995 0.995 526.9226130653267 526.9226130653267 526.9226130653267 65.86532663316584 65.86532663316584 65.86532663316584
32768 16 1.156 1.156 1.156 907.0726643598618 907.0726643598618 907.0726643598618 113.38408304498273 113.38408304498273 113.38408304498273
32768 32 1.466 1.466 1.466 1430.5266030013643 1430.5266030013643 1430.5266030013643 178.81582537517053 178.81582537517053 178.81582537517053
32768 64 2.101 2.101 2.101 1996.3369823893386 1996.3369823893386 1996.3369823893386 249.54212279866732 249.54212279866732 249.54212279866732
32768 128 3.351 3.351 3.351 2503.314831393614 2503.314831393614 2503.314831393614 312.91435392420175 312.91435392420175 312.91435392420175
32768 256 5.842 5.842 5.842 2871.8274563505656 2871.8274563505656 2871.8274563505656 358.9784320438207 358.9784320438207 358.9784320438207
32768 512 10.895 10.895 10.895 3079.8010096374487 3079.8010096374487 3079.8010096374487 384.9751262046811 384.9751262046811 384.9751262046811
32768 1024 31.911 31.911 31.911 2103.0009714518505 2103.0009714518505 2103.0009714518505 262.8751214314813 262.8751214314813 262.8751214314813
32768 2048 42.127 42.127 42.127 3186.0262539464 3186.0262539464 3186.0262539464 398.2532817433 398.2532817433 398.2532817433
32768 4096 82.316 82.316 82.316 3261.0362019534477 3261.0362019534477 3261.0362019534477 407.62952524418097 407.62952524418097 407.62952524418097
32768 8192 170.25 170.25 170.25 3153.4267958883997 3153.4267958883997 3153.4267958883997 394.17834948604997 394.17834948604997 394.17834948604997
32768 16384 329.033 329.033 329.033 3263.3256360304285 3263.3256360304285 3263.3256360304285 407.91570450380357 407.91570450380357 407.91570450380357
32768 32768 674.498 674.498 674.498 3183.8250787993443 3183.8250787993443 3183.8250787993443 397.97813484991804 397.97813484991804 397.97813484991804
32768 65536 1530.933 1530.933 1530.933 2805.4573884030196 2805.4573884030196 2805.4573884030196 350.68217355037746 350.68217355037746 350.68217355037746

65536 1 4.198 4.198 4.198 31.222486898523105 31.222486898523105 31.222486898523105 3.902810862315388 3.902810862315388 3.902810862315388
65536 2 1.392 1.392 1.392 188.3218390804598 188.3218390804598 188.3218390804598 23.540229885057474 23.540229885057474 23.540229885057474
65536 4 1.477 1.477 1.477 354.96817874069063 354.96817874069063 354.96817874069063 44.37102234258633 44.37102234258633 44.37102234258633
65536 8 1.633 1.633 1.633 642.1163502755664 642.1163502755664 642.1163502755664 80.2645437844458 80.2645437844458 80.2645437844458
65536 16 1.891 1.891 1.891 1109.0174510840825 1109.0174510840825 1109.0174510840825 138.6271813855103 138.6271813855103 138.6271813855103
65536 32 2.465 2.465 2.465 1701.5432048681546 1701.5432048681546 1701.5432048681546 212.69290060851932 212.69290060851932 212.69290060851932
65536 64 3.609 3.609 3.609 2324.3579939041288 2324.3579939041288 2324.3579939041288 290.5447492380161 290.5447492380161 290.5447492380161
65536 128 5.946 5.946 5.946 2821.5970400269093 2821.5970400269093 2821.5970400269093 352.69963000336367 352.69963000336367 352.69963000336367
65536 256 10.431 10.431 10.431 3216.799156360848 3216.799156360848 3216.799156360848 402.099894545106 402.099894545106 402.099894545106
65536 512 20.89 20.89 20.89 3212.487505983724 3212.487505983724 3212.487505983724 401.5609382479655 401.5609382479655 401.5609382479655
65536 1024 40.32 40.32 40.32 3328.8126984126984 3328.8126984126984 3328.8126984126984 416.1015873015873 416.1015873015873 416.1015873015873
65536 2048 78.487 78.487 78.487 3420.126339393785 3420.126339393785 3420.126339393785 427.51579242422315 427.51579242422315 427.51579242422315
65536 4096 168.603 168.603 168.603 3184.2310753663933 3184.2310753663933 3184.2310753663933 398.02888442079916 398.02888442079916 398.02888442079916
65536 8192 317.518 317.518 317.518 3381.6722957438637 3381.6722957438637 3381.6722957438637 422.70903696798297 422.70903696798297 422.70903696798297
65536 16384 615.884 615.884 615.884 3486.831364347832 3486.831364347832 3486.831364347832 435.853920543479 435.853920543479 435.853920543479
65536 32768 2130.953 2130.953 2130.953 2015.5147936158141 2015.5147936158141 2015.5147936158141 251.93934920197677 251.93934920197677 251.93934920197677

131072 1 7.407 7.407 7.407 35.39138652625894 35.39138652625894 35.39138652625894 4.423923315782368 4.423923315782368 4.423923315782368
131072 2 2.787 2.787 2.787 188.119124506638 188.119124506638 188.119124506638 23.51489056332975 23.51489056332975 23.51489056332975
131072 4 2.917 2.917 2.917 359.47068906410703 359.47068906410703 359.47068906410703 44.93383613301338 44.93383613301338 44.93383613301338
131072 8 3.207 3.207 3.207 653.9295291549736 653.9295291549736 653.9295291549736 81.7411911443717 81.7411911443717 81.7411911443717
131072 16 3.723 3.723 3.723 1126.5925329035724 1126.5925329035724 1126.5925329035724 140.82406661294655 140.82406661294655 140.82406661294655
131072 32 4.812 4.812 4.812 1743.2684954280962 1743.2684954280962 1743.2684954280962 217.90856192851203 217.90856192851203 217.90856192851203
131072 64 6.999 6.999 6.999 2397.0875839405635 2397.0875839405635 2397.0875839405635 299.63594799257044 299.63594799257044 299.63594799257044
131072 128 11.444 11.444 11.444 2932.054526389374 2932.054526389374 2932.054526389374 366.50681579867177 366.50681579867177 366.50681579867177
131072 256 20.127 20.127 20.127 3334.270581805535 3334.270581805535 3334.270581805535 416.7838227256919 416.7838227256919 416.7838227256919
131072 512 37.741 37.741 37.741 3556.284359184972 3556.284359184972 3556.284359184972 444.5355448981215 444.5355448981215 444.5355448981215
131072 1024 72.755 72.755 72.755 3689.580867294345 3689.580867294345 3689.580867294345 461.1976084117931 461.1976084117931 461.1976084117931
131072 2048 142.879 142.879 142.879 3757.5214832130687 3757.5214832130687 3757.5214832130687 469.6901854016336 469.6901854016336 469.6901854016336
131072 4096 295.12 295.12 295.12 3638.3227975060995 3638.3227975060995 3638.3227975060995 454.79034968826244 454.79034968826244 454.79034968826244
131072 8192 569.38 569.38 569.38 3771.6176332150762 3771.6176332150762 3771.6176332150762 471.45220415188453 471.45220415188453 471.45220415188453
131072 16384 1137.281 1137.281 1137.281 3776.522509388621 3776.522509388621 3776.522509388621 472.06531367357763 472.06531367357763 472.06531367357763

262144 1 23.1 23.1 23.1 22.696450216450216 22.696450216450216 22.696450216450216 2.837056277056277 2.837056277056277 2.837056277056277
262144 2 12.686 12.686 12.686 82.65615639287404 82.65615639287404 82.65615639287404 10.332019549109255 10.332019549109255 10.332019549109255
262144 4 8.047 8.047 8.047 260.61289921709954 260.61289921709954 260.61289921709954 32.57661240213744 32.57661240213744 32.57661240213744
262144 8 9.458 9.458 9.458 443.4662719390992 443.4662719390992 443.4662719390992 55.4332839923874 55.4332839923874 55.4332839923874
262144 16 12.309 12.309 12.309 681.5019904135187 681.5019904135187 681.5019904135187 85.18774880168984 85.18774880168984 85.18774880168984
262144 32 17.961 17.961 17.961 934.091420299538 934.091420299538 934.091420299538 116.76142753744224 116.76142753744224 116.76142753744224
262144 64 29.478 29.478 29.478 1138.287265079042 1138.287265079042 1138.287265079042 142.28590813488026 142.28590813488026 142.28590813488026
262144 128 75.916 75.916 75.916 883.9884082406871 883.9884082406871 883.9884082406871 110.49855103008589 110.49855103008589 110.49855103008589
262144 256 98.167 98.167 98.167 1367.2387665916247 1367.2387665916247 1367.2387665916247 170.90484582395308 170.90484582395308 170.90484582395308
262144 512 187.164 187.164 187.164 1434.2258981428054 1434.2258981428054 1434.2258981428054 179.27823726785067 179.27823726785067 179.27823726785067
262144 1024 318.69 318.69 318.69 1684.618004957796 1684.618004957796 1684.618004957796 210.5772506197245 210.5772506197245 210.5772506197245
262144 2048 419.531 419.531 419.531 2559.3861335634315 2559.3861335634315 2559.3861335634315 319.92326669542894 319.92326669542894 319.92326669542894
262144 4096 2216.819 2216.819 2216.819 968.7230432434944 968.7230432434944 968.7230432434944 121.0903804054368 121.0903804054368 121.0903804054368
262144 8192 1272.002 1272.002 1272.002 3376.541307324989 3376.541307324989 3376.541307324989 422.0676634156236 422.0676634156236 422.0676634156236

524288 1 27.469 27.469 27.469 38.17306782190833 38.17306782190833 38.17306782190833 4.771633477738542 4.771633477738542 4.771633477738542
524288 2 9.409 9.409 9.409 222.88787331278562 222.88787331278562 222.88787331278562 27.860984164098202 27.860984164098202 27.860984164098202
524288 4 9.5 9.5 9.5 441.50568421052634 441.50568421052634 441.50568421052634 55.18821052631579 55.18821052631579 55.18821052631579
524288 8 10.467 10.467 10.467 801.4338396866342 801.4338396866342 801.4338396866342 100.17922996082928 100.17922996082928 100.17922996082928
524288 16 12.496 12.496 12.496 1342.606914212548 1342.606914212548 1342.606914212548 167.8258642765685 167.8258642765685 167.8258642765685
524288 32 16.464 16.464 16.464 2038.0485908649175 2038.0485908649175 2038.0485908649175 254.7560738581147 254.7560738581147 254.7560738581147
524288 64 24.496 24.496 24.496 2739.584585238407 2739.584585238407 2739.584585238407 342.44807315480085 342.44807315480085 342.44807315480085
524288 128 40.646 40.646 40.646 3302.114057963883 3302.114057963883 3302.114057963883 412.7642572454854 412.7642572454854 412.7642572454854
524288 256 77.781 77.781 77.781 3451.1700286702408 3451.1700286702408 3451.1700286702408 431.3962535837801 431.3962535837801 431.3962535837801
524288 512 138.972 138.972 138.972 3863.1588521428775 3863.1588521428775 3863.1588521428775 482.8948565178597 482.8948565178597 482.8948565178597
524288 1024 277.085 277.085 277.085 3875.1351534727614 3875.1351534727614 3875.1351534727614 484.3918941840952 484.3918941840952 484.3918941840952
524288 2048 567.012 567.012 567.012 3787.368958681651 3787.368958681651 3787.368958681651 473.42111983520635 473.42111983520635 473.42111983520635
524288 4096 1131.641 1131.641 1131.641 3795.34436804605 3795.34436804605 3795.34436804605 474.41804600575625 474.41804600575625 474.41804600575625

1048576 1 57.019 57.019 57.019 36.779880390746946 36.779880390746946 36.779880390746946 4.597485048843368 4.597485048843368 4.597485048843368
1048576 2 19.392 19.392 19.392 216.2904290429043 216.2904290429043 216.2904290429043 27.036303630363037 27.036303630363037 27.036303630363037
1048576 4 19.338 19.338 19.338 433.7888095976833 433.7888095976833 433.7888095976833 54.223601199710416 54.223601199710416 54.223601199710416
1048576 8 21.421 21.421 21.421 783.2134820970076 783.2134820970076 783.2134820970076 97.90168526212595 97.90168526212595 97.90168526212595
1048576 16 25.53 25.53 25.53 1314.3138268703485 1314.3138268703485 1314.3138268703485 164.28922835879357 164.28922835879357 164.28922835879357
1048576 32 33.874 33.874 33.874 1981.131959615044 1981.131959615044 1981.131959615044 247.6414949518805 247.6414949518805 247.6414949518805
1048576 64 58.463 58.463 58.463 2295.7721635906473 2295.7721635906473 2295.7721635906473 286.9715204488309 286.9715204488309 286.9715204488309
1048576 128 83.671 83.671 83.671 3208.2257412962676 3208.2257412962676 3208.2257412962676 401.02821766203346 401.02821766203346 401.02821766203346
1048576 256 150.204 150.204 150.204 3574.278394716519 3574.278394716519 3574.278394716519 446.78479933956487 446.78479933956487 446.78479933956487
1048576 512 293.341 293.341 293.341 3660.3878216819335 3660.3878216819335 3660.3878216819335 457.5484777102417 457.5484777102417 457.5484777102417
1048576 1024 565.46 565.46 565.46 3797.764029285891 3797.764029285891 3797.764029285891 474.72050366073637 474.72050366073637 474.72050366073637
1048576 2048 1315.476 1315.476 1315.476 3264.9529873597085 3264.9529873597085 3264.9529873597085 408.11912341996356 408.11912341996356 408.11912341996356

2097152 1 156.184 156.184 156.184 26.854889105158023 26.854889105158023 26.854889105158023 3.356861138144753 3.356861138144753 3.356861138144753
2097152 2 92.487 92.487 92.487 90.70040113745716 90.70040113745716 90.70040113745716 11.337550142182145 11.337550142182145 11.337550142182145
2097152 4 71.485 71.485 71.485 234.695614464573 234.695614464573 234.695614464573 29.336951808071625 29.336951808071625 29.336951808071625
2097152 8 66.928 66.928 66.928 501.35118336122406 501.35118336122406 501.35118336122406 62.66889792015301 62.66889792015301 62.66889792015301
2097152 16 87.224 87.224 87.224 769.3853067962946 769.3853067962946 769.3853067962946 96.17316334953682 96.17316334953682 96.17316334953682
2097152 32 127.816 127.816 127.816 1050.085497903236 1050.085497903236 1050.085497903236 131.2606872379045 131.2606872379045 131.2606872379045
2097152 64 212.188 212.188 212.188 1265.0831149735143 1265.0831149735143 1265.0831149735143 158.13538937168929 158.13538937168929 158.13538937168929
2097152 128 381.182 381.182 381.182 1408.437208472593 1408.437208472593 1408.437208472593 176.05465105907413 176.05465105907413 176.05465105907413
2097152 256 747.113 747.113 747.113 1437.1879809346108 1437.1879809346108 1437.1879809346108 179.64849761682635 179.64849761682635 179.64849761682635
2097152 512 1411.514 1411.514 1411.514 1521.4044267361146 1521.4044267361146 1521.4044267361146 190.17555334201433 190.17555334201433 190.17555334201433
2097152 1024 2725.739 2725.739 2725.739 1575.7074672226506 1575.7074672226506 1575.7074672226506 196.96343340283133 196.96343340283133 196.96343340283133

4194304 1 208.093 208.093 208.093 40.31182211799533 40.31182211799533 40.31182211799533 5.038977764749416 5.038977764749416 5.038977764749416
4194304 2 182.12 182.12 182.12 92.12176586865803 92.12176586865803 92.12176586865803 11.515220733582254 11.515220733582254 11.515220733582254
4194304 4 190.655 190.655 190.655 175.99555217539537 175.99555217539537 175.99555217539537 21.999444021924422 21.999444021924422 21.999444021924422
4194304 8 155.603 155.603 155.603 431.2825845260053 431.2825845260053 431.2825845260053 53.91032306575066 53.91032306575066 53.91032306575066
4194304 16 209.644 209.644 209.644 640.2173589513652 640.2173589513652 640.2173589513652 80.02716986892065 80.02716986892065 80.02716986892065
4194304 32 193.868 193.868 193.868 1384.6300369323458 1384.6300369323458 1384.6300369323458 173.07875461654322 173.07875461654322 173.07875461654322
4194304 64 262.607 262.607 262.607 2044.3891899301998 2044.3891899301998 2044.3891899301998 255.54864874127497 255.54864874127497 255.54864874127497
4194304 128 548.245 548.245 548.245 1958.507280504154 1958.507280504154 1958.507280504154 244.81341006301926 244.81341006301926 244.81341006301926
4194304 256 722.76 722.76 722.76 2971.2264762853506 2971.2264762853506 2971.2264762853506 371.4033095356688 371.4033095356688 371.4033095356688
4194304 512 1287.392 1287.392 1287.392 3336.1767791006937 3336.1767791006937 3336.1767791006937 417.0220973875867 417.0220973875867 417.0220973875867

8388608 1 412.57 412.57 412.57 40.66513803718157 40.66513803718157 40.66513803718157 5.083142254647696 5.083142254647696 5.083142254647696
8388608 2 578.58 578.58 578.58 57.99445539078433 57.99445539078433 57.99445539078433 7.249306923848041 7.249306923848041 7.249306923848041
8388608 4 475.438 475.438 475.438 141.15166225669805 141.15166225669805 141.15166225669805 17.643957782087256 17.643957782087256 17.643957782087256
8388608 8 405.904 405.904 405.904 330.6637234419961 330.6637234419961 330.6637234419961 41.332965430249516 41.332965430249516 41.332965430249516
8388608 16 420.389 420.389 420.389 638.5406278470655 638.5406278470655 638.5406278470655 79.81757848088318 79.81757848088318 79.81757848088318
8388608 32 470.859 470.859 470.859 1140.1946485041171 1140.1946485041171 1140.1946485041171 142.52433106301464 142.52433106301464 142.52433106301464
8388608 64 608.539 608.539 608.539 1764.4585211465496 1764.4585211465496 1764.4585211465496 220.5573151433187 220.5573151433187 220.5573151433187
8388608 128 885.102 885.102 885.102 2426.255559246279 2426.255559246279 2426.255559246279 303.2819449057849 303.2819449057849 303.2819449057849
8388608 256 1421.18 1421.18 1421.18 3022.1135225657554 3022.1135225657554 3022.1135225657554 377.7641903207194 377.7641903207194 377.7641903207194

16777216 1 817.871 817.871 817.871 41.02655797796964 41.02655797796964 41.02655797796964 5.128319747246205 5.128319747246205 5.128319747246205
16777216 2 1667.633 1667.633 1667.633 40.241986096461275 40.241986096461275 40.241986096461275 5.030248262057659 5.030248262057659 5.030248262057659
16777216 4 1145.6 1145.6 1145.6 117.15932960893856 117.15932960893856 117.15932960893856 14.64491620111732 14.64491620111732 14.64491620111732
16777216 8 1123.621 1123.621 1123.621 238.90213515055345 238.90213515055345 238.90213515055345 29.86276689381918 29.86276689381918 29.86276689381918
16777216 16 1257.987 1257.987 1257.987 426.76984102379436 426.76984102379436 426.76984102379436 53.346230127974295 53.346230127974295 53.346230127974295
16777216 32 1187.089 1187.089 1187.089 904.5166992533839 904.5166992533839 904.5166992533839 113.06458740667298 113.06458740667298 113.06458740667298
16777216 64 1504.637 1504.637 1504.637 1427.2436793725 1427.2436793725 1427.2436793725 178.4054599215625 178.4054599215625 178.4054599215625
16777216 128 2080.726 2080.726 2080.726 2064.167649176297 2064.167649176297 2064.167649176297 258.0209561470371 258.0209561470371 258.0209561470371

33554432 1 2008.259 2008.259 2008.259 33.4164388159097 33.4164388159097 33.4164388159097 4.1770548519887125 4.1770548519887125 4.1770548519887125
33554432 2 3326.102 3326.102 3326.102 40.3528598942546 40.3528598942546 40.3528598942546 5.044107486781825 5.044107486781825 5.044107486781825
33554432 4 3092.923 3092.923 3092.923 86.79021624527996 86.79021624527996 86.79021624527996 10.848777030659996 10.848777030659996 10.848777030659996
33554432 8 3344.065 3344.065 3344.065 160.54440090129827 160.54440090129827 160.54440090129827 20.068050112662284 20.068050112662284 20.068050112662284
33554432 16 3335.412 3335.412 3335.412 321.9217967675358 321.9217967675358 321.9217967675358 40.240224595941974 40.240224595941974 40.240224595941974
33554432 32 3595.108 3595.108 3595.108 597.3349473784932 597.3349473784932 597.3349473784932 74.66686842231165 74.66686842231165 74.66686842231165
33554432 64 4562.182 4562.182 4562.182 941.428311277367 941.428311277367 941.428311277367 117.67853890967088 117.67853890967088 117.67853890967088

67108864 1 3346.714 3346.714 3346.714 40.104331592122904 40.104331592122904 40.104331592122904 5.013041449015363 5.013041449015363 5.013041449015363
67108864 2 7453.068 7453.068 7453.068 36.016772690119026 36.016772690119026 36.016772690119026 4.502096586264878 4.502096586264878 4.502096586264878
67108864 4 6435.913 6435.913 6435.913 83.41798778199768 83.41798778199768 83.41798778199768 10.42724847274971 10.42724847274971 10.42724847274971
67108864 8 6558.095 6558.095 6558.095 163.72770202322474 163.72770202322474 163.72770202322474 20.465962752903092 20.465962752903092 20.465962752903092
67108864 16 7270.444 7270.444 7270.444 295.37173355574987 295.37173355574987 295.37173355574987 36.921466694468734 36.921466694468734 36.921466694468734
67108864 32 7864.892 7864.892 7864.892 546.0936140000397 546.0936140000397 546.0936140000397 68.26170175000496 68.26170175000496 68.26170175000496

134217728 1 6750.768 6750.768 6750.768 39.76369147925096 39.76369147925096 39.76369147925096 4.97046143490637 4.97046143490637 4.97046143490637
134217728 2 14200.946 14200.946 14200.946 37.805292126313276 37.805292126313276 37.805292126313276 4.7256615157891595 4.7256615157891595 4.7256615157891595
134217728 4 13609.606 13609.606 13609.606 78.89587869038972 78.89587869038972 78.89587869038972 9.861984836298715 9.861984836298715 9.861984836298715
134217728 8 13911.268 13911.268 13911.268 154.37008675269576 154.37008675269576 154.37008675269576 19.29626084408697 19.29626084408697 19.29626084408697
134217728 16 14800.379 14800.379 14800.379 290.1930616776773 290.1930616776773 290.1930616776773 36.27413270970966 36.27413270970966 36.27413270970966

268435456 1 12061.564 12061.564 12061.564 44.51088697949951 44.51088697949951 44.51088697949951 5.563860872437439 5.563860872437439 5.563860872437439
268435456 2 24819.165 24819.165 24819.165 43.26260871387092 43.26260871387092 43.26260871387092 5.407826089233865 5.407826089233865 5.407826089233865
268435456 4 24976.298 24976.298 24976.298 85.98086265626716 85.98086265626716 85.98086265626716 10.747607832033395 10.747607832033395 10.747607832033395
268435456 8 25175.709 25175.709 25175.709 170.59965604146444 170.59965604146444 170.59965604146444 21.324957005183055 21.324957005183055 21.324957005183055

536870912 1 24222.832 24222.832 24222.832 44.327674980365636 44.327674980365636 44.327674980365636 5.5409593725457045 5.5409593725457045 5.5409593725457045
536870912 2 46882.493 46882.493 46882.493 45.80566242499092 45.80566242499092 45.80566242499092 5.725707803123865 5.725707803123865 5.725707803123865
536870912 4 48070.857 48070.857 48070.857 89.34659300956503 89.34659300956503 89.34659300956503 11.168324126195628 11.168324126195628 11.168324126195628

1073741824 1 47090.166 47090.166 47090.166 45.60365423218088 45.60365423218088 45.60365423218088 5.70045677902261 5.70045677902261 5.70045677902261
1073741824 2 94998.389 94998.389 94998.389 45.210948745667686 45.210948745667686 45.210948745667686 5.651368593208461 5.651368593208461 5.651368593208461

2147483648 1 96919.061 96919.061 96919.061 44.314990794225714 44.314990794225714 44.314990794225714 5.539373849278214 5.539373849278214 5.539373849278214

META_DATA
FLOPS          2
OPENMP_THREADS 2
ERT_VERSION  1.1.0
HOSTNAME  ('areeba-vm', [], ['127.0.1.1'])
UNAME  uname_result(system='Linux', node='areeba-vm', release='6.17.0-23-generic', version='#23~24.04.1-Ubuntu SMP PREEMPT_DYNAMIC Tue Apr 14 16:11:48 UTC 2', machine='x86_64')
TIMESTAMP_DATA  1778236613.2034147
CONFIG  {'ERT_RESULTS': ['roofline/mylaptop/Results'], 'ERT_DRIVER': ['driver1'], 'ERT_KERNEL': ['kernel1'], 'ERT_MPI': ['False'], 'ERT_MPI_CFLAGS': [], 'ERT_MPI_LDFLAGS': [], 'ERT_MPI_PROCS': ['1'], 'ERT_OPENMP': ['True'], 'ERT_OPENMP_CFLAGS': ['-fopenmp'], 'ERT_OPENMP_LDFLAGS': ['-fopenmp'], 'ERT_OPENMP_THREADS': ['1,2,4'], 'ERT_GPU': ['False'], 'ERT_GPU_CFLAGS': [], 'ERT_GPU_LDFLAGS': [], 'ERT_GPU_BLOCKS': ['1'], 'ERT_GPU_THREADS': ['1'], 'ERT_HIP': ['False'], 'ERT_OCL': ['False'], 'ERT_SYCL': ['False'], 'ERT_FLOPS': ['1,2,4,8'], 'ERT_ALIGN': ['32'], 'ERT_CC': ['g++'], 'ERT_CFLAGS': ['-O3', '-march=native', '-mavx2', '-mfma', '-ffast-math'], 'ERT_LD': ['g++'], 'ERT_LDFLAGS': [], 'ERT_LDLIBS': [], 'ERT_PRECISION': ['FP64'], 'ERT_PROCS_THREADS': ['6'], 'ERT_BLOCKS_THREADS': ['1'], 'ERT_WORKING_SET_MIN': ['1'], 'ERT_MEMORY_MAX': ['2147483648'], 'ERT_WSS_MULT': ['2.0'], 'ERT_TRIALS_MIN': ['1'], 'ERT_NUM_EXPERIMENTS': ['1'], 'ERT_RUN': ['OMP_NUM_THREADS=ERT_OPENMP_THREADS', './ERT_CODE'], 'ERT_GNUPLOT': ['False']}
