fp64
          16            1           2.557           32            4
          16            2           0.555           64            8
          16            4           0.552          128           16
          16            8           0.563          256           32
          16           16           0.556          512           64
          16           32           0.561         1024          128
          16           64           0.558         2048          256
          16          128           0.554         4096          512
          16          256           0.574         8192         1024
          16          512           0.607        16384         2048
          16         1024           0.657        32768         4096
          16         2048           0.784        65536         8192
          16         4096           1.028       131072        16384
          16         8192           1.516       262144        32768
          16        16384           2.496       524288        65536
          16        32768           4.445      1048576       131072
          16        65536           8.339      2097152       262144
          16       131072          16.267      4194304       524288
          16       262144          31.945      8388608      1048576
          16       524288          63.905     16777216      2097152
          16      1048576         127.935     33554432      4194304
          16      2097152         260.577     67108864      8388608
          16      4194304         974.978    134217728     16777216
          16      8388608        1064.432    268435456     33554432
          16     16777216        3317.505    536870912     67108864
          16     33554432        5865.767   1073741824    134217728
          16     67108864       10523.836   2147483648    268435456
          16    134217728       23788.018   4294967296    536870912
          32            1          12.384           64            8
          32            2           0.579          128           16
          32            4           0.585          256           32
          32            8           0.580          512           64
          32           16           0.575         1024          128
          32           32           0.572         2048          256
          32           64           0.583         4096          512
          32          128           0.575         8192         1024
          32          256           0.599        16384         2048
          32          512           0.623        32768         4096
          32         1024           0.693        65536         8192
          32         2048           0.817       131072        16384
          32         4096           1.075       262144        32768
          32         8192           1.580       524288        65536
          32        16384           2.605      1048576       131072
          32        32768           4.666      2097152       262144
          32        65536           8.816      4194304       524288
          32       131072          16.965      8388608      1048576
          32       262144          33.394     16777216      2097152
          32       524288          66.246     33554432      4194304
          32      1048576         131.889     67108864      8388608
          32      2097152         262.209    134217728     16777216
          32      4194304        1031.355    268435456     33554432
          32      8388608        1568.360    536870912     67108864
          32     16777216        3066.243   1073741824    134217728
          32     33554432        7933.635   2147483648    268435456
          32     67108864       13499.802   4294967296    536870912
          64            1           2.316          128           16
          64            2           0.548          256           32
          64            4           0.543          512           64
          64            8           0.539         1024          128
          64           16           0.542         2048          256
          64           32           0.546         4096          512
          64           64           0.569         8192         1024
          64          128           0.571        16384         2048
          64          256           0.640        32768         4096
          64          512           0.634        65536         8192
          64         1024           0.750       131072        16384
          64         2048           0.980       262144        32768
          64         4096           1.451       524288        65536
          64         8192           2.381      1048576       131072
          64        16384           4.140      2097152       262144
          64        32768           8.943      4194304       524288
          64        65536          16.663      8388608      1048576
          64       131072          33.427     16777216      2097152
          64       262144          67.204     33554432      4194304
          64       524288         134.504     67108864      8388608
          64      1048576         263.213    134217728     16777216
          64      2097152         504.722    268435456     33554432
          64      4194304        1023.138    536870912     67108864
          64      8388608        2012.729   1073741824    134217728
          64     16777216        4208.390   2147483648    268435456
          64     33554432        9461.123   4294967296    536870912
         128            1           1.135          256           32
         128            2           0.573          512           64
         128            4           0.629         1024          128
         128            8           0.569         2048          256
         128           16           0.567         4096          512
         128           32           0.572         8192         1024
         128           64           0.557        16384         2048
         128          128           0.572        32768         4096
         128          256           0.607        65536         8192
         128          512           0.677       131072        16384
         128         1024           0.793       262144        32768
         128         2048           1.047       524288        65536
         128         4096           1.549      1048576       131072
         128         8192           2.544      2097152       262144
         128        16384           4.546      4194304       524288
         128        32768           8.538      8388608      1048576
         128        65536          16.578     16777216      2097152
         128       131072          32.574     33554432      4194304
         128       262144          64.603     67108864      8388608
         128       524288         147.274    134217728     16777216
         128      1048576         257.599    268435456     33554432
         128      2097152         505.436    536870912     67108864
         128      4194304        1051.996   1073741824    134217728
         128      8388608        2012.482   2147483648    268435456
         128     16777216        4153.654   4294967296    536870912
         256            1           1.075          512           64
         256            2           0.528         1024          128
         256            4           0.562         2048          256
         256            8           0.551         4096          512
         256           16           0.534         8192         1024
         256           32           0.534        16384         2048
         256           64           0.563        32768         4096
         256          128           0.564        65536         8192
         256          256           0.600       131072        16384
         256          512           0.653       262144        32768
         256         1024           0.804       524288        65536
         256         2048           1.093      1048576       131072
         256         4096           1.680      2097152       262144
         256         8192           2.843      4194304       524288
         256        16384           5.285      8388608      1048576
         256        32768           9.926     16777216      2097152
         256        65536          19.188     33554432      4194304
         256       131072          37.844     67108864      8388608
         256       262144          75.119    134217728     16777216
         256       524288         152.358    268435456     33554432
         256      1048576         309.554    536870912     67108864
         256      2097152         651.796   1073741824    134217728
         256      4194304        1213.736   2147483648    268435456
         256      8388608        2444.941   4294967296    536870912
         512            1           2.029         1024          128
         512            2           0.743         2048          256
         512            4           0.580         4096          512
         512            8           0.558         8192         1024
         512           16           0.558        16384         2048
         512           32           0.569        32768         4096
         512           64           0.599        65536         8192
         512          128           0.652       131072        16384
         512          256           0.767       262144        32768
         512          512           0.836       524288        65536
         512         1024           0.967      1048576       131072
         512         2048           1.397      2097152       262144
         512         4096           2.249      4194304       524288
         512         8192           3.955      8388608      1048576
         512        16384           7.366     16777216      2097152
         512        32768          14.232     33554432      4194304
         512        65536          27.897     67108864      8388608
         512       131072          55.250    134217728     16777216
         512       262144         109.987    268435456     33554432
         512       524288         219.538    536870912     67108864
         512      1048576         445.450   1073741824    134217728
         512      2097152         854.880   2147483648    268435456
         512      4194304        1748.355   4294967296    536870912
        1024            1           1.950         2048          256
        1024            2           1.449         4096          512
        1024            4           1.410         8192         1024
        1024            8           1.357        16384         2048
        1024           16           1.366        32768         4096
        1024           32           1.358        65536         8192
        1024           64           1.387       131072        16384
        1024          128           1.496       262144        32768
        1024          256           1.687       524288        65536
        1024          512           2.101      1048576       131072
        1024         1024           2.948      2097152       262144
        1024         2048           4.613      4194304       524288
        1024         4096           7.942      8388608      1048576
        1024         8192          14.537     16777216      2097152
        1024        16384          27.837     33554432      4194304
        1024        32768          54.421     67108864      8388608
        1024        65536         107.551    134217728     16777216
        1024       131072         213.790    268435456     33554432
        1024       262144        1219.071    536870912     67108864
        1024       524288        2245.281   1073741824    134217728
        1024      1048576        1247.725   2147483648    268435456
        1024      2097152        1374.789   4294967296    536870912
        2048            1           2.914         4096          512
        2048            2           0.578         8192         1024
        2048            4           0.608        16384         2048
        2048            8           0.577        32768         4096
        2048           16           0.573        65536         8192
        2048           32           0.690       131072        16384
        2048           64           0.714       262144        32768
        2048          128           0.874       524288        65536
        2048          256           1.135      1048576       131072
        2048          512           1.443      2097152       262144
        2048         1024           3.663      4194304       524288
        2048         2048           6.865      8388608      1048576
        2048         4096          13.242     16777216      2097152
        2048         8192          25.442     33554432      4194304
        2048        16384          50.889     67108864      8388608
        2048        32768         102.039    134217728     16777216
        2048        65536         204.146    268435456     33554432
        2048       131072         426.298    536870912     67108864
        2048       262144         817.158   1073741824    134217728
        2048       524288        1847.869   2147483648    268435456
        2048      1048576        3636.186   4294967296    536870912
        4096            1           2.370         8192         1024
        4096            2           0.576        16384         2048
        4096            4           0.650        32768         4096
        4096            8           0.588        65536         8192
        4096           16           0.607       131072        16384
        4096           32           0.675       262144        32768
        4096           64           0.806       524288        65536
        4096          128           1.050      1048576       131072
        4096          256           1.572      2097152       262144
        4096          512           2.621      4194304       524288
        4096         1024           4.694      8388608      1048576
        4096         2048           9.503     16777216      2097152
        4096         4096          17.745     33554432      4194304
        4096         8192          35.046     67108864      8388608
        4096        16384          67.053    134217728     16777216
        4096        32768         139.888    268435456     33554432
        4096        65536         280.908    536870912     67108864
        4096       131072         561.857   1073741824    134217728
        4096       262144        1288.468   2147483648    268435456
        4096       524288        3582.482   4294967296    536870912
        8192            1           1.542        16384         2048
        8192            2           0.604        32768         4096
        8192            4           0.629        65536         8192
        8192            8           0.700       131072        16384
        8192           16           0.709       262144        32768
        8192           32           0.839       524288        65536
        8192           64           1.118      1048576       131072
        8192          128           1.656      2097152       262144
        8192          256           2.760      4194304       524288
        8192          512           4.967      8388608      1048576
        8192         1024           9.405     16777216      2097152
        8192         2048          18.246     33554432      4194304
        8192         4096          37.044     67108864      8388608
        8192         8192          90.319    134217728     16777216
        8192        16384         151.063    268435456     33554432
        8192        32768         290.568    536870912     67108864
        8192        65536         587.151   1073741824    134217728
        8192       131072        1201.159   2147483648    268435456
        8192       262144        2399.254   4294967296    536870912
       16384            1           1.895        32768         4096
       16384            2           0.746        65536         8192
       16384            4           0.782       131072        16384
       16384            8           0.821       262144        32768
       16384           16           0.913       524288        65536
       16384           32           1.128      1048576       131072
       16384           64           1.759      2097152       262144
       16384          128           2.432      4194304       524288
       16384          256           4.116      8388608      1048576
       16384          512           7.501     16777216      2097152
       16384         1024          14.264     33554432      4194304
       16384         2048          27.793     67108864      8388608
       16384         4096          55.253    134217728     16777216
       16384         8192         122.681    268435456     33554432
       16384        16384         280.939    536870912     67108864
       16384        32768         427.506   1073741824    134217728
       16384        65536         814.610   2147483648    268435456
       16384       131072        1655.031   4294967296    536870912
       32768            1           2.568        65536         8192
       32768            2           0.904       131072        16384
       32768            4           0.951       262144        32768
       32768            8           0.995       524288        65536
       32768           16           1.156      1048576       131072
       32768           32           1.466      2097152       262144
       32768           64           2.101      4194304       524288
       32768          128           3.351      8388608      1048576
       32768          256           5.842     16777216      2097152
       32768          512          10.895     33554432      4194304
       32768         1024          31.911     67108864      8388608
       32768         2048          42.127    134217728     16777216
       32768         4096          82.316    268435456     33554432
       32768         8192         170.250    536870912     67108864
       32768        16384         329.033   1073741824    134217728
       32768        32768         674.498   2147483648    268435456
       32768        65536        1530.933   4294967296    536870912
       65536            1           4.198       131072        16384
       65536            2           1.392       262144        32768
       65536            4           1.477       524288        65536
       65536            8           1.633      1048576       131072
       65536           16           1.891      2097152       262144
       65536           32           2.465      4194304       524288
       65536           64           3.609      8388608      1048576
       65536          128           5.946     16777216      2097152
       65536          256          10.431     33554432      4194304
       65536          512          20.890     67108864      8388608
       65536         1024          40.320    134217728     16777216
       65536         2048          78.487    268435456     33554432
       65536         4096         168.603    536870912     67108864
       65536         8192         317.518   1073741824    134217728
       65536        16384         615.884   2147483648    268435456
       65536        32768        2130.953   4294967296    536870912
      131072            1           7.407       262144        32768
      131072            2           2.787       524288        65536
      131072            4           2.917      1048576       131072
      131072            8           3.207      2097152       262144
      131072           16           3.723      4194304       524288
      131072           32           4.812      8388608      1048576
      131072           64           6.999     16777216      2097152
      131072          128          11.444     33554432      4194304
      131072          256          20.127     67108864      8388608
      131072          512          37.741    134217728     16777216
      131072         1024          72.755    268435456     33554432
      131072         2048         142.879    536870912     67108864
      131072         4096         295.120   1073741824    134217728
      131072         8192         569.380   2147483648    268435456
      131072        16384        1137.281   4294967296    536870912
      262144            1          23.100       524288        65536
      262144            2          12.686      1048576       131072
      262144            4           8.047      2097152       262144
      262144            8           9.458      4194304       524288
      262144           16          12.309      8388608      1048576
      262144           32          17.961     16777216      2097152
      262144           64          29.478     33554432      4194304
      262144          128          75.916     67108864      8388608
      262144          256          98.167    134217728     16777216
      262144          512         187.164    268435456     33554432
      262144         1024         318.690    536870912     67108864
      262144         2048         419.531   1073741824    134217728
      262144         4096        2216.819   2147483648    268435456
      262144         8192        1272.002   4294967296    536870912
      524288            1          27.469      1048576       131072
      524288            2           9.409      2097152       262144
      524288            4           9.500      4194304       524288
      524288            8          10.467      8388608      1048576
      524288           16          12.496     16777216      2097152
      524288           32          16.464     33554432      4194304
      524288           64          24.496     67108864      8388608
      524288          128          40.646    134217728     16777216
      524288          256          77.781    268435456     33554432
      524288          512         138.972    536870912     67108864
      524288         1024         277.085   1073741824    134217728
      524288         2048         567.012   2147483648    268435456
      524288         4096        1131.641   4294967296    536870912
     1048576            1          57.019      2097152       262144
     1048576            2          19.392      4194304       524288
     1048576            4          19.338      8388608      1048576
     1048576            8          21.421     16777216      2097152
     1048576           16          25.530     33554432      4194304
     1048576           32          33.874     67108864      8388608
     1048576           64          58.463    134217728     16777216
     1048576          128          83.671    268435456     33554432
     1048576          256         150.204    536870912     67108864
     1048576          512         293.341   1073741824    134217728
     1048576         1024         565.460   2147483648    268435456
     1048576         2048        1315.476   4294967296    536870912
     2097152            1         156.184      4194304       524288
     2097152            2          92.487      8388608      1048576
     2097152            4          71.485     16777216      2097152
     2097152            8          66.928     33554432      4194304
     2097152           16          87.224     67108864      8388608
     2097152           32         127.816    134217728     16777216
     2097152           64         212.188    268435456     33554432
     2097152          128         381.182    536870912     67108864
     2097152          256         747.113   1073741824    134217728
     2097152          512        1411.514   2147483648    268435456
     2097152         1024        2725.739   4294967296    536870912
     4194304            1         208.093      8388608      1048576
     4194304            2         182.120     16777216      2097152
     4194304            4         190.655     33554432      4194304
     4194304            8         155.603     67108864      8388608
     4194304           16         209.644    134217728     16777216
     4194304           32         193.868    268435456     33554432
     4194304           64         262.607    536870912     67108864
     4194304          128         548.245   1073741824    134217728
     4194304          256         722.760   2147483648    268435456
     4194304          512        1287.392   4294967296    536870912
     8388608            1         412.570     16777216      2097152
     8388608            2         578.580     33554432      4194304
     8388608            4         475.438     67108864      8388608
     8388608            8         405.904    134217728     16777216
     8388608           16         420.389    268435456     33554432
     8388608           32         470.859    536870912     67108864
     8388608           64         608.539   1073741824    134217728
     8388608          128         885.102   2147483648    268435456
     8388608          256        1421.180   4294967296    536870912
    16777216            1         817.871     33554432      4194304
    16777216            2        1667.633     67108864      8388608
    16777216            4        1145.600    134217728     16777216
    16777216            8        1123.621    268435456     33554432
    16777216           16        1257.987    536870912     67108864
    16777216           32        1187.089   1073741824    134217728
    16777216           64        1504.637   2147483648    268435456
    16777216          128        2080.726   4294967296    536870912
    33554432            1        2008.259     67108864      8388608
    33554432            2        3326.102    134217728     16777216
    33554432            4        3092.923    268435456     33554432
    33554432            8        3344.065    536870912     67108864
    33554432           16        3335.412   1073741824    134217728
    33554432           32        3595.108   2147483648    268435456
    33554432           64        4562.182   4294967296    536870912
    67108864            1        3346.714    134217728     16777216
    67108864            2        7453.068    268435456     33554432
    67108864            4        6435.913    536870912     67108864
    67108864            8        6558.095   1073741824    134217728
    67108864           16        7270.444   2147483648    268435456
    67108864           32        7864.892   4294967296    536870912
   134217728            1        6750.768    268435456     33554432
   134217728            2       14200.946    536870912     67108864
   134217728            4       13609.606   1073741824    134217728
   134217728            8       13911.268   2147483648    268435456
   134217728           16       14800.379   4294967296    536870912
   268435456            1       12061.564    536870912     67108864
   268435456            2       24819.165   1073741824    134217728
   268435456            4       24976.298   2147483648    268435456
   268435456            8       25175.709   4294967296    536870912
   536870912            1       24222.832   1073741824    134217728
   536870912            2       46882.493   2147483648    268435456
   536870912            4       48070.857   4294967296    536870912
  1073741824            1       47090.166   2147483648    268435456
  1073741824            2       94998.389   4294967296    536870912
  2147483648            1       96919.061   4294967296    536870912

META_DATA
FLOPS          2
OPENMP_THREADS 2
ERT_VERSION  1.1.0
HOSTNAME  ('areeba-vm', [], ['127.0.1.1'])
UNAME  uname_result(system='Linux', node='areeba-vm', release='6.17.0-23-generic', version='#23~24.04.1-Ubuntu SMP PREEMPT_DYNAMIC Tue Apr 14 16:11:48 UTC 2', machine='x86_64')
TIMESTAMP_DATA  1778236613.2034147
CONFIG  {'ERT_RESULTS': ['roofline/mylaptop/Results'], 'ERT_DRIVER': ['driver1'], 'ERT_KERNEL': ['kernel1'], 'ERT_MPI': ['False'], 'ERT_MPI_CFLAGS': [], 'ERT_MPI_LDFLAGS': [], 'ERT_MPI_PROCS': ['1'], 'ERT_OPENMP': ['True'], 'ERT_OPENMP_CFLAGS': ['-fopenmp'], 'ERT_OPENMP_LDFLAGS': ['-fopenmp'], 'ERT_OPENMP_THREADS': ['1,2,4'], 'ERT_GPU': ['False'], 'ERT_GPU_CFLAGS': [], 'ERT_GPU_LDFLAGS': [], 'ERT_GPU_BLOCKS': ['1'], 'ERT_GPU_THREADS': ['1'], 'ERT_HIP': ['False'], 'ERT_OCL': ['False'], 'ERT_SYCL': ['False'], 'ERT_FLOPS': ['1,2,4,8'], 'ERT_ALIGN': ['32'], 'ERT_CC': ['g++'], 'ERT_CFLAGS': ['-O3', '-march=native', '-mavx2', '-mfma', '-ffast-math'], 'ERT_LD': ['g++'], 'ERT_LDFLAGS': [], 'ERT_LDLIBS': [], 'ERT_PRECISION': ['FP64'], 'ERT_PROCS_THREADS': ['6'], 'ERT_BLOCKS_THREADS': ['1'], 'ERT_WORKING_SET_MIN': ['1'], 'ERT_MEMORY_MAX': ['2147483648'], 'ERT_WSS_MULT': ['2.0'], 'ERT_TRIALS_MIN': ['1'], 'ERT_NUM_EXPERIMENTS': ['1'], 'ERT_RUN': ['OMP_NUM_THREADS=ERT_OPENMP_THREADS', './ERT_CODE'], 'ERT_GNUPLOT': ['False']}
