fp64
 32 67108864 164412.536 164412.536 164412.536 26.12311323997825 26.12311323997825 26.12311323997825 6.530778309994562 6.530778309994562 6.530778309994562
 64 33554432 78675.87 78675.87 78675.87 54.59065525427302 54.59065525427302 54.59065525427302 13.647663813568254 13.647663813568254 13.647663813568254
 128 16777216 40870.291 40870.291 40870.291 105.08775912557121 105.08775912557121 105.08775912557121 26.271939781392803 26.271939781392803 26.271939781392803
 256 8388608 21020.789 21020.789 21020.789 204.31998513471592 204.31998513471592 204.31998513471592 51.07999628367898 51.07999628367898 51.07999628367898
 512 4194304 11209.066 11209.066 11209.066 383.16906118672154 383.16906118672154 383.16906118672154 95.79226529668038 95.79226529668038 95.79226529668038
 1024 2097152 7051.567 7051.567 7051.567 609.079839417253 609.079839417253 609.079839417253 152.26995985431324 152.26995985431324 152.26995985431324
 2048 1048576 7597.983 7597.983 7597.983 565.2772974090624 565.2772974090624 565.2772974090624 141.3193243522656 141.3193243522656 141.3193243522656
 4096 524288 5314.53 5314.53 5314.53 808.1556216636279 808.1556216636279 808.1556216636279 202.03890541590698 202.03890541590698 202.03890541590698
 8192 262144 5768.877 5768.877 5768.877 744.5066511211801 744.5066511211801 744.5066511211801 186.12666278029502 186.12666278029502 186.12666278029502
 16384 131072 5083.077 5083.077 5083.077 844.9542070678843 844.9542070678843 844.9542070678843 211.23855176697109 211.23855176697109 211.23855176697109
 32768 65536 5215.108 5215.108 5215.108 823.5624834615122 823.5624834615122 823.5624834615122 205.89062086537805 205.89062086537805 205.89062086537805
 65536 32768 5002.817 5002.817 5002.817 858.5097747928818 858.5097747928818 858.5097747928818 214.62744369822045 214.62744369822045 214.62744369822045
 131072 16384 12613.282 12613.282 12613.282 340.5114779801165 340.5114779801165 340.5114779801165 85.12786949502913 85.12786949502913 85.12786949502913
 262144 8192 7347.4 7347.4 7347.4 584.5560737131503 584.5560737131503 584.5560737131503 146.13901842828759 146.13901842828759 146.13901842828759
 524288 4096 8044.223 8044.223 8044.223 533.9194718992749 533.9194718992749 533.9194718992749 133.47986797481872 133.47986797481872 133.47986797481872
 1048576 2048 9707.316 9707.316 9707.316 442.446428652369 442.446428652369 442.446428652369 110.61160716309224 110.61160716309224 110.61160716309224
 2097152 1024 7967.759 7967.759 7967.759 539.043323976039 539.043323976039 539.043323976039 134.76083099400975 134.76083099400975 134.76083099400975
 4194304 512 10140.393 10140.393 10140.393 423.5503787673713 423.5503787673713 423.5503787673713 105.88759469184282 105.88759469184282 105.88759469184282
 8388608 256 23770.372 23770.372 23770.372 180.68574172924178 180.68574172924178 180.68574172924178 45.171435432310446 45.171435432310446 45.171435432310446
 16777216 128 24752.528 24752.528 24752.528 173.51630896044236 173.51630896044236 173.51630896044236 43.37907724011059 43.37907724011059 43.37907724011059
 33554432 64 28736.729 28736.729 28736.729 149.45915716433836 149.45915716433836 149.45915716433836 37.36478929108459 37.36478929108459 37.36478929108459
 67108864 32 42406.965 42406.965 42406.965 101.27976137882068 101.27976137882068 101.27976137882068 25.31994034470517 25.31994034470517 25.31994034470517
 134217728 16 47598.154 47598.154 47598.154 90.2339047854671 90.2339047854671 90.2339047854671 22.558476196366776 22.558476196366776 22.558476196366776
 268435456 8 55043.301 55043.301 55043.301 78.02888304246143 78.02888304246143 78.02888304246143 19.507220760615358 19.507220760615358 19.507220760615358
 536870912 4 60232.081 60232.081 60232.081 71.30697171163654 71.30697171163654 71.30697171163654 17.826742927909134 17.826742927909134 17.826742927909134
 1073741824 2 85016.677 85016.677 85016.677 50.519115161370046 50.519115161370046 50.519115161370046 12.629778790342511 12.629778790342511 12.629778790342511
 2147483648 1 82917.803 82917.803 82917.803 51.79789068940961 51.79789068940961 51.79789068940961 12.949472672352403 12.949472672352403 12.949472672352403
 
META_DATA
 FLOPS          4
 OPENMP_THREADS 4
 ERT_VERSION  1.1.0
 HOSTNAME  ('areeba-vm', [], ['127.0.1.1'])
 UNAME  uname_result(system='Linux', node='areeba-vm', release='6.17.0-23-generic', version='#23~24.04.1-Ubuntu SMP PREEMPT_DYNAMIC Tue Apr 14 16:11:48 UTC 2', machine='x86_64')
 TIMESTAMP_DATA  1778236636.4642007
 CONFIG  {'ERT_RESULTS': ['roofline/mylaptop/Results'], 'ERT_DRIVER': ['driver1'], 'ERT_KERNEL': ['kernel1'], 'ERT_MPI': ['False'], 'ERT_MPI_CFLAGS': [], 'ERT_MPI_LDFLAGS': [], 'ERT_MPI_PROCS': ['1'], 'ERT_OPENMP': ['True'], 'ERT_OPENMP_CFLAGS': ['-fopenmp'], 'ERT_OPENMP_LDFLAGS': ['-fopenmp'], 'ERT_OPENMP_THREADS': ['1,2,4'], 'ERT_GPU': ['False'], 'ERT_GPU_CFLAGS': [], 'ERT_GPU_LDFLAGS': [], 'ERT_GPU_BLOCKS': ['1'], 'ERT_GPU_THREADS': ['1'], 'ERT_HIP': ['False'], 'ERT_OCL': ['False'], 'ERT_SYCL': ['False'], 'ERT_FLOPS': ['1,2,4,8'], 'ERT_ALIGN': ['32'], 'ERT_CC': ['g++'], 'ERT_CFLAGS': ['-O3', '-march=native', '-mavx2', '-mfma', '-ffast-math'], 'ERT_LD': ['g++'], 'ERT_LDFLAGS': [], 'ERT_LDLIBS': [], 'ERT_PRECISION': ['FP64'], 'ERT_PROCS_THREADS': ['6'], 'ERT_BLOCKS_THREADS': ['1'], 'ERT_WORKING_SET_MIN': ['1'], 'ERT_MEMORY_MAX': ['2147483648'], 'ERT_WSS_MULT': ['2.0'], 'ERT_TRIALS_MIN': ['1'], 'ERT_NUM_EXPERIMENTS': ['1'], 'ERT_RUN': ['OMP_NUM_THREADS=ERT_OPENMP_THREADS', './ERT_CODE'], 'ERT_GNUPLOT': ['False']}
 