fp64

32 1 3.54 3.54 3.54 0.01807909604519774 0.01807909604519774 0.01807909604519774 0.004519774011299435 0.004519774011299435 0.004519774011299435
32 2 1.2 1.2 1.2 0.10666666666666667 0.10666666666666667 0.10666666666666667 0.02666666666666667 0.02666666666666667 0.02666666666666667
32 4 1.357 1.357 1.357 0.18865143699336775 0.18865143699336775 0.18865143699336775 0.04716285924834194 0.04716285924834194 0.04716285924834194
32 8 1.195 1.195 1.195 0.4284518828451883 0.4284518828451883 0.4284518828451883 0.10711297071129708 0.10711297071129708 0.10711297071129708
32 16 1.203 1.203 1.203 0.8512053200332501 0.8512053200332501 0.8512053200332501 0.21280133000831253 0.21280133000831253 0.21280133000831253
32 32 1.23 1.23 1.23 1.665040650406504 1.665040650406504 1.665040650406504 0.416260162601626 0.416260162601626 0.416260162601626
32 64 1.363 1.363 1.363 3.0051357300073374 3.0051357300073374 3.0051357300073374 0.7512839325018343 0.7512839325018343 0.7512839325018343
32 128 1.672 1.672 1.672 4.899521531100479 4.899521531100479 4.899521531100479 1.2248803827751198 1.2248803827751198 1.2248803827751198
32 256 2.28 2.28 2.28 7.185964912280703 7.185964912280703 7.185964912280703 1.7964912280701757 1.7964912280701757 1.7964912280701757
32 512 3.496 3.496 3.496 9.37299771167048 9.37299771167048 9.37299771167048 2.34324942791762 2.34324942791762 2.34324942791762
32 1024 5.913 5.913 5.913 11.08337561305598 11.08337561305598 11.08337561305598 2.770843903263995 2.770843903263995 2.770843903263995
32 2048 10.78 10.78 10.78 12.158812615955474 12.158812615955474 12.158812615955474 3.0397031539888686 3.0397031539888686 3.0397031539888686
32 4096 20.499 20.499 20.499 12.788136006634472 12.788136006634472 12.788136006634472 3.197034001658618 3.197034001658618 3.197034001658618
32 8192 39.963 39.963 39.963 13.119335385231338 13.119335385231338 13.119335385231338 3.2798338463078345 3.2798338463078345 3.2798338463078345
32 16384 78.825 78.825 78.825 13.302581668252458 13.302581668252458 13.302581668252458 3.3256454170631145 3.3256454170631145 3.3256454170631145
32 32768 173.286 173.286 173.286 12.10225869372021 12.10225869372021 12.10225869372021 3.0255646734300523 3.0255646734300523 3.0255646734300523
32 65536 306.293 306.293 306.293 13.693763814386879 13.693763814386879 13.693763814386879 3.4234409535967196 3.4234409535967196 3.4234409535967196
32 131072 592.119 592.119 592.119 14.167098167766953 14.167098167766953 14.167098167766953 3.5417745419417384 3.5417745419417384 3.5417745419417384
32 262144 1155.543 1155.543 1155.543 14.518902368843047 14.518902368843047 14.518902368843047 3.629725592210762 3.629725592210762 3.629725592210762
32 524288 2089.7 2089.7 2089.7 16.057056993826865 16.057056993826865 16.057056993826865 4.014264248456716 4.014264248456716 4.014264248456716
32 1048576 4180.68 4180.68 4180.68 16.052140800061235 16.052140800061235 16.052140800061235 4.013035200015309 4.013035200015309 4.013035200015309
32 2097152 9146.966 9146.966 9146.966 14.673469651029642 14.673469651029642 14.673469651029642 3.6683674127574104 3.6683674127574104 3.6683674127574104
32 4194304 18954.641 18954.641 18954.641 14.161991039555959 14.161991039555959 14.161991039555959 3.5404977598889897 3.5404977598889897 3.5404977598889897
32 8388608 31126.569 31126.569 31126.569 17.247995177367606 17.247995177367606 17.247995177367606 4.311998794341902 4.311998794341902 4.311998794341902
32 16777216 62458.712 62458.712 62458.712 17.191225845323228 17.191225845323228 17.191225845323228 4.297806461330807 4.297806461330807 4.297806461330807
32 33554432 116447.643 116447.643 116447.643 18.441624000925465 18.441624000925465 18.441624000925465 4.610406000231366 4.610406000231366 4.610406000231366
32 67108864 164412.536 164412.536 164412.536 26.12311323997825 26.12311323997825 26.12311323997825 6.530778309994562 6.530778309994562 6.530778309994562

64 1 0.844 0.844 0.844 0.15165876777251186 0.15165876777251186 0.15165876777251186 0.037914691943127965 0.037914691943127965 0.037914691943127965
64 2 0.574 0.574 0.574 0.44599303135888513 0.44599303135888513 0.44599303135888513 0.11149825783972128 0.11149825783972128 0.11149825783972128
64 4 0.634 0.634 0.634 0.8075709779179812 0.8075709779179812 0.8075709779179812 0.2018927444794953 0.2018927444794953 0.2018927444794953
64 8 0.565 0.565 0.565 1.8123893805309736 1.8123893805309736 1.8123893805309736 0.4530973451327434 0.4530973451327434 0.4530973451327434
64 16 0.582 0.582 0.582 3.518900343642612 3.518900343642612 3.518900343642612 0.879725085910653 0.879725085910653 0.879725085910653
64 32 0.573 0.573 0.573 7.148342059336825 7.148342059336825 7.148342059336825 1.7870855148342062 1.7870855148342062 1.7870855148342062
64 64 0.632 0.632 0.632 12.962025316455696 12.962025316455696 12.962025316455696 3.240506329113924 3.240506329113924 3.240506329113924
64 128 0.775 0.775 0.775 21.140645161290323 21.140645161290323 21.140645161290323 5.285161290322581 5.285161290322581 5.285161290322581
64 256 1.057 1.057 1.057 31.00094607379376 31.00094607379376 31.00094607379376 7.75023651844844 7.75023651844844 7.75023651844844
64 512 1.613 1.613 1.613 40.629882207067574 40.629882207067574 40.629882207067574 10.157470551766894 10.157470551766894 10.157470551766894
64 1024 2.74 2.74 2.74 47.83649635036497 47.83649635036497 47.83649635036497 11.959124087591242 11.959124087591242 11.959124087591242
64 2048 4.992 4.992 4.992 52.51282051282052 52.51282051282052 52.51282051282052 13.12820512820513 13.12820512820513 13.12820512820513
64 4096 9.512 9.512 9.512 55.11858704793945 55.11858704793945 55.11858704793945 13.779646761984862 13.779646761984862 13.779646761984862
64 8192 18.243 18.243 18.243 57.47826563613442 57.47826563613442 57.47826563613442 14.369566409033604 14.369566409033604 14.369566409033604
64 16384 37.401 37.401 37.401 56.07208363412743 56.07208363412743 56.07208363412743 14.018020908531858 14.018020908531858 14.018020908531858
64 32768 73.618 73.618 73.618 56.97389225461165 56.97389225461165 56.97389225461165 14.243473063652912 14.243473063652912 14.243473063652912
64 65536 147.605 147.605 147.605 56.83146234883643 56.83146234883643 56.83146234883643 14.207865587209108 14.207865587209108 14.207865587209108
64 131072 295.418 295.418 295.418 56.79144804988187 56.79144804988187 56.79144804988187 14.197862012470468 14.197862012470468 14.197862012470468
64 262144 594.151 594.151 594.151 56.47458642668279 56.47458642668279 56.47458642668279 14.118646606670698 14.118646606670698 14.118646606670698
64 524288 1192.195 1192.195 1192.195 56.290174006769035 56.290174006769035 56.290174006769035 14.072543501692259 14.072543501692259 14.072543501692259
64 1048576 2377.928 2377.928 2377.928 56.44314209681706 56.44314209681706 56.44314209681706 14.110785524204266 14.110785524204266 14.110785524204266
64 2097152 4758.35 4758.35 4758.35 56.41355848140637 56.41355848140637 56.41355848140637 14.103389620351592 14.103389620351592 14.103389620351592
64 4194304 9517.101 9517.101 9517.101 56.4111815142027 56.4111815142027 56.4111815142027 14.102795378550676 14.102795378550676 14.102795378550676
64 8388608 20403.734 20403.734 20403.734 52.6247707404929 52.6247707404929 52.6247707404929 13.156192685123225 13.156192685123225 13.156192685123225
64 16777216 38712.04 38712.04 38712.04 55.47327518777104 55.47327518777104 55.47327518777104 13.86831879694276 13.86831879694276 13.86831879694276
64 33554432 78675.87 78675.87 78675.87 54.59065525427302 54.59065525427302 54.59065525427302 13.647663813568254 13.647663813568254 13.647663813568254

128 1 2.213 2.213 2.213 0.11568007230004518 0.11568007230004518 0.11568007230004518 0.028920018075011295 0.028920018075011295 0.028920018075011295
128 2 0.603 0.603 0.603 0.8490878938640133 0.8490878938640133 0.8490878938640133 0.21227197346600332 0.21227197346600332 0.21227197346600332
128 4 0.608 0.608 0.608 1.6842105263157898 1.6842105263157898 1.6842105263157898 0.42105263157894746 0.42105263157894746 0.42105263157894746
128 8 0.636 0.636 0.636 3.220125786163522 3.220125786163522 3.220125786163522 0.8050314465408805 0.8050314465408805 0.8050314465408805
128 16 0.582 0.582 0.582 7.037800687285224 7.037800687285224 7.037800687285224 1.759450171821306 1.759450171821306 1.759450171821306
128 32 0.592 0.592 0.592 13.837837837837839 13.837837837837839 13.837837837837839 3.4594594594594597 3.4594594594594597 3.4594594594594597
128 64 0.674 0.674 0.674 24.30860534124629 24.30860534124629 24.30860534124629 6.077151335311573 6.077151335311573 6.077151335311573
128 128 0.862 0.862 0.862 38.0139211136891 38.0139211136891 38.0139211136891 9.503480278422275 9.503480278422275 9.503480278422275
128 256 1.139 1.139 1.139 57.53819139596137 57.53819139596137 57.53819139596137 14.384547848990342 14.384547848990342 14.384547848990342
128 512 1.749 1.749 1.749 74.94110920526015 74.94110920526015 74.94110920526015 18.735277301315037 18.735277301315037 18.735277301315037
128 1024 2.958 2.958 2.958 88.62204192021636 88.62204192021636 88.62204192021636 22.15551048005409 22.15551048005409 22.15551048005409
128 2048 5.44 5.44 5.44 96.37647058823529 96.37647058823529 96.37647058823529 24.094117647058823 24.094117647058823 24.094117647058823
128 4096 10.27 10.27 10.27 102.10087633885102 102.10087633885102 102.10087633885102 25.525219084712756 25.525219084712756 25.525219084712756
128 8192 25.498 25.498 25.498 82.24770570240803 82.24770570240803 82.24770570240803 20.561926425602007 20.561926425602007 20.561926425602007
128 16384 40.33 40.33 40.33 103.99960327299779 103.99960327299779 103.99960327299779 25.999900818249447 25.999900818249447 25.999900818249447
128 32768 86.246 86.246 86.246 97.26373397027109 97.26373397027109 97.26373397027109 24.315933492567773 24.315933492567773 24.315933492567773
128 65536 160.081 160.081 160.081 104.80454270025801 104.80454270025801 104.80454270025801 26.201135675064503 26.201135675064503 26.201135675064503
128 131072 314.819 314.819 314.819 106.58324942268413 106.58324942268413 106.58324942268413 26.645812355671033 26.645812355671033 26.645812355671033
128 262144 632.469 632.469 632.469 106.10617121155344 106.10617121155344 106.10617121155344 26.52654280288836 26.52654280288836 26.52654280288836
128 524288 1278.324 1278.324 1278.324 104.9950779301648 104.9950779301648 104.9950779301648 26.2487694825412 26.2487694825412 26.2487694825412
128 1048576 2560.109 2560.109 2560.109 104.85313555008791 104.85313555008791 104.85313555008791 26.21328388752198 26.21328388752198 26.21328388752198
128 2097152 5138.637 5138.637 5138.637 104.4772985521258 104.4772985521258 104.4772985521258 26.11932463803145 26.11932463803145 26.11932463803145
128 4194304 10230.712 10230.712 10230.712 104.95279546526186 104.95279546526186 104.95279546526186 26.238198866315464 26.238198866315464 26.238198866315464
128 8388608 20135.399 20135.399 20135.399 106.65215265910548 106.65215265910548 106.65215265910548 26.66303816477637 26.66303816477637 26.66303816477637
128 16777216 40870.291 40870.291 40870.291 105.08775912557121 105.08775912557121 105.08775912557121 26.271939781392803 26.271939781392803 26.271939781392803

256 1 0.931 0.931 0.931 0.5499462943071965 0.5499462943071965 0.5499462943071965 0.13748657357679914 0.13748657357679914 0.13748657357679914
256 2 0.59 0.59 0.59 1.7355932203389832 1.7355932203389832 1.7355932203389832 0.4338983050847458 0.4338983050847458 0.4338983050847458
256 4 0.599 0.599 0.599 3.4190317195325544 3.4190317195325544 3.4190317195325544 0.8547579298831386 0.8547579298831386 0.8547579298831386
256 8 0.622 0.622 0.622 6.585209003215434 6.585209003215434 6.585209003215434 1.6463022508038585 1.6463022508038585 1.6463022508038585
256 16 0.6 0.6 0.6 13.653333333333334 13.653333333333334 13.653333333333334 3.4133333333333336 3.4133333333333336 3.4133333333333336
256 32 0.606 0.606 0.606 27.036303630363037 27.036303630363037 27.036303630363037 6.759075907590759 6.759075907590759 6.759075907590759
256 64 0.679 0.679 0.679 48.25920471281296 48.25920471281296 48.25920471281296 12.06480117820324 12.06480117820324 12.06480117820324
256 128 0.834 0.834 0.834 78.58033573141488 78.58033573141488 78.58033573141488 19.64508393285372 19.64508393285372 19.64508393285372
256 256 42.682 42.682 42.682 3.0708963966074694 3.0708963966074694 3.0708963966074694 0.7677240991518673 0.7677240991518673 0.7677240991518673
256 512 1.771 1.771 1.771 148.0203274985884 148.0203274985884 148.0203274985884 37.0050818746471 37.0050818746471 37.0050818746471
256 1024 2.972 2.972 2.972 176.40915208613728 176.40915208613728 176.40915208613728 44.10228802153432 44.10228802153432 44.10228802153432
256 2048 6.125 6.125 6.125 171.1960816326531 171.1960816326531 171.1960816326531 42.79902040816327 42.79902040816327 42.79902040816327
256 4096 10.15 10.15 10.15 206.615960591133 206.615960591133 206.615960591133 51.65399014778325 51.65399014778325 51.65399014778325
256 8192 20.632 20.632 20.632 203.29119813881348 203.29119813881348 203.29119813881348 50.82279953470337 50.82279953470337 50.82279953470337
256 16384 61.652 61.652 61.652 136.0638422111205 136.0638422111205 136.0638422111205 34.01596055278012 34.01596055278012 34.01596055278012
256 32768 85.013 85.013 85.013 197.34882900262312 197.34882900262312 197.34882900262312 49.33720725065578 49.33720725065578 49.33720725065578
256 65536 170.798 170.798 170.798 196.45682033747468 196.45682033747468 196.45682033747468 49.11420508436867 49.11420508436867 49.11420508436867
256 131072 328.171 328.171 328.171 204.49358413753808 204.49358413753808 204.49358413753808 51.12339603438452 51.12339603438452 51.12339603438452
256 262144 656.449 656.449 656.449 204.46025205309175 204.46025205309175 204.46025205309175 51.11506301327294 51.11506301327294 51.11506301327294
256 524288 1285.63 1285.63 1285.63 208.79682023599324 208.79682023599324 208.79682023599324 52.19920505899831 52.19920505899831 52.19920505899831
256 1048576 2572.665 2572.665 2572.665 208.68279080253356 208.68279080253356 208.68279080253356 52.17069770063339 52.17069770063339 52.17069770063339
256 2097152 5114.995 5114.995 5114.995 209.92040539629073 209.92040539629073 209.92040539629073 52.48010134907268 52.48010134907268 52.48010134907268
256 4194304 10316.722 10316.722 10316.722 208.15561842220814 208.15561842220814 208.15561842220814 52.038904605552034 52.038904605552034 52.038904605552034
256 8388608 21020.789 21020.789 21020.789 204.31998513471592 204.31998513471592 204.31998513471592 51.07999628367898 51.07999628367898 51.07999628367898

512 1 1.086 1.086 1.086 0.9429097605893186 0.9429097605893186 0.9429097605893186 0.23572744014732966 0.23572744014732966 0.23572744014732966
512 2 0.613 0.613 0.613 3.34094616639478 3.34094616639478 3.34094616639478 0.835236541598695 0.835236541598695 0.835236541598695
512 4 0.669 0.669 0.669 6.122571001494768 6.122571001494768 6.122571001494768 1.530642750373692 1.530642750373692 1.530642750373692
512 8 0.594 0.594 0.594 13.791245791245794 13.791245791245794 13.791245791245794 3.4478114478114485 3.4478114478114485 3.4478114478114485
512 16 0.633 0.633 0.633 25.88309636650869 25.88309636650869 25.88309636650869 6.470774091627172 6.470774091627172 6.470774091627172
512 32 0.624 0.624 0.624 52.51282051282052 52.51282051282052 52.51282051282052 13.12820512820513 13.12820512820513 13.12820512820513
512 64 0.671 0.671 0.671 97.66915052160954 97.66915052160954 97.66915052160954 24.417287630402384 24.417287630402384 24.417287630402384
512 128 0.804 0.804 0.804 163.02487562189054 163.02487562189054 163.02487562189054 40.756218905472636 40.756218905472636 40.756218905472636
512 256 1.097 1.097 1.097 238.9644484958979 238.9644484958979 238.9644484958979 59.741112123974474 59.741112123974474 59.741112123974474
512 512 1.679 1.679 1.679 312.26206075044666 312.26206075044666 312.26206075044666 78.06551518761167 78.06551518761167 78.06551518761167
512 1024 2.591 2.591 2.591 404.69934388267075 404.69934388267075 404.69934388267075 101.17483597066769 101.17483597066769 101.17483597066769
512 2048 6.075 6.075 6.075 345.2102057613169 345.2102057613169 345.2102057613169 86.30255144032922 86.30255144032922 86.30255144032922
512 4096 11.38 11.38 11.38 368.5680140597539 368.5680140597539 368.5680140597539 92.14200351493848 92.14200351493848 92.14200351493848
512 8192 21.456 21.456 21.456 390.9679343773304 390.9679343773304 390.9679343773304 97.7419835943326 97.7419835943326 97.7419835943326
512 16384 43.428 43.428 43.428 386.32255687574843 386.32255687574843 386.32255687574843 96.58063921893711 96.58063921893711 96.58063921893711
512 32768 86.405 86.405 86.405 388.33900815925006 388.33900815925006 388.33900815925006 97.08475203981251 97.08475203981251 97.08475203981251
512 65536 173.149 173.149 173.149 387.57869811549597 387.57869811549597 387.57869811549597 96.89467452887399 96.89467452887399 96.89467452887399
512 131072 338.687 338.687 338.687 396.28839607070836 396.28839607070836 396.28839607070836 99.07209901767709 99.07209901767709 99.07209901767709
512 262144 631.948 631.948 631.948 424.77459537810074 424.77459537810074 424.77459537810074 106.19364884452519 106.19364884452519 106.19364884452519
512 524288 1299.63 1299.63 1299.63 413.0951978640074 413.0951978640074 413.0951978640074 103.27379946600185 103.27379946600185 103.27379946600185
512 1048576 2552.771 2552.771 2552.771 420.6181533713757 420.6181533713757 420.6181533713757 105.15453834284392 105.15453834284392 105.15453834284392
512 2097152 5162.898 5162.898 5162.898 415.9453950087722 415.9453950087722 415.9453950087722 103.98634875219305 103.98634875219305 103.98634875219305
512 4194304 11209.066 11209.066 11209.066 383.16906118672154 383.16906118672154 383.16906118672154 95.79226529668038 95.79226529668038 95.79226529668038

1024 1 0.938 0.938 0.938 2.1833688699360345 2.1833688699360345 2.1833688699360345 0.5458422174840086 0.5458422174840086 0.5458422174840086
1024 2 0.83 0.83 0.83 4.934939759036145 4.934939759036145 4.934939759036145 1.2337349397590363 1.2337349397590363 1.2337349397590363
1024 4 0.617 0.617 0.617 13.27714748784441 13.27714748784441 13.27714748784441 3.3192868719611024 3.3192868719611024 3.3192868719611024
1024 8 0.623 0.623 0.623 26.298555377207062 26.298555377207062 26.298555377207062 6.574638844301766 6.574638844301766 6.574638844301766
1024 16 0.625 0.625 0.625 52.4288 52.4288 52.4288 13.1072 13.1072 13.1072
1024 32 0.678 0.678 0.678 96.66076696165192 96.66076696165192 96.66076696165192 24.16519174041298 24.16519174041298 24.16519174041298
1024 64 0.815 0.815 0.815 160.82453987730065 160.82453987730065 160.82453987730065 40.20613496932516 40.20613496932516 40.20613496932516
1024 128 0.726 0.726 0.726 361.07988980716254 361.07988980716254 361.07988980716254 90.26997245179064 90.26997245179064 90.26997245179064
1024 256 2.709 2.709 2.709 193.53562200073827 193.53562200073827 193.53562200073827 48.38390550018457 48.38390550018457 48.38390550018457
1024 512 4.213 4.213 4.213 248.89057678613815 248.89057678613815 248.89057678613815 62.22264419653454 62.22264419653454 62.22264419653454
1024 1024 7.007 7.007 7.007 299.2938490081347 299.2938490081347 299.2938490081347 74.82346225203368 74.82346225203368 74.82346225203368
1024 2048 13.025 13.025 13.025 322.01950095969295 322.01950095969295 322.01950095969295 80.50487523992324 80.50487523992324 80.50487523992324
1024 4096 68.439 68.439 68.439 122.57058110141881 122.57058110141881 122.57058110141881 30.642645275354703 30.642645275354703 30.642645275354703
1024 8192 52.766 52.766 52.766 317.95504681044616 317.95504681044616 317.95504681044616 79.48876170261154 79.48876170261154 79.48876170261154
1024 16384 106.957 106.957 106.957 313.71889637891866 313.71889637891866 313.71889637891866 78.42972409472966 78.42972409472966 78.42972409472966
1024 32768 176.136 176.136 176.136 381.00594994776765 381.00594994776765 381.00594994776765 95.25148748694191 95.25148748694191 95.25148748694191
1024 65536 399.649 399.649 399.649 335.8390187389434 335.8390187389434 335.8390187389434 83.95975468473586 83.95975468473586 83.95975468473586
1024 131072 830.751 830.751 830.751 323.12384336582204 323.12384336582204 323.12384336582204 80.78096084145551 80.78096084145551 80.78096084145551
1024 262144 797.782 797.782 797.782 672.954406090887 672.954406090887 672.954406090887 168.23860152272175 168.23860152272175 168.23860152272175
1024 524288 1578.903 1578.903 1578.903 680.0555980956399 680.0555980956399 680.0555980956399 170.01389952390997 170.01389952390997 170.01389952390997
1024 1048576 3182.833 3182.833 3182.833 674.7082388551332 674.7082388551332 674.7082388551332 168.6770597137833 168.6770597137833 168.6770597137833
1024 2097152 7051.567 7051.567 7051.567 609.079839417253 609.079839417253 609.079839417253 152.26995985431324 152.26995985431324 152.26995985431324

2048 1 0.996 0.996 0.996 4.112449799196787 4.112449799196787 4.112449799196787 1.0281124497991967 1.0281124497991967 1.0281124497991967
2048 2 0.615 0.615 0.615 13.320325203252033 13.320325203252033 13.320325203252033 3.330081300813008 3.330081300813008 3.330081300813008
2048 4 0.625 0.625 0.625 26.2144 26.2144 26.2144 6.5536 6.5536 6.5536
2048 8 0.637 0.637 0.637 51.44113029827316 51.44113029827316 51.44113029827316 12.86028257456829 12.86028257456829 12.86028257456829
2048 16 0.655 0.655 0.655 100.05496183206108 100.05496183206108 100.05496183206108 25.01374045801527 25.01374045801527 25.01374045801527
2048 32 0.748 0.748 0.748 175.2299465240642 175.2299465240642 175.2299465240642 43.80748663101605 43.80748663101605 43.80748663101605
2048 64 0.927 0.927 0.927 282.78748651564183 282.78748651564183 282.78748651564183 70.69687162891046 70.69687162891046 70.69687162891046
2048 128 1.315 1.315 1.315 398.6980988593156 398.6980988593156 398.6980988593156 99.6745247148289 99.6745247148289 99.6745247148289
2048 256 2.067 2.067 2.067 507.2936623125302 507.2936623125302 507.2936623125302 126.82341557813255 126.82341557813255 126.82341557813255
2048 512 3.576 3.576 3.576 586.4519015659955 586.4519015659955 586.4519015659955 146.61297539149888 146.61297539149888 146.61297539149888
2048 1024 6.577 6.577 6.577 637.7229740003041 637.7229740003041 637.7229740003041 159.43074350007603 159.43074350007603 159.43074350007603
2048 2048 12.236 12.236 12.236 685.5678326250409 685.5678326250409 685.5678326250409 171.39195815626022 171.39195815626022 171.39195815626022
2048 4096 23.125 23.125 23.125 725.5012324324325 725.5012324324325 725.5012324324325 181.37530810810813 181.37530810810813 181.37530810810813
2048 8192 44.1 44.1 44.1 760.8714739229025 760.8714739229025 760.8714739229025 190.21786848072563 190.21786848072563 190.21786848072563
2048 16384 97.8 97.8 97.8 686.1847034764827 686.1847034764827 686.1847034764827 171.54617586912067 171.54617586912067 171.54617586912067
2048 32768 169.273 169.273 169.273 792.9068900533458 792.9068900533458 792.9068900533458 198.22672251333645 198.22672251333645 198.22672251333645
2048 65536 343.019 343.019 343.019 782.5673096825541 782.5673096825541 782.5673096825541 195.64182742063852 195.64182742063852 195.64182742063852
2048 131072 657.567 657.567 657.567 816.450509225676 816.450509225676 816.450509225676 204.112627306419 204.112627306419 204.112627306419
2048 262144 1228.304 1228.304 1228.304 874.1661868723052 874.1661868723052 874.1661868723052 218.5415467180763 218.5415467180763 218.5415467180763
2048 524288 2757.572 2757.572 2757.572 778.7588675835118 778.7588675835118 778.7588675835118 194.68971689587795 194.68971689587795 194.68971689587795
2048 1048576 7597.983 7597.983 7597.983 565.2772974090624 565.2772974090624 565.2772974090624 141.3193243522656 141.3193243522656 141.3193243522656

4096 1 1.709 1.709 1.709 4.793446459918081 4.793446459918081 4.793446459918081 1.1983616149795202 1.1983616149795202 1.1983616149795202
4096 2 0.862 0.862 0.862 19.00696055684455 19.00696055684455 19.00696055684455 4.751740139211138 4.751740139211138 4.751740139211138
4096 4 0.724 0.724 0.724 45.2596685082873 45.2596685082873 45.2596685082873 11.314917127071825 11.314917127071825 11.314917127071825
4096 8 0.727 0.727 0.727 90.14580467675378 90.14580467675378 90.14580467675378 22.536451169188446 22.536451169188446 22.536451169188446
4096 16 0.766 0.766 0.766 171.11227154046998 171.11227154046998 171.11227154046998 42.778067885117494 42.778067885117494 42.778067885117494
4096 32 0.918 0.918 0.918 285.55991285403053 285.55991285403053 285.55991285403053 71.38997821350763 71.38997821350763 71.38997821350763
4096 64 1.211 1.211 1.211 432.93806771263417 432.93806771263417 432.93806771263417 108.23451692815854 108.23451692815854 108.23451692815854
4096 128 1.787 1.787 1.787 586.7800783435927 586.7800783435927 586.7800783435927 146.69501958589817 146.69501958589817 146.69501958589817
4096 256 3.459 3.459 3.459 606.2885226944203 606.2885226944203 606.2885226944203 151.57213067360507 151.57213067360507 151.57213067360507
4096 512 6.956 6.956 6.956 602.9764232317424 602.9764232317424 602.9764232317424 150.7441058079356 150.7441058079356 150.7441058079356
4096 1024 13.952 13.952 13.952 601.2477064220184 601.2477064220184 601.2477064220184 150.3119266055046 150.3119266055046 150.3119266055046
4096 2048 26.957 26.957 26.957 622.3695515079571 622.3695515079571 622.3695515079571 155.59238787698928 155.59238787698928 155.59238787698928
4096 4096 53.743 53.743 53.743 624.3498129989022 624.3498129989022 624.3498129989022 156.08745324972554 156.08745324972554 156.08745324972554
4096 8192 101.088 101.088 101.088 663.8657803102249 663.8657803102249 663.8657803102249 165.96644507755622 165.96644507755622 165.96644507755622
4096 16384 242.693 242.693 242.693 553.0350195514497 553.0350195514497 553.0350195514497 138.25875488786244 138.25875488786244 138.25875488786244
4096 32768 325.936 325.936 325.936 823.5833292425508 823.5833292425508 823.5833292425508 205.8958323106377 205.8958323106377 205.8958323106377
4096 65536 544.497 544.497 544.497 985.9942515753073 985.9942515753073 985.9942515753073 246.49856289382683 246.49856289382683 246.49856289382683
4096 131072 987.193 987.193 987.193 1087.6716346246378 1087.6716346246378 1087.6716346246378 271.91790865615945 271.91790865615945 271.91790865615945
4096 262144 2091.002 2091.002 2091.002 1027.011761825192 1027.011761825192 1027.011761825192 256.752940456298 256.752940456298 256.752940456298
4096 524288 5314.53 5314.53 5314.53 808.1556216636279 808.1556216636279 808.1556216636279 202.03890541590698 202.03890541590698 202.03890541590698

8192 1 0.806 0.806 0.806 20.327543424317618 20.327543424317618 20.327543424317618 5.0818858560794045 5.0818858560794045 5.0818858560794045
8192 2 0.887 0.887 0.887 36.94250281848929 36.94250281848929 36.94250281848929 9.235625704622322 9.235625704622322 9.235625704622322
8192 4 0.769 0.769 0.769 85.22236671001302 85.22236671001302 85.22236671001302 21.305591677503255 21.305591677503255 21.305591677503255
8192 8 0.835 0.835 0.835 156.9724550898204 156.9724550898204 156.9724550898204 39.2431137724551 39.2431137724551 39.2431137724551
8192 16 1.004 1.004 1.004 261.0996015936255 261.0996015936255 261.0996015936255 65.27490039840637 65.27490039840637 65.27490039840637
8192 32 1.331 1.331 1.331 393.9053343350864 393.9053343350864 393.9053343350864 98.4763335837716 98.4763335837716 98.4763335837716
8192 64 1.957 1.957 1.957 535.807869187532 535.807869187532 535.807869187532 133.951967296883 133.951967296883 133.951967296883
8192 128 3.229 3.229 3.229 649.4741406008053 649.4741406008053 649.4741406008053 162.36853515020132 162.36853515020132 162.36853515020132
8192 256 5.789 5.789 5.789 724.529970633961 724.529970633961 724.529970633961 181.13249265849026 181.13249265849026 181.13249265849026
8192 512 10.942 10.942 10.942 766.6430268689454 766.6430268689454 766.6430268689454 191.66075671723635 191.66075671723635 191.66075671723635
8192 1024 19.931 19.931 19.931 841.7648888665898 841.7648888665898 841.7648888665898 210.44122221664745 210.44122221664745 210.44122221664745
8192 2048 39.237 39.237 39.237 855.1732293498483 855.1732293498483 855.1732293498483 213.79330733746207 213.79330733746207 213.79330733746207
8192 4096 101.76 101.76 101.76 659.4817610062894 659.4817610062894 659.4817610062894 164.87044025157235 164.87044025157235 164.87044025157235
8192 8192 165.115 165.115 165.115 812.8742270538714 812.8742270538714 812.8742270538714 203.21855676346786 203.21855676346786 203.21855676346786
8192 16384 601.319 601.319 601.319 446.41106633916445 446.41106633916445 446.41106633916445 111.60276658479111 111.60276658479111 111.60276658479111
8192 32768 683.254 683.254 683.254 785.755973620352 785.755973620352 785.755973620352 196.438993405088 196.438993405088 196.438993405088
8192 65536 1137.046 1137.046 1137.046 944.325756389803 944.325756389803 944.325756389803 236.08143909745075 236.08143909745075 236.08143909745075
8192 131072 2352.288 2352.288 2352.288 912.9339808730904 912.9339808730904 912.9339808730904 228.2334952182726 228.2334952182726 228.2334952182726
8192 262144 5768.877 5768.877 5768.877 744.5066511211801 744.5066511211801 744.5066511211801 186.12666278029502 186.12666278029502 186.12666278029502

16384 1 2.378 2.378 2.378 13.779646761984862 13.779646761984862 13.779646761984862 3.4449116904962156 3.4449116904962156 3.4449116904962156
16384 2 0.997 0.997 0.997 65.7331995987964 65.7331995987964 65.7331995987964 16.4332998996991 16.4332998996991 16.4332998996991
16384 4 0.86 0.86 0.86 152.4093023255814 152.4093023255814 152.4093023255814 38.10232558139535 38.10232558139535 38.10232558139535
16384 8 0.964 0.964 0.964 271.9336099585062 271.9336099585062 271.9336099585062 67.98340248962656 67.98340248962656 67.98340248962656
16384 16 1.258 1.258 1.258 416.76311605723373 416.76311605723373 416.76311605723373 104.19077901430843 104.19077901430843 104.19077901430843
16384 32 1.778 1.778 1.778 589.7502812148482 589.7502812148482 589.7502812148482 147.43757030371205 147.43757030371205 147.43757030371205
16384 64 4.587 4.587 4.587 457.19468061914114 457.19468061914114 457.19468061914114 114.29867015478528 114.29867015478528 114.29867015478528
16384 128 7.661 7.661 7.661 547.4877953269809 547.4877953269809 547.4877953269809 136.87194883174521 136.87194883174521 136.87194883174521
16384 256 14.399 14.399 14.399 582.582679352733 582.582679352733 582.582679352733 145.64566983818324 145.64566983818324 145.64566983818324
16384 512 26.675 26.675 26.675 628.949053420806 628.949053420806 628.949053420806 157.2372633552015 157.2372633552015 157.2372633552015
16384 1024 72.046 72.046 72.046 465.7362240790606 465.7362240790606 465.7362240790606 116.43405601976515 116.43405601976515 116.43405601976515
16384 2048 197.052 197.052 197.052 340.56423685118654 340.56423685118654 340.56423685118654 85.14105921279663 85.14105921279663 85.14105921279663
16384 4096 174.675 174.675 174.675 768.3854472591956 768.3854472591956 768.3854472591956 192.0963618147989 192.0963618147989 192.0963618147989
16384 8192 338.945 338.945 338.945 791.9734942247268 791.9734942247268 791.9734942247268 197.9933735561817 197.9933735561817 197.9933735561817
16384 16384 609.903 609.903 609.903 880.2562243504294 880.2562243504294 880.2562243504294 220.06405608760736 220.06405608760736 220.06405608760736
16384 32768 1668.176 1668.176 1668.176 643.6621939171887 643.6621939171887 643.6621939171887 160.91554847929717 160.91554847929717 160.91554847929717
16384 65536 2357.106 2357.106 2357.106 911.0679146376955 911.0679146376955 911.0679146376955 227.76697865942387 227.76697865942387 227.76697865942387
16384 131072 5083.077 5083.077 5083.077 844.9542070678843 844.9542070678843 844.9542070678843 211.23855176697109 211.23855176697109 211.23855176697109

32768 1 2.121 2.121 2.121 30.8986327204149 30.8986327204149 30.8986327204149 7.724658180103725 7.724658180103725 7.724658180103725
32768 2 0.985 0.985 0.985 133.06802030456856 133.06802030456856 133.06802030456856 33.26700507614214 33.26700507614214 33.26700507614214
32768 4 1.069 1.069 1.069 245.22357343311512 245.22357343311512 245.22357343311512 61.30589335827878 61.30589335827878 61.30589335827878
32768 8 1.346 1.346 1.346 389.5156017830609 389.5156017830609 389.5156017830609 97.37890044576523 97.37890044576523 97.37890044576523
32768 16 1.971 1.971 1.971 532.0020294266869 532.0020294266869 532.0020294266869 133.00050735667173 133.00050735667173 133.00050735667173
32768 32 3.237 3.237 3.237 647.8690145196169 647.8690145196169 647.8690145196169 161.96725362990423 161.96725362990423 161.96725362990423
32768 64 5.785 5.785 5.785 725.0309420916162 725.0309420916162 725.0309420916162 181.25773552290406 181.25773552290406 181.25773552290406
32768 128 10.765 10.765 10.765 779.2483046911286 779.2483046911286 779.2483046911286 194.81207617278216 194.81207617278216 194.81207617278216
32768 256 20.033 20.033 20.033 837.4789597164678 837.4789597164678 837.4789597164678 209.36973992911695 209.36973992911695 209.36973992911695
32768 512 39.33 39.33 39.33 853.1510806000509 853.1510806000509 853.1510806000509 213.28777015001273 213.28777015001273 213.28777015001273
32768 1024 77.964 77.964 77.964 860.7673285105947 860.7673285105947 860.7673285105947 215.19183212764867 215.19183212764867 215.19183212764867
32768 2048 170.334 170.334 170.334 787.967921847664 787.967921847664 787.967921847664 196.991980461916 196.991980461916 196.991980461916
32768 4096 324.965 324.965 324.965 826.0442078377672 826.0442078377672 826.0442078377672 206.5110519594418 206.5110519594418 206.5110519594418
32768 8192 636.357 636.357 636.357 843.6630884864943 843.6630884864943 843.6630884864943 210.91577212162358 210.91577212162358 210.91577212162358
32768 16384 1097.515 1097.515 1097.515 978.3390878484577 978.3390878484577 978.3390878484577 244.58477196211442 244.58477196211442 244.58477196211442
32768 32768 2234.615 2234.615 2234.615 961.0083383491118 961.0083383491118 961.0083383491118 240.25208458727795 240.25208458727795 240.25208458727795
32768 65536 5215.108 5215.108 5215.108 823.5624834615122 823.5624834615122 823.5624834615122 205.89062086537805 205.89062086537805 205.89062086537805

65536 1 3.241 3.241 3.241 40.4418389385992 40.4418389385992 40.4418389385992 10.1104597346498 10.1104597346498 10.1104597346498
65536 2 26.693 26.693 26.693 9.820702056718991 9.820702056718991 9.820702056718991 2.4551755141797478 2.4551755141797478 2.4551755141797478
65536 4 6.868 6.868 6.868 76.33779848573093 76.33779848573093 76.33779848573093 19.084449621432732 19.084449621432732 19.084449621432732
65536 8 4.024 4.024 4.024 260.5805168986084 260.5805168986084 260.5805168986084 65.1451292246521 65.1451292246521 65.1451292246521
65536 16 6.6 6.6 6.6 317.7503030303031 317.7503030303031 317.7503030303031 79.43757575757577 79.43757575757577 79.43757575757577
65536 32 11.602 11.602 11.602 361.51560075848994 361.51560075848994 361.51560075848994 90.37890018962248 90.37890018962248 90.37890018962248
65536 64 15.376 15.376 15.376 545.5650364203955 545.5650364203955 545.5650364203955 136.39125910509887 136.39125910509887 136.39125910509887
65536 128 21.04 21.04 21.04 797.3961977186312 797.3961977186312 797.3961977186312 199.3490494296578 199.3490494296578 199.3490494296578
65536 256 41.512 41.512 41.512 808.3068028521874 808.3068028521874 808.3068028521874 202.07670071304685 202.07670071304685 202.07670071304685
65536 512 86.837 86.837 86.837 772.8141690753941 772.8141690753941 772.8141690753941 193.20354226884854 193.20354226884854 193.20354226884854
65536 1024 171.787 171.787 171.787 781.3031719513118 781.3031719513118 781.3031719513118 195.32579298782795 195.32579298782795 195.32579298782795
65536 2048 342.756 342.756 342.756 783.1677811621096 783.1677811621096 783.1677811621096 195.7919452905274 195.7919452905274 195.7919452905274
65536 4096 608.937 608.937 608.937 881.6526373007388 881.6526373007388 881.6526373007388 220.4131593251847 220.4131593251847 220.4131593251847
65536 8192 1239.58 1239.58 1239.58 866.2142209458043 866.2142209458043 866.2142209458043 216.55355523645107 216.55355523645107 216.55355523645107
65536 16384 2226.537 2226.537 2226.537 964.4949300191286 964.4949300191286 964.4949300191286 241.12373250478214 241.12373250478214 241.12373250478214
65536 32768 5002.817 5002.817 5002.817 858.5097747928818 858.5097747928818 858.5097747928818 214.62744369822045 214.62744369822045 214.62744369822045

131072 1 4.294 4.294 4.294 61.04890544946437 61.04890544946437 61.04890544946437 15.262226362366093 15.262226362366093 15.262226362366093
131072 2 1.806 1.806 1.806 290.30343300110746 290.30343300110746 290.30343300110746 72.57585825027687 72.57585825027687 72.57585825027687
131072 4 3.973 3.973 3.973 263.9254971054619 263.9254971054619 263.9254971054619 65.98137427636547 65.98137427636547 65.98137427636547
131072 8 6.166 6.166 6.166 340.11547194291273 340.11547194291273 340.11547194291273 85.02886798572818 85.02886798572818 85.02886798572818
131072 16 12.149 12.149 12.149 345.2386204625896 345.2386204625896 345.2386204625896 86.3096551156474 86.3096551156474 86.3096551156474
131072 32 24.263 24.263 24.263 345.7366360301694 345.7366360301694 345.7366360301694 86.43415900754235 86.43415900754235 86.43415900754235
131072 64 48.506 48.506 48.506 345.8791902032738 345.8791902032738 345.8791902032738 86.46979755081846 86.46979755081846 86.46979755081846
131072 128 96.909 96.909 96.909 346.24680886192203 346.24680886192203 346.24680886192203 86.56170221548051 86.56170221548051 86.56170221548051
131072 256 193.711 193.711 193.711 346.43806495242916 346.43806495242916 346.43806495242916 86.60951623810729 86.60951623810729 86.60951623810729
131072 512 424.894 424.894 424.894 315.8852043097808 315.8852043097808 315.8852043097808 78.9713010774452 78.9713010774452 78.9713010774452
131072 1024 782.748 782.748 782.748 342.9398171569905 342.9398171569905 342.9398171569905 85.73495428924763 85.73495428924763 85.73495428924763
131072 2048 1584.711 1584.711 1584.711 338.78158982931274 338.78158982931274 338.78158982931274 84.69539745732818 84.69539745732818 84.69539745732818
131072 4096 4741.679 4741.679 4741.679 226.44759883577103 226.44759883577103 226.44759883577103 56.61189970894276 56.61189970894276 56.61189970894276
131072 8192 6330.264 6330.264 6330.264 339.2407722647902 339.2407722647902 339.2407722647902 84.81019306619756 84.81019306619756 84.81019306619756
131072 16384 12613.282 12613.282 12613.282 340.5114779801165 340.5114779801165 340.5114779801165 85.12786949502913 85.12786949502913 85.12786949502913

262144 1 9.468 9.468 9.468 55.37473595268273 55.37473595268273 55.37473595268273 13.843683988170682 13.843683988170682 13.843683988170682
262144 2 3.554 3.554 3.554 295.0410804727068 295.0410804727068 295.0410804727068 73.7602701181767 73.7602701181767 73.7602701181767
262144 4 4.627 4.627 4.627 453.2422736114113 453.2422736114113 453.2422736114113 113.31056840285282 113.31056840285282 113.31056840285282
262144 8 8.564 8.564 8.564 489.7599252685661 489.7599252685661 489.7599252685661 122.43998131714153 122.43998131714153 122.43998131714153
262144 16 15.214 15.214 15.214 551.3742605494939 551.3742605494939 551.3742605494939 137.84356513737347 137.84356513737347 137.84356513737347
262144 32 31.401 31.401 31.401 534.2892264577562 534.2892264577562 534.2892264577562 133.57230661443904 133.57230661443904 133.57230661443904
262144 64 64.103 64.103 64.103 523.4455797700576 523.4455797700576 523.4455797700576 130.8613949425144 130.8613949425144 130.8613949425144
262144 128 108.474 108.474 108.474 618.6631266478603 618.6631266478603 618.6631266478603 154.66578166196507 154.66578166196507 154.66578166196507
262144 256 229.998 229.998 229.998 583.5604135688137 583.5604135688137 583.5604135688137 145.89010339220343 145.89010339220343 145.89010339220343
262144 512 387.433 387.433 387.433 692.8564577617292 692.8564577617292 692.8564577617292 173.2141144404323 173.2141144404323 173.2141144404323
262144 1024 709.79 709.79 709.79 756.3799320925908 756.3799320925908 756.3799320925908 189.0949830231477 189.0949830231477 189.0949830231477
262144 2048 1436.027 1436.027 1436.027 747.7170164627823 747.7170164627823 747.7170164627823 186.92925411569558 186.92925411569558 186.92925411569558
262144 4096 5229.188 5229.188 5229.188 410.6724883480954 410.6724883480954 410.6724883480954 102.66812208702385 102.66812208702385 102.66812208702385
262144 8192 7347.4 7347.4 7347.4 584.5560737131503 584.5560737131503 584.5560737131503 146.13901842828759 146.13901842828759 146.13901842828759

524288 1 19.214 19.214 19.214 54.57354012699074 54.57354012699074 54.57354012699074 13.643385031747686 13.643385031747686 13.643385031747686
524288 2 6.987 6.987 6.987 300.1505653356233 300.1505653356233 300.1505653356233 75.03764133390582 75.03764133390582 75.03764133390582
524288 4 11.366 11.366 11.366 369.0219954249517 369.0219954249517 369.0219954249517 92.25549885623792 92.25549885623792 92.25549885623792
524288 8 19.755 19.755 19.755 424.63214376107317 424.63214376107317 424.63214376107317 106.15803594026829 106.15803594026829 106.15803594026829
524288 16 56.982 56.982 56.982 294.43010073356504 294.43010073356504 294.43010073356504 73.60752518339126 73.60752518339126 73.60752518339126
524288 32 68.182 68.182 68.182 492.1303569857147 492.1303569857147 492.1303569857147 123.03258924642867 123.03258924642867 123.03258924642867
524288 64 130.706 130.706 130.706 513.4336908787661 513.4336908787661 513.4336908787661 128.35842271969153 128.35842271969153 128.35842271969153
524288 128 241.631 241.631 241.631 555.4656811419065 555.4656811419065 555.4656811419065 138.86642028547664 138.86642028547664 138.86642028547664
524288 256 467.42 467.42 467.42 574.291763296393 574.291763296393 574.291763296393 143.57294082409825 143.57294082409825 143.57294082409825
524288 512 760.974 760.974 760.974 705.5049344655664 705.5049344655664 705.5049344655664 176.3762336163916 176.3762336163916 176.3762336163916
524288 1024 1425.924 1425.924 1425.924 753.0147637602004 753.0147637602004 753.0147637602004 188.2536909400501 188.2536909400501 188.2536909400501
524288 2048 3651.784 3651.784 3651.784 588.0642579079157 588.0642579079157 588.0642579079157 147.01606447697893 147.01606447697893 147.01606447697893
524288 4096 8044.223 8044.223 8044.223 533.9194718992749 533.9194718992749 533.9194718992749 133.47986797481872 133.47986797481872 133.47986797481872

1048576 1 38.217 38.217 38.217 54.874846272601204 54.874846272601204 54.874846272601204 13.718711568150301 13.718711568150301 13.718711568150301
1048576 2 11.369 11.369 11.369 368.9246195795585 368.9246195795585 368.9246195795585 92.23115489488963 92.23115489488963 92.23115489488963
1048576 4 84.916 84.916 84.916 98.78713081162562 98.78713081162562 98.78713081162562 24.696782702906404 24.696782702906404 24.696782702906404
1048576 8 35.521 35.521 35.521 472.3182342839447 472.3182342839447 472.3182342839447 118.07955857098618 118.07955857098618 118.07955857098618
1048576 16 59.521 59.521 59.521 563.7410661783236 563.7410661783236 563.7410661783236 140.9352665445809 140.9352665445809 140.9352665445809
1048576 32 113.032 113.032 113.032 593.7156203552977 593.7156203552977 593.7156203552977 148.42890508882442 148.42890508882442 148.42890508882442
1048576 64 214.607 214.607 214.607 625.4116967293705 625.4116967293705 625.4116967293705 156.35292418234263 156.35292418234263 156.35292418234263
1048576 128 365.668 365.668 365.668 734.0961090388003 734.0961090388003 734.0961090388003 183.52402725970006 183.52402725970006 183.52402725970006
1048576 256 711.406 711.406 711.406 754.661771196757 754.661771196757 754.661771196757 188.66544279918924 188.66544279918924 188.66544279918924
1048576 512 1446.131 1446.131 1446.131 742.4927783167639 742.4927783167639 742.4927783167639 185.62319457919097 185.62319457919097 185.62319457919097
1048576 1024 3403.878 3403.878 3403.878 630.8932482304007 630.8932482304007 630.8932482304007 157.72331205760017 157.72331205760017 157.72331205760017
1048576 2048 9707.316 9707.316 9707.316 442.446428652369 442.446428652369 442.446428652369 110.61160716309224 110.61160716309224 110.61160716309224

2097152 1 80.738 80.738 80.738 51.94956526047215 51.94956526047215 51.94956526047215 12.987391315118037 12.987391315118037 12.987391315118037
2097152 2 30.355 30.355 30.355 276.3501235381321 276.3501235381321 276.3501235381321 69.08753088453302 69.08753088453302 69.08753088453302
2097152 4 52.818 52.818 52.818 317.64201597940104 317.64201597940104 317.64201597940104 79.41050399485026 79.41050399485026 79.41050399485026
2097152 8 94.406 94.406 94.406 355.42690083257423 355.42690083257423 355.42690083257423 88.85672520814356 88.85672520814356 88.85672520814356
2097152 16 181.283 181.283 181.283 370.18840155999186 370.18840155999186 370.18840155999186 92.54710038999796 92.54710038999796 92.54710038999796
2097152 32 266.647 266.647 266.647 503.3536023281717 503.3536023281717 503.3536023281717 125.83840058204292 125.83840058204292 125.83840058204292
2097152 64 429.987 429.987 429.987 624.2873761299761 624.2873761299761 624.2873761299761 156.07184403249403 156.07184403249403 156.07184403249403
2097152 128 2493.551 2493.551 2493.551 215.30376238544952 215.30376238544952 215.30376238544952 53.82594059636238 53.82594059636238 53.82594059636238
2097152 256 1668.687 1668.687 1668.687 643.4650860227233 643.4650860227233 643.4650860227233 160.86627150568083 160.86627150568083 160.86627150568083
2097152 512 3369.18 3369.18 3369.18 637.3905959313543 637.3905959313543 637.3905959313543 159.34764898283856 159.34764898283856 159.34764898283856
2097152 1024 7967.759 7967.759 7967.759 539.043323976039 539.043323976039 539.043323976039 134.76083099400975 134.76083099400975 134.76083099400975

4194304 1 142.494 142.494 142.494 58.86990329417379 58.86990329417379 58.86990329417379 14.717475823543447 14.717475823543447 14.717475823543447
4194304 2 69.755 69.755 69.755 240.51632141065159 240.51632141065159 240.51632141065159 60.129080352662896 60.129080352662896 60.129080352662896
4194304 4 76.614 76.614 76.614 437.9673688881927 437.9673688881927 437.9673688881927 109.49184222204818 109.49184222204818 109.49184222204818
4194304 8 133.346 133.346 133.346 503.26866947639974 503.26866947639974 503.26866947639974 125.81716736909993 125.81716736909993 125.81716736909993
4194304 16 240.921 240.921 240.921 557.1026519066417 557.1026519066417 557.1026519066417 139.2756629766604 139.2756629766604 139.2756629766604
4194304 32 408.5 408.5 408.5 657.1247392900857 657.1247392900857 657.1247392900857 164.28118482252142 164.28118482252142 164.28118482252142
4194304 64 722.511 722.511 722.511 743.0626135795857 743.0626135795857 743.0626135795857 185.76565339489642 185.76565339489642 185.76565339489642
4194304 128 1490.367 1490.367 1490.367 720.4546423800313 720.4546423800313 720.4546423800313 180.11366059500781 180.11366059500781 180.11366059500781
4194304 256 3313.87 3313.87 3313.87 648.0289353535293 648.0289353535293 648.0289353535293 162.00723383838232 162.00723383838232 162.00723383838232
4194304 512 10140.393 10140.393 10140.393 423.5503787673713 423.5503787673713 423.5503787673713 105.88759469184282 105.88759469184282 105.88759469184282

8388608 1 519.552 519.552 519.552 32.29169746242917 32.29169746242917 32.29169746242917 8.072924365607292 8.072924365607292 8.072924365607292
8388608 2 496.194 496.194 496.194 67.62361495705309 67.62361495705309 67.62361495705309 16.905903739263273 16.905903739263273 16.905903739263273
8388608 4 682.678 682.678 682.678 98.3023680270933 98.3023680270933 98.3023680270933 24.575592006773324 24.575592006773324 24.575592006773324
8388608 8 1154.802 1154.802 1154.802 116.22574952242897 116.22574952242897 116.22574952242897 29.056437380607242 29.056437380607242 29.056437380607242
8388608 16 2079.909 2079.909 2079.909 129.06115411780036 129.06115411780036 129.06115411780036 32.26528852945009 32.26528852945009 32.26528852945009
8388608 32 3939.147 3939.147 3939.147 136.2911594819894 136.2911594819894 136.2911594819894 34.07278987049735 34.07278987049735 34.07278987049735
8388608 64 7457.055 7457.055 7457.055 143.99006363772293 143.99006363772293 143.99006363772293 35.99751590943073 35.99751590943073 35.99751590943073
8388608 128 15150.961 15150.961 15150.961 141.73910473401656 141.73910473401656 141.73910473401656 35.43477618350414 35.43477618350414 35.43477618350414
8388608 256 23770.372 23770.372 23770.372 180.68574172924178 180.68574172924178 180.68574172924178 45.171435432310446 45.171435432310446 45.171435432310446

16777216 1 717.3 717.3 717.3 46.778798271295145 46.778798271295145 46.778798271295145 11.694699567823786 11.694699567823786 11.694699567823786
16777216 2 1086.727 1086.727 1086.727 61.7531946845896 61.7531946845896 61.7531946845896 15.4382986711474 15.4382986711474 15.4382986711474
16777216 4 1208.331 1208.331 1208.331 111.07695490722328 111.07695490722328 111.07695490722328 27.76923872680582 27.76923872680582 27.76923872680582
16777216 8 2078.977 2078.977 2078.977 129.11901189864057 129.11901189864057 129.11901189864057 32.27975297466014 32.27975297466014 32.27975297466014
16777216 16 3651.431 3651.431 3651.431 147.03027717078592 147.03027717078592 147.03027717078592 36.75756929269648 36.75756929269648 36.75756929269648
16777216 32 7784.474 7784.474 7784.474 137.93376713699604 137.93376713699604 137.93376713699604 34.48344178424901 34.48344178424901 34.48344178424901
16777216 64 12903.84 12903.84 12903.84 166.422061029895 166.422061029895 166.422061029895 41.60551525747375 41.60551525747375 41.60551525747375
16777216 128 24752.528 24752.528 24752.528 173.51630896044236 173.51630896044236 173.51630896044236 43.37907724011059 43.37907724011059 43.37907724011059

33554432 1 1392.605 1392.605 1392.605 48.1894463972196 48.1894463972196 48.1894463972196 12.0473615993049 12.0473615993049 12.0473615993049
33554432 2 2196.488 2196.488 2196.488 61.10560494753443 61.10560494753443 61.10560494753443 15.276401236883608 15.276401236883608 15.276401236883608
33554432 4 3534.263 3534.263 3534.263 75.95231481075405 75.95231481075405 75.95231481075405 18.98807870268851 18.98807870268851 18.98807870268851
33554432 8 6036.69 6036.69 6036.69 88.93464994889584 88.93464994889584 88.93464994889584 22.23366248722396 22.23366248722396 22.23366248722396
33554432 16 8858.727 8858.727 8858.727 121.2072371120591 121.2072371120591 121.2072371120591 30.301809278014776 30.301809278014776 30.301809278014776
33554432 32 15031.704 15031.704 15031.704 142.86361998613066 142.86361998613066 142.86361998613066 35.715904996532664 35.715904996532664 35.715904996532664
33554432 64 28736.729 28736.729 28736.729 149.45915716433836 149.45915716433836 149.45915716433836 37.36478929108459 37.36478929108459 37.36478929108459

67108864 1 3016.084 3016.084 3016.084 44.50065979594733 44.50065979594733 44.50065979594733 11.125164948986832 11.125164948986832 11.125164948986832
67108864 2 5532.195 5532.195 5532.195 48.52241397853837 48.52241397853837 48.52241397853837 12.130603494634592 12.130603494634592 12.130603494634592
67108864 4 7412.157 7412.157 7412.157 72.43113064118853 72.43113064118853 72.43113064118853 18.107782660297133 18.107782660297133 18.107782660297133
67108864 8 13408.957 13408.957 13408.957 80.07646112967623 80.07646112967623 80.07646112967623 20.019115282419058 20.019115282419058 20.019115282419058
67108864 16 21960.135 21960.135 21960.135 97.79009318476413 97.79009318476413 97.79009318476413 24.447523296191033 24.447523296191033 24.447523296191033
67108864 32 42406.965 42406.965 42406.965 101.27976137882068 101.27976137882068 101.27976137882068 25.31994034470517 25.31994034470517 25.31994034470517

134217728 1 5736.877 5736.877 5736.877 46.79121689379082 46.79121689379082 46.79121689379082 11.697804223447704 11.697804223447704 11.697804223447704
134217728 2 10825.222 10825.222 10825.222 49.59444822471078 49.59444822471078 49.59444822471078 12.398612056177695 12.398612056177695 12.398612056177695
134217728 4 17006.331 17006.331 17006.331 63.137770516168366 63.137770516168366 63.137770516168366 15.784442629042092 15.784442629042092 15.784442629042092
134217728 8 26236.901 26236.901 26236.901 81.84974467830634 81.84974467830634 81.84974467830634 20.462436169576584 20.462436169576584 20.462436169576584
134217728 16 47598.154 47598.154 47598.154 90.2339047854671 90.2339047854671 90.2339047854671 22.558476196366776 22.558476196366776 22.558476196366776

268435456 1 11048.757 11048.757 11048.757 48.59106884149955 48.59106884149955 48.59106884149955 12.147767210374887 12.147767210374887 12.147767210374887
268435456 2 21719.759 21719.759 21719.759 49.43617578813836 49.43617578813836 49.43617578813836 12.35904394703459 12.35904394703459 12.35904394703459
268435456 4 30787.349 30787.349 30787.349 69.75214553224444 69.75214553224444 69.75214553224444 17.43803638306111 17.43803638306111 17.43803638306111
268435456 8 55043.301 55043.301 55043.301 78.02888304246143 78.02888304246143 78.02888304246143 19.507220760615358 19.507220760615358 19.507220760615358

536870912 1 22325.542 22325.542 22325.542 48.094770733897526 48.094770733897526 48.094770733897526 12.023692683474382 12.023692683474382 12.023692683474382
536870912 2 42556.432 42556.432 42556.432 50.462022944028774 50.462022944028774 50.462022944028774 12.615505736007194 12.615505736007194 12.615505736007194
536870912 4 60232.081 60232.081 60232.081 71.30697171163654 71.30697171163654 71.30697171163654 17.826742927909134 17.826742927909134 17.826742927909134

1073741824 1 39571.933 39571.933 39571.933 54.26784807302692 54.26784807302692 54.26784807302692 13.56696201825673 13.56696201825673 13.56696201825673
1073741824 2 85016.677 85016.677 85016.677 50.519115161370046 50.519115161370046 50.519115161370046 12.629778790342511 12.629778790342511 12.629778790342511

2147483648 1 82917.803 82917.803 82917.803 51.79789068940961 51.79789068940961 51.79789068940961 12.949472672352403 12.949472672352403 12.949472672352403

META_DATA
FLOPS          4
OPENMP_THREADS 4
ERT_VERSION  1.1.0
HOSTNAME  ('areeba-vm', [], ['127.0.1.1'])
UNAME  uname_result(system='Linux', node='areeba-vm', release='6.17.0-23-generic', version='#23~24.04.1-Ubuntu SMP PREEMPT_DYNAMIC Tue Apr 14 16:11:48 UTC 2', machine='x86_64')
TIMESTAMP_DATA  1778236636.4642007
CONFIG  {'ERT_RESULTS': ['roofline/mylaptop/Results'], 'ERT_DRIVER': ['driver1'], 'ERT_KERNEL': ['kernel1'], 'ERT_MPI': ['False'], 'ERT_MPI_CFLAGS': [], 'ERT_MPI_LDFLAGS': [], 'ERT_MPI_PROCS': ['1'], 'ERT_OPENMP': ['True'], 'ERT_OPENMP_CFLAGS': ['-fopenmp'], 'ERT_OPENMP_LDFLAGS': ['-fopenmp'], 'ERT_OPENMP_THREADS': ['1,2,4'], 'ERT_GPU': ['False'], 'ERT_GPU_CFLAGS': [], 'ERT_GPU_LDFLAGS': [], 'ERT_GPU_BLOCKS': ['1'], 'ERT_GPU_THREADS': ['1'], 'ERT_HIP': ['False'], 'ERT_OCL': ['False'], 'ERT_SYCL': ['False'], 'ERT_FLOPS': ['1,2,4,8'], 'ERT_ALIGN': ['32'], 'ERT_CC': ['g++'], 'ERT_CFLAGS': ['-O3', '-march=native', '-mavx2', '-mfma', '-ffast-math'], 'ERT_LD': ['g++'], 'ERT_LDFLAGS': [], 'ERT_LDLIBS': [], 'ERT_PRECISION': ['FP64'], 'ERT_PROCS_THREADS': ['6'], 'ERT_BLOCKS_THREADS': ['1'], 'ERT_WORKING_SET_MIN': ['1'], 'ERT_MEMORY_MAX': ['2147483648'], 'ERT_WSS_MULT': ['2.0'], 'ERT_TRIALS_MIN': ['1'], 'ERT_NUM_EXPERIMENTS': ['1'], 'ERT_RUN': ['OMP_NUM_THREADS=ERT_OPENMP_THREADS', './ERT_CODE'], 'ERT_GNUPLOT': ['False']}
