fp64
          32            1           3.540           64           16
          32            2           1.200          128           32
          32            4           1.357          256           64
          32            8           1.195          512          128
          32           16           1.203         1024          256
          32           32           1.230         2048          512
          32           64           1.363         4096         1024
          32          128           1.672         8192         2048
          32          256           2.280        16384         4096
          32          512           3.496        32768         8192
          32         1024           5.913        65536        16384
          32         2048          10.780       131072        32768
          32         4096          20.499       262144        65536
          32         8192          39.963       524288       131072
          32        16384          78.825      1048576       262144
          32        32768         173.286      2097152       524288
          32        65536         306.293      4194304      1048576
          32       131072         592.119      8388608      2097152
          32       262144        1155.543     16777216      4194304
          32       524288        2089.700     33554432      8388608
          32      1048576        4180.680     67108864     16777216
          32      2097152        9146.966    134217728     33554432
          32      4194304       18954.641    268435456     67108864
          32      8388608       31126.569    536870912    134217728
          32     16777216       62458.712   1073741824    268435456
          32     33554432      116447.643   2147483648    536870912
          32     67108864      164412.536   4294967296   1073741824
          64            1           0.844          128           32
          64            2           0.574          256           64
          64            4           0.634          512          128
          64            8           0.565         1024          256
          64           16           0.582         2048          512
          64           32           0.573         4096         1024
          64           64           0.632         8192         2048
          64          128           0.775        16384         4096
          64          256           1.057        32768         8192
          64          512           1.613        65536        16384
          64         1024           2.740       131072        32768
          64         2048           4.992       262144        65536
          64         4096           9.512       524288       131072
          64         8192          18.243      1048576       262144
          64        16384          37.401      2097152       524288
          64        32768          73.618      4194304      1048576
          64        65536         147.605      8388608      2097152
          64       131072         295.418     16777216      4194304
          64       262144         594.151     33554432      8388608
          64       524288        1192.195     67108864     16777216
          64      1048576        2377.928    134217728     33554432
          64      2097152        4758.350    268435456     67108864
          64      4194304        9517.101    536870912    134217728
          64      8388608       20403.734   1073741824    268435456
          64     16777216       38712.040   2147483648    536870912
          64     33554432       78675.870   4294967296   1073741824
         128            1           2.213          256           64
         128            2           0.603          512          128
         128            4           0.608         1024          256
         128            8           0.636         2048          512
         128           16           0.582         4096         1024
         128           32           0.592         8192         2048
         128           64           0.674        16384         4096
         128          128           0.862        32768         8192
         128          256           1.139        65536        16384
         128          512           1.749       131072        32768
         128         1024           2.958       262144        65536
         128         2048           5.440       524288       131072
         128         4096          10.270      1048576       262144
         128         8192          25.498      2097152       524288
         128        16384          40.330      4194304      1048576
         128        32768          86.246      8388608      2097152
         128        65536         160.081     16777216      4194304
         128       131072         314.819     33554432      8388608
         128       262144         632.469     67108864     16777216
         128       524288        1278.324    134217728     33554432
         128      1048576        2560.109    268435456     67108864
         128      2097152        5138.637    536870912    134217728
         128      4194304       10230.712   1073741824    268435456
         128      8388608       20135.399   2147483648    536870912
         128     16777216       40870.291   4294967296   1073741824
         256            1           0.931          512          128
         256            2           0.590         1024          256
         256            4           0.599         2048          512
         256            8           0.622         4096         1024
         256           16           0.600         8192         2048
         256           32           0.606        16384         4096
         256           64           0.679        32768         8192
         256          128           0.834        65536        16384
         256          256          42.682       131072        32768
         256          512           1.771       262144        65536
         256         1024           2.972       524288       131072
         256         2048           6.125      1048576       262144
         256         4096          10.150      2097152       524288
         256         8192          20.632      4194304      1048576
         256        16384          61.652      8388608      2097152
         256        32768          85.013     16777216      4194304
         256        65536         170.798     33554432      8388608
         256       131072         328.171     67108864     16777216
         256       262144         656.449    134217728     33554432
         256       524288        1285.630    268435456     67108864
         256      1048576        2572.665    536870912    134217728
         256      2097152        5114.995   1073741824    268435456
         256      4194304       10316.722   2147483648    536870912
         256      8388608       21020.789   4294967296   1073741824
         512            1           1.086         1024          256
         512            2           0.613         2048          512
         512            4           0.669         4096         1024
         512            8           0.594         8192         2048
         512           16           0.633        16384         4096
         512           32           0.624        32768         8192
         512           64           0.671        65536        16384
         512          128           0.804       131072        32768
         512          256           1.097       262144        65536
         512          512           1.679       524288       131072
         512         1024           2.591      1048576       262144
         512         2048           6.075      2097152       524288
         512         4096          11.380      4194304      1048576
         512         8192          21.456      8388608      2097152
         512        16384          43.428     16777216      4194304
         512        32768          86.405     33554432      8388608
         512        65536         173.149     67108864     16777216
         512       131072         338.687    134217728     33554432
         512       262144         631.948    268435456     67108864
         512       524288        1299.630    536870912    134217728
         512      1048576        2552.771   1073741824    268435456
         512      2097152        5162.898   2147483648    536870912
         512      4194304       11209.066   4294967296   1073741824
        1024            1           0.938         2048          512
        1024            2           0.830         4096         1024
        1024            4           0.617         8192         2048
        1024            8           0.623        16384         4096
        1024           16           0.625        32768         8192
        1024           32           0.678        65536        16384
        1024           64           0.815       131072        32768
        1024          128           0.726       262144        65536
        1024          256           2.709       524288       131072
        1024          512           4.213      1048576       262144
        1024         1024           7.007      2097152       524288
        1024         2048          13.025      4194304      1048576
        1024         4096          68.439      8388608      2097152
        1024         8192          52.766     16777216      4194304
        1024        16384         106.957     33554432      8388608
        1024        32768         176.136     67108864     16777216
        1024        65536         399.649    134217728     33554432
        1024       131072         830.751    268435456     67108864
        1024       262144         797.782    536870912    134217728
        1024       524288        1578.903   1073741824    268435456
        1024      1048576        3182.833   2147483648    536870912
        1024      2097152        7051.567   4294967296   1073741824
        2048            1           0.996         4096         1024
        2048            2           0.615         8192         2048
        2048            4           0.625        16384         4096
        2048            8           0.637        32768         8192
        2048           16           0.655        65536        16384
        2048           32           0.748       131072        32768
        2048           64           0.927       262144        65536
        2048          128           1.315       524288       131072
        2048          256           2.067      1048576       262144
        2048          512           3.576      2097152       524288
        2048         1024           6.577      4194304      1048576
        2048         2048          12.236      8388608      2097152
        2048         4096          23.125     16777216      4194304
        2048         8192          44.100     33554432      8388608
        2048        16384          97.800     67108864     16777216
        2048        32768         169.273    134217728     33554432
        2048        65536         343.019    268435456     67108864
        2048       131072         657.567    536870912    134217728
        2048       262144        1228.304   1073741824    268435456
        2048       524288        2757.572   2147483648    536870912
        2048      1048576        7597.983   4294967296   1073741824
        4096            1           1.709         8192         2048
        4096            2           0.862        16384         4096
        4096            4           0.724        32768         8192
        4096            8           0.727        65536        16384
        4096           16           0.766       131072        32768
        4096           32           0.918       262144        65536
        4096           64           1.211       524288       131072
        4096          128           1.787      1048576       262144
        4096          256           3.459      2097152       524288
        4096          512           6.956      4194304      1048576
        4096         1024          13.952      8388608      2097152
        4096         2048          26.957     16777216      4194304
        4096         4096          53.743     33554432      8388608
        4096         8192         101.088     67108864     16777216
        4096        16384         242.693    134217728     33554432
        4096        32768         325.936    268435456     67108864
        4096        65536         544.497    536870912    134217728
        4096       131072         987.193   1073741824    268435456
        4096       262144        2091.002   2147483648    536870912
        4096       524288        5314.530   4294967296   1073741824
        8192            1           0.806        16384         4096
        8192            2           0.887        32768         8192
        8192            4           0.769        65536        16384
        8192            8           0.835       131072        32768
        8192           16           1.004       262144        65536
        8192           32           1.331       524288       131072
        8192           64           1.957      1048576       262144
        8192          128           3.229      2097152       524288
        8192          256           5.789      4194304      1048576
        8192          512          10.942      8388608      2097152
        8192         1024          19.931     16777216      4194304
        8192         2048          39.237     33554432      8388608
        8192         4096         101.760     67108864     16777216
        8192         8192         165.115    134217728     33554432
        8192        16384         601.319    268435456     67108864
        8192        32768         683.254    536870912    134217728
        8192        65536        1137.046   1073741824    268435456
        8192       131072        2352.288   2147483648    536870912
        8192       262144        5768.877   4294967296   1073741824
       16384            1           2.378        32768         8192
       16384            2           0.997        65536        16384
       16384            4           0.860       131072        32768
       16384            8           0.964       262144        65536
       16384           16           1.258       524288       131072
       16384           32           1.778      1048576       262144
       16384           64           4.587      2097152       524288
       16384          128           7.661      4194304      1048576
       16384          256          14.399      8388608      2097152
       16384          512          26.675     16777216      4194304
       16384         1024          72.046     33554432      8388608
       16384         2048         197.052     67108864     16777216
       16384         4096         174.675    134217728     33554432
       16384         8192         338.945    268435456     67108864
       16384        16384         609.903    536870912    134217728
       16384        32768        1668.176   1073741824    268435456
       16384        65536        2357.106   2147483648    536870912
       16384       131072        5083.077   4294967296   1073741824
       32768            1           2.121        65536        16384
       32768            2           0.985       131072        32768
       32768            4           1.069       262144        65536
       32768            8           1.346       524288       131072
       32768           16           1.971      1048576       262144
       32768           32           3.237      2097152       524288
       32768           64           5.785      4194304      1048576
       32768          128          10.765      8388608      2097152
       32768          256          20.033     16777216      4194304
       32768          512          39.330     33554432      8388608
       32768         1024          77.964     67108864     16777216
       32768         2048         170.334    134217728     33554432
       32768         4096         324.965    268435456     67108864
       32768         8192         636.357    536870912    134217728
       32768        16384        1097.515   1073741824    268435456
       32768        32768        2234.615   2147483648    536870912
       32768        65536        5215.108   4294967296   1073741824
       65536            1           3.241       131072        32768
       65536            2          26.693       262144        65536
       65536            4           6.868       524288       131072
       65536            8           4.024      1048576       262144
       65536           16           6.600      2097152       524288
       65536           32          11.602      4194304      1048576
       65536           64          15.376      8388608      2097152
       65536          128          21.040     16777216      4194304
       65536          256          41.512     33554432      8388608
       65536          512          86.837     67108864     16777216
       65536         1024         171.787    134217728     33554432
       65536         2048         342.756    268435456     67108864
       65536         4096         608.937    536870912    134217728
       65536         8192        1239.580   1073741824    268435456
       65536        16384        2226.537   2147483648    536870912
       65536        32768        5002.817   4294967296   1073741824
      131072            1           4.294       262144        65536
      131072            2           1.806       524288       131072
      131072            4           3.973      1048576       262144
      131072            8           6.166      2097152       524288
      131072           16          12.149      4194304      1048576
      131072           32          24.263      8388608      2097152
      131072           64          48.506     16777216      4194304
      131072          128          96.909     33554432      8388608
      131072          256         193.711     67108864     16777216
      131072          512         424.894    134217728     33554432
      131072         1024         782.748    268435456     67108864
      131072         2048        1584.711    536870912    134217728
      131072         4096        4741.679   1073741824    268435456
      131072         8192        6330.264   2147483648    536870912
      131072        16384       12613.282   4294967296   1073741824
      262144            1           9.468       524288       131072
      262144            2           3.554      1048576       262144
      262144            4           4.627      2097152       524288
      262144            8           8.564      4194304      1048576
      262144           16          15.214      8388608      2097152
      262144           32          31.401     16777216      4194304
      262144           64          64.103     33554432      8388608
      262144          128         108.474     67108864     16777216
      262144          256         229.998    134217728     33554432
      262144          512         387.433    268435456     67108864
      262144         1024         709.790    536870912    134217728
      262144         2048        1436.027   1073741824    268435456
      262144         4096        5229.188   2147483648    536870912
      262144         8192        7347.400   4294967296   1073741824
      524288            1          19.214      1048576       262144
      524288            2           6.987      2097152       524288
      524288            4          11.366      4194304      1048576
      524288            8          19.755      8388608      2097152
      524288           16          56.982     16777216      4194304
      524288           32          68.182     33554432      8388608
      524288           64         130.706     67108864     16777216
      524288          128         241.631    134217728     33554432
      524288          256         467.420    268435456     67108864
      524288          512         760.974    536870912    134217728
      524288         1024        1425.924   1073741824    268435456
      524288         2048        3651.784   2147483648    536870912
      524288         4096        8044.223   4294967296   1073741824
     1048576            1          38.217      2097152       524288
     1048576            2          11.369      4194304      1048576
     1048576            4          84.916      8388608      2097152
     1048576            8          35.521     16777216      4194304
     1048576           16          59.521     33554432      8388608
     1048576           32         113.032     67108864     16777216
     1048576           64         214.607    134217728     33554432
     1048576          128         365.668    268435456     67108864
     1048576          256         711.406    536870912    134217728
     1048576          512        1446.131   1073741824    268435456
     1048576         1024        3403.878   2147483648    536870912
     1048576         2048        9707.316   4294967296   1073741824
     2097152            1          80.738      4194304      1048576
     2097152            2          30.355      8388608      2097152
     2097152            4          52.818     16777216      4194304
     2097152            8          94.406     33554432      8388608
     2097152           16         181.283     67108864     16777216
     2097152           32         266.647    134217728     33554432
     2097152           64         429.987    268435456     67108864
     2097152          128        2493.551    536870912    134217728
     2097152          256        1668.687   1073741824    268435456
     2097152          512        3369.180   2147483648    536870912
     2097152         1024        7967.759   4294967296   1073741824
     4194304            1         142.494      8388608      2097152
     4194304            2          69.755     16777216      4194304
     4194304            4          76.614     33554432      8388608
     4194304            8         133.346     67108864     16777216
     4194304           16         240.921    134217728     33554432
     4194304           32         408.500    268435456     67108864
     4194304           64         722.511    536870912    134217728
     4194304          128        1490.367   1073741824    268435456
     4194304          256        3313.870   2147483648    536870912
     4194304          512       10140.393   4294967296   1073741824
     8388608            1         519.552     16777216      4194304
     8388608            2         496.194     33554432      8388608
     8388608            4         682.678     67108864     16777216
     8388608            8        1154.802    134217728     33554432
     8388608           16        2079.909    268435456     67108864
     8388608           32        3939.147    536870912    134217728
     8388608           64        7457.055   1073741824    268435456
     8388608          128       15150.961   2147483648    536870912
     8388608          256       23770.372   4294967296   1073741824
    16777216            1         717.300     33554432      8388608
    16777216            2        1086.727     67108864     16777216
    16777216            4        1208.331    134217728     33554432
    16777216            8        2078.977    268435456     67108864
    16777216           16        3651.431    536870912    134217728
    16777216           32        7784.474   1073741824    268435456
    16777216           64       12903.840   2147483648    536870912
    16777216          128       24752.528   4294967296   1073741824
    33554432            1        1392.605     67108864     16777216
    33554432            2        2196.488    134217728     33554432
    33554432            4        3534.263    268435456     67108864
    33554432            8        6036.690    536870912    134217728
    33554432           16        8858.727   1073741824    268435456
    33554432           32       15031.704   2147483648    536870912
    33554432           64       28736.729   4294967296   1073741824
    67108864            1        3016.084    134217728     33554432
    67108864            2        5532.195    268435456     67108864
    67108864            4        7412.157    536870912    134217728
    67108864            8       13408.957   1073741824    268435456
    67108864           16       21960.135   2147483648    536870912
    67108864           32       42406.965   4294967296   1073741824
   134217728            1        5736.877    268435456     67108864
   134217728            2       10825.222    536870912    134217728
   134217728            4       17006.331   1073741824    268435456
   134217728            8       26236.901   2147483648    536870912
   134217728           16       47598.154   4294967296   1073741824
   268435456            1       11048.757    536870912    134217728
   268435456            2       21719.759   1073741824    268435456
   268435456            4       30787.349   2147483648    536870912
   268435456            8       55043.301   4294967296   1073741824
   536870912            1       22325.542   1073741824    268435456
   536870912            2       42556.432   2147483648    536870912
   536870912            4       60232.081   4294967296   1073741824
  1073741824            1       39571.933   2147483648    536870912
  1073741824            2       85016.677   4294967296   1073741824
  2147483648            1       82917.803   4294967296   1073741824

META_DATA
FLOPS          4
OPENMP_THREADS 4
ERT_VERSION  1.1.0
HOSTNAME  ('areeba-vm', [], ['127.0.1.1'])
UNAME  uname_result(system='Linux', node='areeba-vm', release='6.17.0-23-generic', version='#23~24.04.1-Ubuntu SMP PREEMPT_DYNAMIC Tue Apr 14 16:11:48 UTC 2', machine='x86_64')
TIMESTAMP_DATA  1778236636.4642007
CONFIG  {'ERT_RESULTS': ['roofline/mylaptop/Results'], 'ERT_DRIVER': ['driver1'], 'ERT_KERNEL': ['kernel1'], 'ERT_MPI': ['False'], 'ERT_MPI_CFLAGS': [], 'ERT_MPI_LDFLAGS': [], 'ERT_MPI_PROCS': ['1'], 'ERT_OPENMP': ['True'], 'ERT_OPENMP_CFLAGS': ['-fopenmp'], 'ERT_OPENMP_LDFLAGS': ['-fopenmp'], 'ERT_OPENMP_THREADS': ['1,2,4'], 'ERT_GPU': ['False'], 'ERT_GPU_CFLAGS': [], 'ERT_GPU_LDFLAGS': [], 'ERT_GPU_BLOCKS': ['1'], 'ERT_GPU_THREADS': ['1'], 'ERT_HIP': ['False'], 'ERT_OCL': ['False'], 'ERT_SYCL': ['False'], 'ERT_FLOPS': ['1,2,4,8'], 'ERT_ALIGN': ['32'], 'ERT_CC': ['g++'], 'ERT_CFLAGS': ['-O3', '-march=native', '-mavx2', '-mfma', '-ffast-math'], 'ERT_LD': ['g++'], 'ERT_LDFLAGS': [], 'ERT_LDLIBS': [], 'ERT_PRECISION': ['FP64'], 'ERT_PROCS_THREADS': ['6'], 'ERT_BLOCKS_THREADS': ['1'], 'ERT_WORKING_SET_MIN': ['1'], 'ERT_MEMORY_MAX': ['2147483648'], 'ERT_WSS_MULT': ['2.0'], 'ERT_TRIALS_MIN': ['1'], 'ERT_NUM_EXPERIMENTS': ['1'], 'ERT_RUN': ['OMP_NUM_THREADS=ERT_OPENMP_THREADS', './ERT_CODE'], 'ERT_GNUPLOT': ['False']}
