fp64
 16 134217728 319428.737 319428.737 319428.737 13.44577615757846 13.44577615757846 13.44577615757846 3.361444039394615 3.361444039394615 3.361444039394615
 32 67108864 143345.737 143345.737 143345.737 29.96229525821197 29.96229525821197 29.96229525821197 7.4905738145529925 7.4905738145529925 7.4905738145529925
 64 33554432 79030.814 79030.814 79030.814 54.34547714515505 54.34547714515505 54.34547714515505 13.586369286288763 13.586369286288763 13.586369286288763
 128 16777216 39331.227 39331.227 39331.227 109.19993154548676 109.19993154548676 109.19993154548676 27.29998288637169 27.29998288637169 27.29998288637169
 256 8388608 20598.367 20598.367 20598.367 208.51008703748218 208.51008703748218 208.51008703748218 52.127521759370545 52.127521759370545 52.127521759370545
 512 4194304 13692.205 13692.205 13692.205 313.67973938456225 313.67973938456225 313.67973938456225 78.41993484614056 78.41993484614056 78.41993484614056
 1024 2097152 12705.568 12705.568 12705.568 338.03819679686893 338.03819679686893 338.03819679686893 84.50954919921723 84.50954919921723 84.50954919921723
 2048 1048576 8789.464 8789.464 8789.464 488.6495121886841 488.6495121886841 488.6495121886841 122.16237804717103 122.16237804717103 122.16237804717103
 4096 524288 11568.229 11568.229 11568.229 371.27267242029876 371.27267242029876 371.27267242029876 92.81816810507469 92.81816810507469 92.81816810507469
 8192 262144 10870.66 10870.66 10870.66 395.09719704231395 395.09719704231395 395.09719704231395 98.77429926057849 98.77429926057849 98.77429926057849
 16384 131072 10955.347 10955.347 10955.347 392.04301753289974 392.04301753289974 392.04301753289974 98.01075438322493 98.01075438322493 98.01075438322493
 32768 65536 10612.162 10612.162 10612.162 404.72123361855955 404.72123361855955 404.72123361855955 101.18030840463989 101.18030840463989 101.18030840463989
 65536 32768 8923.426 8923.426 8923.426 481.31371246873124 481.31371246873124 481.31371246873124 120.32842811718281 120.32842811718281 120.32842811718281
 131072 16384 12766.18 12766.18 12766.18 336.43323970052126 336.43323970052126 336.43323970052126 84.10830992513031 84.10830992513031 84.10830992513031
 262144 8192 11794.854 11794.854 11794.854 364.13908099243963 364.13908099243963 364.13908099243963 91.03477024810991 91.03477024810991 91.03477024810991
 524288 4096 13638.58 13638.58 13638.58 314.9130844999993 314.9130844999993 314.9130844999993 78.72827112499982 78.72827112499982 78.72827112499982
 1048576 2048 13063.811 13063.811 13063.811 328.76832771080353 328.76832771080353 328.76832771080353 82.19208192770088 82.19208192770088 82.19208192770088
 2097152 1024 13790.15 13790.15 13790.15 311.4518185806536 311.4518185806536 311.4518185806536 77.8629546451634 77.8629546451634 77.8629546451634
 4194304 512 18017.284 18017.284 18017.284 238.3803960685751 238.3803960685751 238.3803960685751 59.595099017143774 59.595099017143774 59.595099017143774
 8388608 256 23804.087 23804.087 23804.087 180.4298268612445 180.4298268612445 180.4298268612445 45.10745671531112 45.10745671531112 45.10745671531112
 16777216 128 22240.891 22240.891 22240.891 193.11129648537914 193.11129648537914 193.11129648537914 48.277824121344786 48.277824121344786 48.277824121344786
 33554432 64 44614.897 44614.897 44614.897 96.2675604966655 96.2675604966655 96.2675604966655 24.066890124166374 24.066890124166374 24.066890124166374
 67108864 32 53124.156 53124.156 53124.156 80.84772765142847 80.84772765142847 80.84772765142847 20.211931912857118 20.211931912857118 20.211931912857118
 134217728 16 58446.113 58446.113 58446.113 73.4859356001998 73.4859356001998 73.4859356001998 18.37148390004995 18.37148390004995 18.37148390004995
 268435456 8 64510.544 64510.544 64510.544 66.57775659123259 66.57775659123259 66.57775659123259 16.644439147808146 16.644439147808146 16.644439147808146
 536870912 4 78704.601 78704.601 78704.601 54.57072701505723 54.57072701505723 54.57072701505723 13.642681753764307 13.642681753764307 13.642681753764307
 1073741824 2 109631.821 109631.821 109631.821 39.17628346244473 39.17628346244473 39.17628346244473 9.794070865611182 9.794070865611182 9.794070865611182
 2147483648 1 101972.572 101972.572 101972.572 42.11884835071141 42.11884835071141 42.11884835071141 10.529712087677852 10.529712087677852 10.529712087677852
 
META_DATA
 FLOPS          4
 OPENMP_THREADS 2
 ERT_VERSION  1.1.0
 HOSTNAME  ('areeba-vm', [], ['127.0.1.1'])
 UNAME  uname_result(system='Linux', node='areeba-vm', release='6.17.0-23-generic', version='#23~24.04.1-Ubuntu SMP PREEMPT_DYNAMIC Tue Apr 14 16:11:48 UTC 2', machine='x86_64')
 TIMESTAMP_DATA  1778236630.591847
 CONFIG  {'ERT_RESULTS': ['roofline/mylaptop/Results'], 'ERT_DRIVER': ['driver1'], 'ERT_KERNEL': ['kernel1'], 'ERT_MPI': ['False'], 'ERT_MPI_CFLAGS': [], 'ERT_MPI_LDFLAGS': [], 'ERT_MPI_PROCS': ['1'], 'ERT_OPENMP': ['True'], 'ERT_OPENMP_CFLAGS': ['-fopenmp'], 'ERT_OPENMP_LDFLAGS': ['-fopenmp'], 'ERT_OPENMP_THREADS': ['1,2,4'], 'ERT_GPU': ['False'], 'ERT_GPU_CFLAGS': [], 'ERT_GPU_LDFLAGS': [], 'ERT_GPU_BLOCKS': ['1'], 'ERT_GPU_THREADS': ['1'], 'ERT_HIP': ['False'], 'ERT_OCL': ['False'], 'ERT_SYCL': ['False'], 'ERT_FLOPS': ['1,2,4,8'], 'ERT_ALIGN': ['32'], 'ERT_CC': ['g++'], 'ERT_CFLAGS': ['-O3', '-march=native', '-mavx2', '-mfma', '-ffast-math'], 'ERT_LD': ['g++'], 'ERT_LDFLAGS': [], 'ERT_LDLIBS': [], 'ERT_PRECISION': ['FP64'], 'ERT_PROCS_THREADS': ['6'], 'ERT_BLOCKS_THREADS': ['1'], 'ERT_WORKING_SET_MIN': ['1'], 'ERT_MEMORY_MAX': ['2147483648'], 'ERT_WSS_MULT': ['2.0'], 'ERT_TRIALS_MIN': ['1'], 'ERT_NUM_EXPERIMENTS': ['1'], 'ERT_RUN': ['OMP_NUM_THREADS=ERT_OPENMP_THREADS', './ERT_CODE'], 'ERT_GNUPLOT': ['False']}
 