fp64

16 1 1.41 1.41 1.41 0.022695035460992913 0.022695035460992913 0.022695035460992913 0.005673758865248228 0.005673758865248228 0.005673758865248228
16 2 0.656 0.656 0.656 0.0975609756097561 0.0975609756097561 0.0975609756097561 0.024390243902439025 0.024390243902439025 0.024390243902439025
16 4 0.677 0.677 0.677 0.18906942392909898 0.18906942392909898 0.18906942392909898 0.047267355982274745 0.047267355982274745 0.047267355982274745
16 8 0.648 0.648 0.648 0.39506172839506176 0.39506172839506176 0.39506172839506176 0.09876543209876544 0.09876543209876544 0.09876543209876544
16 16 0.653 0.653 0.653 0.7840735068912711 0.7840735068912711 0.7840735068912711 0.19601837672281777 0.19601837672281777 0.19601837672281777
16 32 0.658 0.658 0.658 1.556231003039514 1.556231003039514 1.556231003039514 0.3890577507598785 0.3890577507598785 0.3890577507598785
16 64 0.724 0.724 0.724 2.828729281767956 2.828729281767956 2.828729281767956 0.707182320441989 0.707182320441989 0.707182320441989
16 128 0.881 0.881 0.881 4.649262202043133 4.649262202043133 4.649262202043133 1.1623155505107832 1.1623155505107832 1.1623155505107832
16 256 1.205 1.205 1.205 6.798340248962655 6.798340248962655 6.798340248962655 1.6995850622406639 1.6995850622406639 1.6995850622406639
16 512 1.846 1.846 1.846 8.87540628385699 8.87540628385699 8.87540628385699 2.2188515709642473 2.2188515709642473 2.2188515709642473
16 1024 3.13 3.13 3.13 10.469009584664537 10.469009584664537 10.469009584664537 2.6172523961661343 2.6172523961661343 2.6172523961661343
16 2048 5.689 5.689 5.689 11.519775004394447 11.519775004394447 11.519775004394447 2.8799437510986117 2.8799437510986117 2.8799437510986117
16 4096 10.807 10.807 10.807 12.128435273433887 12.128435273433887 12.128435273433887 3.0321088183584717 3.0321088183584717 3.0321088183584717
16 8192 21.091 21.091 21.091 12.429187805224977 12.429187805224977 12.429187805224977 3.1072969513062443 3.1072969513062443 3.1072969513062443
16 16384 41.6 41.6 41.6 12.603076923076923 12.603076923076923 12.603076923076923 3.1507692307692308 3.1507692307692308 3.1507692307692308
16 32768 82.64 82.64 82.64 12.688480154888675 12.688480154888675 12.688480154888675 3.1721200387221686 3.1721200387221686 3.1721200387221686
16 65536 164.745 164.745 164.745 12.729685271176669 12.729685271176669 12.729685271176669 3.182421317794167 3.182421317794167 3.182421317794167
16 131072 335.084 335.084 335.084 12.517171813634791 12.517171813634791 12.517171813634791 3.1292929534086977 3.1292929534086977 3.1292929534086977
16 262144 718.93 718.93 718.93 11.6681846633191 11.6681846633191 11.6681846633191 2.917046165829775 2.917046165829775 2.917046165829775
16 524288 1343.778 1343.778 1343.778 12.485109891663653 12.485109891663653 12.485109891663653 3.121277472915913 3.121277472915913 3.121277472915913
16 1048576 2663.076 2663.076 2663.076 12.599877735370677 12.599877735370677 12.599877735370677 3.1499694338426694 3.1499694338426694 3.1499694338426694
16 2097152 5529.286 5529.286 5529.286 12.136985498670171 12.136985498670171 12.136985498670171 3.0342463746675428 3.0342463746675428 3.0342463746675428
16 4194304 11013.147 11013.147 11013.147 12.187045900685789 12.187045900685789 12.187045900685789 3.046761475171447 3.046761475171447 3.046761475171447
16 8388608 24275.332 24275.332 24275.332 11.057951998349601 11.057951998349601 11.057951998349601 2.7644879995874003 2.7644879995874003 2.7644879995874003
16 16777216 45184.268 45184.268 45184.268 11.881810545210117 11.881810545210117 11.881810545210117 2.970452636302529 2.970452636302529 2.970452636302529
16 33554432 84748.787 84748.787 84748.787 12.66970138463457 12.66970138463457 12.66970138463457 3.1674253461586424 3.1674253461586424 3.1674253461586424
16 67108864 174016.329 174016.329 174016.329 12.340701934931635 12.340701934931635 12.340701934931635 3.085175483732909 3.085175483732909 3.085175483732909
16 134217728 319428.737 319428.737 319428.737 13.44577615757846 13.44577615757846 13.44577615757846 3.361444039394615 3.361444039394615 3.361444039394615

32 1 1.756 1.756 1.756 0.03644646924829158 0.03644646924829158 0.03644646924829158 0.009111617312072894 0.009111617312072894 0.009111617312072894
32 2 0.541 0.541 0.541 0.23659889094269873 0.23659889094269873 0.23659889094269873 0.05914972273567468 0.05914972273567468 0.05914972273567468
32 4 0.56 0.56 0.56 0.45714285714285713 0.45714285714285713 0.45714285714285713 0.11428571428571428 0.11428571428571428 0.11428571428571428
32 8 0.523 0.523 0.523 0.9789674952198854 0.9789674952198854 0.9789674952198854 0.24474187380497134 0.24474187380497134 0.24474187380497134
32 16 0.531 0.531 0.531 1.928436911487759 1.928436911487759 1.928436911487759 0.48210922787193977 0.48210922787193977 0.48210922787193977
32 32 0.528 0.528 0.528 3.8787878787878785 3.8787878787878785 3.8787878787878785 0.9696969696969696 0.9696969696969696 0.9696969696969696
32 64 0.594 0.594 0.594 6.895622895622897 6.895622895622897 6.895622895622897 1.7239057239057243 1.7239057239057243 1.7239057239057243
32 128 0.727 0.727 0.727 11.268225584594223 11.268225584594223 11.268225584594223 2.8170563961485557 2.8170563961485557 2.8170563961485557
32 256 0.987 0.987 0.987 16.599797365754814 16.599797365754814 16.599797365754814 4.149949341438703 4.149949341438703 4.149949341438703
32 512 1.514 1.514 1.514 21.64332892998679 21.64332892998679 21.64332892998679 5.4108322324966975 5.4108322324966975 5.4108322324966975
32 1024 2.559 2.559 2.559 25.610003907776477 25.610003907776477 25.610003907776477 6.402500976944119 6.402500976944119 6.402500976944119
32 2048 4.789 4.789 4.789 27.3693881812487 27.3693881812487 27.3693881812487 6.842347045312175 6.842347045312175 6.842347045312175
32 4096 8.802 8.802 8.802 29.782322199500115 29.782322199500115 29.782322199500115 7.445580549875029 7.445580549875029 7.445580549875029
32 8192 17.879 17.879 17.879 29.3242351361933 29.3242351361933 29.3242351361933 7.331058784048325 7.331058784048325 7.331058784048325
32 16384 35.865 35.865 35.865 29.23674891955946 29.23674891955946 29.23674891955946 7.309187229889865 7.309187229889865 7.309187229889865
32 32768 71.93 71.93 71.93 29.15545669400806 29.15545669400806 29.15545669400806 7.288864173502015 7.288864173502015 7.288864173502015
32 65536 143.879 143.879 143.879 29.151606558288563 29.151606558288563 29.151606558288563 7.287901639572141 7.287901639572141 7.287901639572141
32 131072 292.487 292.487 292.487 28.680276388352304 28.680276388352304 28.680276388352304 7.170069097088076 7.170069097088076 7.170069097088076
32 262144 543.383 543.383 543.383 30.87548929576376 30.87548929576376 30.87548929576376 7.71887232394094 7.71887232394094 7.71887232394094
32 524288 1545.085 1545.085 1545.085 21.716884184365263 21.716884184365263 21.716884184365263 5.429221046091316 5.429221046091316 5.429221046091316
32 1048576 2226.505 2226.505 2226.505 30.140899750954972 30.140899750954972 30.140899750954972 7.535224937738743 7.535224937738743 7.535224937738743
32 2097152 4714.281 4714.281 4714.281 28.470455621970775 28.470455621970775 28.470455621970775 7.117613905492694 7.117613905492694 7.117613905492694
32 4194304 8850.537 8850.537 8850.537 30.32984958991754 30.32984958991754 30.32984958991754 7.582462397479385 7.582462397479385 7.582462397479385
32 8388608 17390.172 17390.172 17390.172 30.872087521618536 30.872087521618536 30.872087521618536 7.718021880404634 7.718021880404634 7.718021880404634
32 16777216 35306.565 35306.565 35306.565 30.4119594755253 30.4119594755253 30.4119594755253 7.602989868881325 7.602989868881325 7.602989868881325
32 33554432 73243.923 73243.923 73243.923 29.319615335186246 29.319615335186246 29.319615335186246 7.329903833796561 7.329903833796561 7.329903833796561
32 67108864 143345.737 143345.737 143345.737 29.96229525821197 29.96229525821197 29.96229525821197 7.4905738145529925 7.4905738145529925 7.4905738145529925

64 1 1.013 1.013 1.013 0.12635735439289242 0.12635735439289242 0.12635735439289242 0.031589338598223105 0.031589338598223105 0.031589338598223105
64 2 0.548 0.548 0.548 0.4671532846715328 0.4671532846715328 0.4671532846715328 0.1167883211678832 0.1167883211678832 0.1167883211678832
64 4 0.572 0.572 0.572 0.8951048951048952 0.8951048951048952 0.8951048951048952 0.2237762237762238 0.2237762237762238 0.2237762237762238
64 8 0.551 0.551 0.551 1.8584392014519058 1.8584392014519058 1.8584392014519058 0.46460980036297644 0.46460980036297644 0.46460980036297644
64 16 0.55 0.55 0.55 3.7236363636363636 3.7236363636363636 3.7236363636363636 0.9309090909090909 0.9309090909090909 0.9309090909090909
64 32 0.551 0.551 0.551 7.433756805807623 7.433756805807623 7.433756805807623 1.8584392014519058 1.8584392014519058 1.8584392014519058
64 64 0.725 0.725 0.725 11.299310344827587 11.299310344827587 11.299310344827587 2.824827586206897 2.824827586206897 2.824827586206897
64 128 0.776 0.776 0.776 21.11340206185567 21.11340206185567 21.11340206185567 5.278350515463917 5.278350515463917 5.278350515463917
64 256 1.068 1.068 1.068 30.68164794007491 30.68164794007491 30.68164794007491 7.670411985018728 7.670411985018728 7.670411985018728
64 512 1.652 1.652 1.652 39.670702179176764 39.670702179176764 39.670702179176764 9.917675544794191 9.917675544794191 9.917675544794191
64 1024 2.81 2.81 2.81 46.64483985765124 46.64483985765124 46.64483985765124 11.66120996441281 11.66120996441281 11.66120996441281
64 2048 5.134 5.134 5.134 51.06038176860148 51.06038176860148 51.06038176860148 12.76509544215037 12.76509544215037 12.76509544215037
64 4096 9.794 9.794 9.794 53.531549928527674 53.531549928527674 53.531549928527674 13.382887482131919 13.382887482131919 13.382887482131919
64 8192 19.093 19.093 19.093 54.919394542502495 54.919394542502495 54.919394542502495 13.729848635625624 13.729848635625624 13.729848635625624
64 16384 37.729 37.729 37.729 55.58461660791434 55.58461660791434 55.58461660791434 13.896154151978585 13.896154151978585 13.896154151978585
64 32768 74.988 74.988 74.988 55.93300261375154 55.93300261375154 55.93300261375154 13.983250653437885 13.983250653437885 13.983250653437885
64 65536 155.21 155.21 155.21 54.04682687971136 54.04682687971136 54.04682687971136 13.51170671992784 13.51170671992784 13.51170671992784
64 131072 294.151 294.151 294.151 57.03606651005776 57.03606651005776 57.03606651005776 14.25901662751444 14.25901662751444 14.25901662751444
64 262144 587.586 587.586 587.586 57.10556752543458 57.10556752543458 57.10556752543458 14.276391881358645 14.276391881358645 14.276391881358645
64 524288 1198.584 1198.584 1198.584 55.99012167691209 55.99012167691209 55.99012167691209 13.997530419228022 13.997530419228022 13.997530419228022
64 1048576 2510.334 2510.334 2510.334 53.466083796020776 53.466083796020776 53.466083796020776 13.366520949005194 13.366520949005194 13.366520949005194
64 2097152 4734.5 4734.5 4734.5 56.69774126095681 56.69774126095681 56.69774126095681 14.174435315239203 14.174435315239203 14.174435315239203
64 4194304 11066.128 11066.128 11066.128 48.514793250177476 48.514793250177476 48.514793250177476 12.128698312544369 12.128698312544369 12.128698312544369
64 8388608 19825.605 19825.605 19825.605 54.159347167463494 54.159347167463494 54.159347167463494 13.539836791865874 13.539836791865874 13.539836791865874
64 16777216 40388.512 40388.512 40388.512 53.17065525959461 53.17065525959461 53.17065525959461 13.292663814898653 13.292663814898653 13.292663814898653
64 33554432 79030.814 79030.814 79030.814 54.34547714515505 54.34547714515505 54.34547714515505 13.586369286288763 13.586369286288763 13.586369286288763

128 1 0.963 0.963 0.963 0.2658359293873313 0.2658359293873313 0.2658359293873313 0.06645898234683283 0.06645898234683283 0.06645898234683283
128 2 0.581 0.581 0.581 0.881239242685026 0.881239242685026 0.881239242685026 0.2203098106712565 0.2203098106712565 0.2203098106712565
128 4 0.639 0.639 0.639 1.6025039123630673 1.6025039123630673 1.6025039123630673 0.40062597809076683 0.40062597809076683 0.40062597809076683
128 8 0.605 0.605 0.605 3.3851239669421487 3.3851239669421487 3.3851239669421487 0.8462809917355372 0.8462809917355372 0.8462809917355372
128 16 0.627 0.627 0.627 6.532695374800639 6.532695374800639 6.532695374800639 1.6331738437001597 1.6331738437001597 1.6331738437001597
128 32 0.666 0.666 0.666 12.3003003003003 12.3003003003003 12.3003003003003 3.075075075075075 3.075075075075075 3.075075075075075
128 64 0.658 0.658 0.658 24.899696048632222 24.899696048632222 24.899696048632222 6.224924012158056 6.224924012158056 6.224924012158056
128 128 0.816 0.816 0.816 40.156862745098046 40.156862745098046 40.156862745098046 10.039215686274511 10.039215686274511 10.039215686274511
128 256 1.102 1.102 1.102 59.470054446460985 59.470054446460985 59.470054446460985 14.867513611615246 14.867513611615246 14.867513611615246
128 512 1.695 1.695 1.695 77.32861356932153 77.32861356932153 77.32861356932153 19.332153392330383 19.332153392330383 19.332153392330383
128 1024 2.883 2.883 2.883 90.9275060700659 90.9275060700659 90.9275060700659 22.731876517516476 22.731876517516476 22.731876517516476
128 2048 5.275 5.275 5.275 99.39109004739336 99.39109004739336 99.39109004739336 24.84777251184834 24.84777251184834 24.84777251184834
128 4096 19.368 19.368 19.368 54.13961173068981 54.13961173068981 54.13961173068981 13.534902932672452 13.534902932672452 13.534902932672452
128 8192 19.613 19.613 19.613 106.92663029623209 106.92663029623209 106.92663029623209 26.731657574058023 26.731657574058023 26.731657574058023
128 16384 38.619 38.619 38.619 108.6072658535954 108.6072658535954 108.6072658535954 27.15181646339885 27.15181646339885 27.15181646339885
128 32768 76.804 76.804 76.804 109.22097807405864 109.22097807405864 109.22097807405864 27.30524451851466 27.30524451851466 27.30524451851466
128 65536 153.04 153.04 153.04 109.62634605331941 109.62634605331941 109.62634605331941 27.406586513329852 27.406586513329852 27.406586513329852
128 131072 333.852 333.852 333.852 100.5069072523154 100.5069072523154 100.5069072523154 25.12672681307885 25.12672681307885 25.12672681307885
128 262144 581.696 581.696 581.696 115.3675871933106 115.3675871933106 115.3675871933106 28.84189679832765 28.84189679832765 28.84189679832765
128 524288 1174.783 1174.783 1174.783 114.24895321093344 114.24895321093344 114.24895321093344 28.56223830273336 28.56223830273336 28.56223830273336
128 1048576 2435.494 2435.494 2435.494 110.2180732122518 110.2180732122518 110.2180732122518 27.55451830306295 27.55451830306295 27.55451830306295
128 2097152 4837.771 4837.771 4837.771 110.97485019443874 110.97485019443874 110.97485019443874 27.743712548609686 27.743712548609686 27.743712548609686
128 4194304 11132.093 11132.093 11132.093 96.45462214517971 96.45462214517971 96.45462214517971 24.113655536294928 24.113655536294928 24.113655536294928
128 8388608 19935.167 19935.167 19935.167 107.72338390744358 107.72338390744358 107.72338390744358 26.930845976860894 26.930845976860894 26.930845976860894
128 16777216 39331.227 39331.227 39331.227 109.19993154548676 109.19993154548676 109.19993154548676 27.29998288637169 27.29998288637169 27.29998288637169

256 1 1.054 1.054 1.054 0.4857685009487666 0.4857685009487666 0.4857685009487666 0.12144212523719165 0.12144212523719165 0.12144212523719165
256 2 0.64 0.64 0.64 1.6 1.6 1.6 0.4 0.4 0.4
256 4 0.567 0.567 0.567 3.6119929453262793 3.6119929453262793 3.6119929453262793 0.9029982363315698 0.9029982363315698 0.9029982363315698
256 8 0.574 0.574 0.574 7.135888501742162 7.135888501742162 7.135888501742162 1.7839721254355405 1.7839721254355405 1.7839721254355405
256 16 0.553 0.553 0.553 14.81374321880651 14.81374321880651 14.81374321880651 3.7034358047016274 3.7034358047016274 3.7034358047016274
256 32 0.589 0.589 0.589 27.81663837011885 27.81663837011885 27.81663837011885 6.954159592529712 6.954159592529712 6.954159592529712
256 64 0.646 0.646 0.646 50.72445820433437 50.72445820433437 50.72445820433437 12.681114551083592 12.681114551083592 12.681114551083592
256 128 0.789 0.789 0.789 83.06210392902409 83.06210392902409 83.06210392902409 20.765525982256023 20.765525982256023 20.765525982256023
256 256 1.082 1.082 1.082 121.13863216266175 121.13863216266175 121.13863216266175 30.284658040665438 30.284658040665438 30.284658040665438
256 512 1.677 1.677 1.677 156.31723315444248 156.31723315444248 156.31723315444248 39.07930828861062 39.07930828861062 39.07930828861062
256 1024 2.838 2.838 2.838 184.738548273432 184.738548273432 184.738548273432 46.184637068358 46.184637068358 46.184637068358
256 2048 5.16 5.16 5.16 203.21240310077522 203.21240310077522 203.21240310077522 50.803100775193805 50.803100775193805 50.803100775193805
256 4096 9.859 9.859 9.859 212.71447408459278 212.71447408459278 212.71447408459278 53.178618521148195 53.178618521148195 53.178618521148195
256 8192 19.015 19.015 19.015 220.5787010255062 220.5787010255062 220.5787010255062 55.14467525637655 55.14467525637655 55.14467525637655
256 16384 37.947 37.947 37.947 221.06116425540887 221.06116425540887 221.06116425540887 55.26529106385222 55.26529106385222 55.26529106385222
256 32768 80.97 80.97 80.97 207.20286525873783 207.20286525873783 207.20286525873783 51.80071631468446 51.80071631468446 51.80071631468446
256 65536 189.976 189.976 189.976 176.6245841579989 176.6245841579989 176.6245841579989 44.156146039499724 44.156146039499724 44.156146039499724
256 131072 294.723 294.723 294.723 227.701482408906 227.701482408906 227.701482408906 56.9253706022265 56.9253706022265 56.9253706022265
256 262144 579.525 579.525 579.525 231.59954790561235 231.59954790561235 231.59954790561235 57.89988697640309 57.89988697640309 57.89988697640309
256 524288 1730.987 1730.987 1730.987 155.07652917092966 155.07652917092966 155.07652917092966 38.769132292732415 38.769132292732415 38.769132292732415
256 1048576 2329.627 2329.627 2329.627 230.45359278545453 230.45359278545453 230.45359278545453 57.61339819636363 57.61339819636363 57.61339819636363
256 2097152 4901.843 4901.843 4901.843 219.0485953956502 219.0485953956502 219.0485953956502 54.76214884891255 54.76214884891255 54.76214884891255
256 4194304 10385.834 10385.834 10385.834 206.7704575289765 206.7704575289765 206.7704575289765 51.69261438224412 51.69261438224412 51.69261438224412
256 8388608 20598.367 20598.367 20598.367 208.51008703748218 208.51008703748218 208.51008703748218 52.127521759370545 52.127521759370545 52.127521759370545

512 1 1.477 1.477 1.477 0.6932972241029114 0.6932972241029114 0.6932972241029114 0.17332430602572785 0.17332430602572785 0.17332430602572785
512 2 0.657 0.657 0.657 3.117199391171994 3.117199391171994 3.117199391171994 0.7792998477929985 0.7792998477929985 0.7792998477929985
512 4 0.566 0.566 0.566 7.236749116607775 7.236749116607775 7.236749116607775 1.8091872791519437 1.8091872791519437 1.8091872791519437
512 8 0.549 0.549 0.549 14.92167577413479 14.92167577413479 14.92167577413479 3.7304189435336976 3.7304189435336976 3.7304189435336976
512 16 0.569 0.569 0.569 28.79437609841828 28.79437609841828 28.79437609841828 7.19859402460457 7.19859402460457 7.19859402460457
512 32 0.621 0.621 0.621 52.76650563607086 52.76650563607086 52.76650563607086 13.191626409017715 13.191626409017715 13.191626409017715
512 64 0.72 0.72 0.72 91.02222222222223 91.02222222222223 91.02222222222223 22.755555555555556 22.755555555555556 22.755555555555556
512 128 0.912 0.912 0.912 143.71929824561406 143.71929824561406 143.71929824561406 35.929824561403514 35.929824561403514 35.929824561403514
512 256 1.303 1.303 1.303 201.18495778971607 201.18495778971607 201.18495778971607 50.296239447429016 50.296239447429016 50.296239447429016
512 512 2.055 2.055 2.055 255.1279805352798 255.1279805352798 255.1279805352798 63.78199513381995 63.78199513381995 63.78199513381995
512 1024 3.403 3.403 3.403 308.1328239788422 308.1328239788422 308.1328239788422 77.03320599471056 77.03320599471056 77.03320599471056
512 2048 6.286 6.286 6.286 333.62265351574933 333.62265351574933 333.62265351574933 83.40566337893733 83.40566337893733 83.40566337893733
512 4096 11.579 11.579 11.579 362.23369893773213 362.23369893773213 362.23369893773213 90.55842473443303 90.55842473443303 90.55842473443303
512 8192 21.066 21.066 21.066 398.20601917782216 398.20601917782216 398.20601917782216 99.55150479445554 99.55150479445554 99.55150479445554
512 16384 41.631 41.631 41.631 402.99815041675674 402.99815041675674 402.99815041675674 100.74953760418919 100.74953760418919 100.74953760418919
512 32768 82.846 82.846 82.846 405.0217512010236 405.0217512010236 405.0217512010236 101.2554378002559 101.2554378002559 101.2554378002559
512 65536 170.509 170.509 170.509 393.5795999038175 393.5795999038175 393.5795999038175 98.39489997595437 98.39489997595437 98.39489997595437
512 131072 411.51 411.51 411.51 326.1590921241283 326.1590921241283 326.1590921241283 81.53977303103207 81.53977303103207 81.53977303103207
512 262144 916.252 916.252 916.252 292.97120879408726 292.97120879408726 292.97120879408726 73.24280219852182 73.24280219852182 73.24280219852182
512 524288 1374.988 1374.988 1374.988 390.4549799707343 390.4549799707343 390.4549799707343 97.61374499268358 97.61374499268358 97.61374499268358
512 1048576 3297.031 3297.031 3297.031 325.6693139979576 325.6693139979576 325.6693139979576 81.4173284994894 81.4173284994894 81.4173284994894
512 2097152 6792.62 6792.62 6792.62 316.1495340531342 316.1495340531342 316.1495340531342 79.03738351328354 79.03738351328354 79.03738351328354
512 4194304 13692.205 13692.205 13692.205 313.67973938456225 313.67973938456225 313.67973938456225 78.41993484614056 78.41993484614056 78.41993484614056

1024 1 1.184 1.184 1.184 1.7297297297297298 1.7297297297297298 1.7297297297297298 0.43243243243243246 0.43243243243243246 0.43243243243243246
1024 2 0.586 0.586 0.586 6.989761092150172 6.989761092150172 6.989761092150172 1.747440273037543 1.747440273037543 1.747440273037543
1024 4 0.585 0.585 0.585 14.003418803418803 14.003418803418803 14.003418803418803 3.500854700854701 3.500854700854701 3.500854700854701
1024 8 0.599 0.599 0.599 27.352253756260435 27.352253756260435 27.352253756260435 6.838063439065109 6.838063439065109 6.838063439065109
1024 16 0.744 0.744 0.744 44.043010752688176 44.043010752688176 44.043010752688176 11.010752688172044 11.010752688172044 11.010752688172044
1024 32 0.698 0.698 0.698 93.89111747851004 93.89111747851004 93.89111747851004 23.47277936962751 23.47277936962751 23.47277936962751
1024 64 0.866 0.866 0.866 151.35334872979217 151.35334872979217 151.35334872979217 37.83833718244804 37.83833718244804 37.83833718244804
1024 128 1.229 1.229 1.229 213.29861676159481 213.29861676159481 213.29861676159481 53.324654190398704 53.324654190398704 53.324654190398704
1024 256 1.92 1.92 1.92 273.0666666666667 273.0666666666667 273.0666666666667 68.26666666666668 68.26666666666668 68.26666666666668
1024 512 3.327 3.327 3.327 315.17162608957017 315.17162608957017 315.17162608957017 78.79290652239254 78.79290652239254 78.79290652239254
1024 1024 7.132 7.132 7.132 294.0482333146383 294.0482333146383 294.0482333146383 73.51205832865958 73.51205832865958 73.51205832865958
1024 2048 13.09 13.09 13.09 320.4204736440031 320.4204736440031 320.4204736440031 80.10511841100077 80.10511841100077 80.10511841100077
1024 4096 25.499 25.499 25.499 328.97792070277274 328.97792070277274 328.97792070277274 82.24448017569318 82.24448017569318 82.24448017569318
1024 8192 43.777 43.777 43.777 383.24270735774496 383.24270735774496 383.24270735774496 95.81067683943624 95.81067683943624 95.81067683943624
1024 16384 77.968 77.968 77.968 430.36158423968806 430.36158423968806 430.36158423968806 107.59039605992201 107.59039605992201 107.59039605992201
1024 32768 169.896 169.896 169.896 394.9996703865895 394.9996703865895 394.9996703865895 98.74991759664738 98.74991759664738 98.74991759664738
1024 65536 361.371 361.371 361.371 371.4125593918716 371.4125593918716 371.4125593918716 92.8531398479679 92.8531398479679 92.8531398479679
1024 131072 647.491 647.491 647.491 414.5778952912087 414.5778952912087 414.5778952912087 103.64447382280217 103.64447382280217 103.64447382280217
1024 262144 1459.286 1459.286 1459.286 367.89972082237483 367.89972082237483 367.89972082237483 91.97493020559371 91.97493020559371 91.97493020559371
1024 524288 2660.308 2660.308 2660.308 403.61560541110276 403.61560541110276 403.61560541110276 100.90390135277569 100.90390135277569 100.90390135277569
1024 1048576 6183.096 6183.096 6183.096 347.3152685968324 347.3152685968324 347.3152685968324 86.8288171492081 86.8288171492081 86.8288171492081
1024 2097152 12705.568 12705.568 12705.568 338.03819679686893 338.03819679686893 338.03819679686893 84.50954919921723 84.50954919921723 84.50954919921723

2048 1 1.154 1.154 1.154 3.549393414211439 3.549393414211439 3.549393414211439 0.8873483535528598 0.8873483535528598 0.8873483535528598
2048 2 0.671 0.671 0.671 12.208643815201192 12.208643815201192 12.208643815201192 3.052160953800298 3.052160953800298 3.052160953800298
2048 4 0.621 0.621 0.621 26.38325281803543 26.38325281803543 26.38325281803543 6.5958132045088576 6.5958132045088576 6.5958132045088576
2048 8 0.65 0.65 0.65 50.41230769230769 50.41230769230769 50.41230769230769 12.603076923076923 12.603076923076923 12.603076923076923
2048 16 0.686 0.686 0.686 95.533527696793 95.533527696793 95.533527696793 23.88338192419825 23.88338192419825 23.88338192419825
2048 32 0.786 0.786 0.786 166.75826972010177 166.75826972010177 166.75826972010177 41.68956743002544 41.68956743002544 41.68956743002544
2048 64 1.179 1.179 1.179 222.34435962680237 222.34435962680237 222.34435962680237 55.58608990670059 55.58608990670059 55.58608990670059
2048 128 1.479 1.479 1.479 354.48816768086544 354.48816768086544 354.48816768086544 88.62204192021636 88.62204192021636 88.62204192021636
2048 256 2.403 2.403 2.403 436.361215147732 436.361215147732 436.361215147732 109.090303786933 109.090303786933 109.090303786933
2048 512 4.264 4.264 4.264 491.82739212007505 491.82739212007505 491.82739212007505 122.95684803001876 122.95684803001876 122.95684803001876
2048 1024 8.491 8.491 8.491 493.97055706041704 493.97055706041704 493.97055706041704 123.49263926510426 123.49263926510426 123.49263926510426
2048 2048 13.877 13.877 13.877 604.4972256251351 604.4972256251351 604.4972256251351 151.12430640628378 151.12430640628378 151.12430640628378
2048 4096 28.44 28.44 28.44 589.9161744022504 589.9161744022504 589.9161744022504 147.4790436005626 147.4790436005626 147.4790436005626
2048 8192 56.205 56.205 56.205 597.0008362245352 597.0008362245352 597.0008362245352 149.2502090561338 149.2502090561338 149.2502090561338
2048 16384 120.496 120.496 120.496 556.9385207807728 556.9385207807728 556.9385207807728 139.2346301951932 139.2346301951932 139.2346301951932
2048 32768 224.512 224.512 224.512 597.8198403648803 597.8198403648803 597.8198403648803 149.45496009122007 149.45496009122007 149.45496009122007
2048 65536 510.905 510.905 510.905 525.4116831896341 525.4116831896341 525.4116831896341 131.35292079740853 131.35292079740853 131.35292079740853
2048 131072 1017.449 1017.449 1017.449 527.6637079598094 527.6637079598094 527.6637079598094 131.91592698995234 131.91592698995234 131.91592698995234
2048 262144 2283.024 2283.024 2283.024 470.315609472349 470.315609472349 470.315609472349 117.57890236808726 117.57890236808726 117.57890236808726
2048 524288 4370.211 4370.211 4370.211 491.3912962097253 491.3912962097253 491.3912962097253 122.84782405243132 122.84782405243132 122.84782405243132
2048 1048576 8789.464 8789.464 8789.464 488.6495121886841 488.6495121886841 488.6495121886841 122.16237804717103 122.16237804717103 122.16237804717103

4096 1 1.438 1.438 1.438 5.696801112656468 5.696801112656468 5.696801112656468 1.424200278164117 1.424200278164117 1.424200278164117
4096 2 0.649 0.649 0.649 25.244992295839754 25.244992295839754 25.244992295839754 6.311248073959939 6.311248073959939 6.311248073959939
4096 4 0.669 0.669 0.669 48.98056801195814 48.98056801195814 48.98056801195814 12.245142002989535 12.245142002989535 12.245142002989535
4096 8 0.73 0.73 0.73 89.77534246575343 89.77534246575343 89.77534246575343 22.443835616438356 22.443835616438356 22.443835616438356
4096 16 0.861 0.861 0.861 152.2322880371661 152.2322880371661 152.2322880371661 38.05807200929152 38.05807200929152 38.05807200929152
4096 32 1.135 1.135 1.135 230.96387665198242 230.96387665198242 230.96387665198242 57.740969162995604 57.740969162995604 57.740969162995604
4096 64 1.686 1.686 1.686 310.9655990510083 310.9655990510083 310.9655990510083 77.74139976275208 77.74139976275208 77.74139976275208
4096 128 3.598 3.598 3.598 291.4330183435242 291.4330183435242 291.4330183435242 72.85825458588106 72.85825458588106 72.85825458588106
4096 256 6.281 6.281 6.281 333.8882343575864 333.8882343575864 333.8882343575864 83.4720585893966 83.4720585893966 83.4720585893966
4096 512 13.759 13.759 13.759 304.84075877607387 304.84075877607387 304.84075877607387 76.21018969401847 76.21018969401847 76.21018969401847
4096 1024 17.245 17.245 17.245 486.4371122064366 486.4371122064366 486.4371122064366 121.60927805160915 121.60927805160915 121.60927805160915
4096 2048 33.34 33.34 33.34 503.21583683263344 503.21583683263344 503.21583683263344 125.80395920815836 125.80395920815836 125.80395920815836
4096 4096 77.241 77.241 77.241 434.4121904170065 434.4121904170065 434.4121904170065 108.60304760425163 108.60304760425163 108.60304760425163
4096 8192 161.812 161.812 161.812 414.73354262971844 414.73354262971844 414.73354262971844 103.68338565742961 103.68338565742961 103.68338565742961
4096 16384 295.14 295.14 295.14 454.7595310700007 454.7595310700007 454.7595310700007 113.68988276750018 113.68988276750018 113.68988276750018
4096 32768 594.485 594.485 594.485 451.5428581040733 451.5428581040733 451.5428581040733 112.88571452601832 112.88571452601832 112.88571452601832
4096 65536 1117.356 1117.356 1117.356 480.4833123910375 480.4833123910375 480.4833123910375 120.12082809775937 120.12082809775937 120.12082809775937
4096 131072 2625.608 2625.608 2625.608 408.94978382149964 408.94978382149964 408.94978382149964 102.23744595537491 102.23744595537491 102.23744595537491
4096 262144 5930.579 5930.579 5930.579 362.10353963752954 362.10353963752954 362.10353963752954 90.52588490938238 90.52588490938238 90.52588490938238
4096 524288 11568.229 11568.229 11568.229 371.27267242029876 371.27267242029876 371.27267242029876 92.81816810507469 92.81816810507469 92.81816810507469

8192 1 1.778 1.778 1.778 9.214848143982003 9.214848143982003 9.214848143982003 2.303712035995501 2.303712035995501 2.303712035995501
8192 2 0.69 0.69 0.69 47.489855072463776 47.489855072463776 47.489855072463776 11.872463768115944 11.872463768115944 11.872463768115944
8192 4 0.82 0.82 0.82 79.9219512195122 79.9219512195122 79.9219512195122 19.98048780487805 19.98048780487805 19.98048780487805
8192 8 0.881 0.881 0.881 148.77639046538025 148.77639046538025 148.77639046538025 37.19409761634506 37.19409761634506 37.19409761634506
8192 16 1.183 1.183 1.183 221.59256128486896 221.59256128486896 221.59256128486896 55.39814032121724 55.39814032121724 55.39814032121724
8192 32 1.738 1.738 1.738 301.6616800920599 301.6616800920599 301.6616800920599 75.41542002301497 75.41542002301497 75.41542002301497
8192 64 2.876 2.876 2.876 364.59527121001395 364.59527121001395 364.59527121001395 91.14881780250349 91.14881780250349 91.14881780250349
8192 128 5.151 5.151 5.151 407.13492525723166 407.13492525723166 407.13492525723166 101.78373131430791 101.78373131430791 101.78373131430791
8192 256 9.686 9.686 9.686 433.02746231674587 433.02746231674587 433.02746231674587 108.25686557918647 108.25686557918647 108.25686557918647
8192 512 18.214 18.214 18.214 460.5582518941474 460.5582518941474 460.5582518941474 115.13956297353685 115.13956297353685 115.13956297353685
8192 1024 35.591 35.591 35.591 471.38928380770426 471.38928380770426 471.38928380770426 117.84732095192606 117.84732095192606 117.84732095192606
8192 2048 70.623 70.623 70.623 475.1204565085029 475.1204565085029 475.1204565085029 118.78011412712573 118.78011412712573 118.78011412712573
8192 4096 140.596 140.596 140.596 477.317021821389 477.317021821389 477.317021821389 119.32925545534725 119.32925545534725 119.32925545534725
8192 8192 293.273 293.273 293.273 457.6545675871969 457.6545675871969 457.6545675871969 114.41364189679922 114.41364189679922 114.41364189679922
8192 16384 506.101 506.101 506.101 530.3989836020874 530.3989836020874 530.3989836020874 132.59974590052184 132.59974590052184 132.59974590052184
8192 32768 1080.616 1080.616 1080.616 496.81932527373283 496.81932527373283 496.81932527373283 124.20483131843321 124.20483131843321 124.20483131843321
8192 65536 2298.206 2298.206 2298.206 467.2086940857347 467.2086940857347 467.2086940857347 116.80217352143367 116.80217352143367 116.80217352143367
8192 131072 5264.177 5264.177 5264.177 407.94290313566586 407.94290313566586 407.94290313566586 101.98572578391646 101.98572578391646 101.98572578391646
8192 262144 10870.66 10870.66 10870.66 395.09719704231395 395.09719704231395 395.09719704231395 98.77429926057849 98.77429926057849 98.77429926057849

16384 1 2.521 2.521 2.521 12.998016660055534 12.998016660055534 12.998016660055534 3.2495041650138834 3.2495041650138834 3.2495041650138834
16384 2 0.966 0.966 0.966 67.84265010351967 67.84265010351967 67.84265010351967 16.96066252587992 16.96066252587992 16.96066252587992
16384 4 0.996 0.996 0.996 131.59839357429718 131.59839357429718 131.59839357429718 32.899598393574294 32.899598393574294 32.899598393574294
16384 8 1.24 1.24 1.24 211.40645161290325 211.40645161290325 211.40645161290325 52.85161290322581 52.85161290322581 52.85161290322581
16384 16 1.787 1.787 1.787 293.39003917179633 293.39003917179633 293.39003917179633 73.34750979294908 73.34750979294908 73.34750979294908
16384 32 2.905 2.905 2.905 360.95559380378666 360.95559380378666 360.95559380378666 90.23889845094666 90.23889845094666 90.23889845094666
16384 64 5.267 5.267 5.267 398.1682172014429 398.1682172014429 398.1682172014429 99.54205430036073 99.54205430036073 99.54205430036073
16384 128 9.356 9.356 9.356 448.3009833262078 448.3009833262078 448.3009833262078 112.07524583155195 112.07524583155195 112.07524583155195
16384 256 18.024 18.024 18.024 465.4132268086995 465.4132268086995 465.4132268086995 116.35330670217488 116.35330670217488 116.35330670217488
16384 512 37.981 37.981 37.981 441.72654748426845 441.72654748426845 441.72654748426845 110.43163687106711 110.43163687106711 110.43163687106711
16384 1024 82.261 82.261 82.261 407.9020678085606 407.9020678085606 407.9020678085606 101.97551695214015 101.97551695214015 101.97551695214015
16384 2048 142.565 142.565 142.565 470.7246799705398 470.7246799705398 470.7246799705398 117.68116999263495 117.68116999263495 117.68116999263495
16384 4096 276.663 276.663 276.663 485.1307475159309 485.1307475159309 485.1307475159309 121.28268687898273 121.28268687898273 121.28268687898273
16384 8192 500.054 500.054 500.054 536.8129362028901 536.8129362028901 536.8129362028901 134.20323405072253 134.20323405072253 134.20323405072253
16384 16384 1051.031 1051.031 1051.031 510.8040695279207 510.8040695279207 510.8040695279207 127.70101738198018 127.70101738198018 127.70101738198018
16384 32768 3145.944 3145.944 3145.944 341.3098974425483 341.3098974425483 341.3098974425483 85.32747436063707 85.32747436063707 85.32747436063707
16384 65536 5353.394 5353.394 5353.394 401.14432974669904 401.14432974669904 401.14432974669904 100.28608243667476 100.28608243667476 100.28608243667476
16384 131072 10955.347 10955.347 10955.347 392.04301753289974 392.04301753289974 392.04301753289974 98.01075438322493 98.01075438322493 98.01075438322493

32768 1 3.342 3.342 3.342 19.609814482345904 19.609814482345904 19.609814482345904 4.902453620586476 4.902453620586476 4.902453620586476
32768 2 1.228 1.228 1.228 106.73615635179155 106.73615635179155 106.73615635179155 26.684039087947887 26.684039087947887 26.684039087947887
32768 4 1.33 1.33 1.33 197.10075187969926 197.10075187969926 197.10075187969926 49.275187969924815 49.275187969924815 49.275187969924815
32768 8 1.696 1.696 1.696 309.13207547169816 309.13207547169816 309.13207547169816 77.28301886792454 77.28301886792454 77.28301886792454
32768 16 2.699 2.699 2.699 388.50537236013344 388.50537236013344 388.50537236013344 97.12634309003336 97.12634309003336 97.12634309003336
32768 32 5.123 5.123 5.123 409.3601405426508 409.3601405426508 409.3601405426508 102.3400351356627 102.3400351356627 102.3400351356627
32768 64 9.145 9.145 9.145 458.6445051940952 458.6445051940952 458.6445051940952 114.6611262985238 114.6611262985238 114.6611262985238
32768 128 18.86 18.86 18.86 444.78303287380703 444.78303287380703 444.78303287380703 111.19575821845176 111.19575821845176 111.19575821845176
32768 256 34.05 34.05 34.05 492.7229368575625 492.7229368575625 492.7229368575625 123.18073421439063 123.18073421439063 123.18073421439063
32768 512 66.241 66.241 66.241 506.5508069020697 506.5508069020697 506.5508069020697 126.63770172551743 126.63770172551743 126.63770172551743
32768 1024 139.088 139.088 139.088 482.49212009662955 482.49212009662955 482.49212009662955 120.62303002415739 120.62303002415739 120.62303002415739
32768 2048 344.588 344.588 344.588 389.50203721545734 389.50203721545734 389.50203721545734 97.37550930386433 97.37550930386433 97.37550930386433
32768 4096 496.469 496.469 496.469 540.6892595509488 540.6892595509488 540.6892595509488 135.1723148877372 135.1723148877372 135.1723148877372
32768 8192 1067.245 1067.245 1067.245 503.0437359744015 503.0437359744015 503.0437359744015 125.76093399360037 125.76093399360037 125.76093399360037
32768 16384 2403.308 2403.308 2403.308 446.77661955937407 446.77661955937407 446.77661955937407 111.69415488984352 111.69415488984352 111.69415488984352
32768 32768 5167.372 5167.372 5167.372 415.5852622958053 415.5852622958053 415.5852622958053 103.89631557395133 103.89631557395133 103.89631557395133
32768 65536 10612.162 10612.162 10612.162 404.72123361855955 404.72123361855955 404.72123361855955 101.18030840463989 101.18030840463989 101.18030840463989

65536 1 4.823 4.823 4.823 27.17644619531412 27.17644619531412 27.17644619531412 6.79411154882853 6.79411154882853 6.79411154882853
65536 2 2.121 2.121 2.121 123.5945308816596 123.5945308816596 123.5945308816596 30.8986327204149 30.8986327204149 30.8986327204149
65536 4 2.415 2.415 2.415 217.09648033126294 217.09648033126294 217.09648033126294 54.274120082815735 54.274120082815735 54.274120082815735
65536 8 3.469 3.469 3.469 302.2703949264918 302.2703949264918 302.2703949264918 75.56759873162295 75.56759873162295 75.56759873162295
65536 16 5.915 5.915 5.915 354.5480980557904 354.5480980557904 354.5480980557904 88.6370245139476 88.6370245139476 88.6370245139476
65536 32 10.885 10.885 10.885 385.32880110243457 385.32880110243457 385.32880110243457 96.33220027560864 96.33220027560864 96.33220027560864
65536 64 20.493 20.493 20.493 409.34016493436786 409.34016493436786 409.34016493436786 102.33504123359197 102.33504123359197 102.33504123359197
65536 128 44.947 44.947 44.947 373.26664738469754 373.26664738469754 373.26664738469754 93.31666184617438 93.31666184617438 93.31666184617438
65536 256 73.063 73.063 73.063 459.2534114394427 459.2534114394427 459.2534114394427 114.81335285986067 114.81335285986067 114.81335285986067
65536 512 144.995 144.995 144.995 462.83571157626125 462.83571157626125 462.83571157626125 115.70892789406531 115.70892789406531 115.70892789406531
65536 1024 287.354 287.354 287.354 467.0814674582571 467.0814674582571 467.0814674582571 116.77036686456428 116.77036686456428 116.77036686456428
65536 2048 526.648 526.648 526.648 509.7056401999059 509.7056401999059 509.7056401999059 127.42641004997647 127.42641004997647 127.42641004997647
65536 4096 1478.204 1478.204 1478.204 363.19135383208277 363.19135383208277 363.19135383208277 90.79783845802069 90.79783845802069 90.79783845802069
65536 8192 2793.544 2793.544 2793.544 384.3654597887129 384.3654597887129 384.3654597887129 96.09136494717822 96.09136494717822 96.09136494717822
65536 16384 4029.873 4029.873 4029.873 532.8911476862919 532.8911476862919 532.8911476862919 133.22278692157298 133.22278692157298 133.22278692157298
65536 32768 8923.426 8923.426 8923.426 481.31371246873124 481.31371246873124 481.31371246873124 120.32842811718281 120.32842811718281 120.32842811718281

131072 1 7.764 7.764 7.764 33.764039155074705 33.764039155074705 33.764039155074705 8.441009788768676 8.441009788768676 8.441009788768676
131072 2 3.937 3.937 3.937 133.1694183388367 133.1694183388367 133.1694183388367 33.29235458470917 33.29235458470917 33.29235458470917
131072 4 6.715 6.715 6.715 156.15428145941922 156.15428145941922 156.15428145941922 39.038570364854806 39.038570364854806 39.038570364854806
131072 8 9.693 9.693 9.693 216.35737129887548 216.35737129887548 216.35737129887548 54.08934282471887 54.08934282471887 54.08934282471887
131072 16 14.337 14.337 14.337 292.5510218316245 292.5510218316245 292.5510218316245 73.13775545790612 73.13775545790612 73.13775545790612
131072 32 30.931 30.931 30.931 271.20390546700725 271.20390546700725 271.20390546700725 67.80097636675181 67.80097636675181 67.80097636675181
131072 64 55.572 55.572 55.572 301.9005254444684 301.9005254444684 301.9005254444684 75.4751313611171 75.4751313611171 75.4751313611171
131072 128 106.21 106.21 106.21 315.92535542792587 315.92535542792587 315.92535542792587 78.98133885698147 78.98133885698147 78.98133885698147
131072 256 217.093 217.093 217.093 309.12495566416237 309.12495566416237 309.12495566416237 77.28123891604059 77.28123891604059 77.28123891604059
131072 512 378.925 378.925 378.925 354.2065791383519 354.2065791383519 354.2065791383519 88.55164478458798 88.55164478458798 88.55164478458798
131072 1024 625.019 625.019 625.019 429.4836732963318 429.4836732963318 429.4836732963318 107.37091832408295 107.37091832408295 107.37091832408295
131072 2048 1296.857 1296.857 1296.857 413.9784972437208 413.9784972437208 413.9784972437208 103.4946243109302 103.4946243109302 103.4946243109302
131072 4096 2841.64 2841.64 2841.64 377.8599062513197 377.8599062513197 377.8599062513197 94.46497656282993 94.46497656282993 94.46497656282993
131072 8192 7089.877 7089.877 7089.877 302.89434471148087 302.89434471148087 302.89434471148087 75.72358617787022 75.72358617787022 75.72358617787022
131072 16384 12766.18 12766.18 12766.18 336.43323970052126 336.43323970052126 336.43323970052126 84.10830992513031 84.10830992513031 84.10830992513031

262144 1 14.456 14.456 14.456 36.26784726065302 36.26784726065302 36.26784726065302 9.066961815163255 9.066961815163255 9.066961815163255
262144 2 6.759 6.759 6.759 155.1377422695665 155.1377422695665 155.1377422695665 38.784435567391625 38.784435567391625 38.784435567391625
262144 4 8.978 8.978 8.978 233.58788148808202 233.58788148808202 233.58788148808202 58.396970372020505 58.396970372020505 58.396970372020505
262144 8 13.794 13.794 13.794 304.06727562708426 304.06727562708426 304.06727562708426 76.01681890677106 76.01681890677106 76.01681890677106
262144 16 24.798 24.798 24.798 338.27760303250267 338.27760303250267 338.27760303250267 84.56940075812567 84.56940075812567 84.56940075812567
262144 32 46.433 46.433 46.433 361.32095707794025 361.32095707794025 361.32095707794025 90.33023926948506 90.33023926948506 90.33023926948506
262144 64 88.544 88.544 88.544 378.9577159378388 378.9577159378388 378.9577159378388 94.7394289844597 94.7394289844597 94.7394289844597
262144 128 174.103 174.103 174.103 385.45495482559176 385.45495482559176 385.45495482559176 96.36373870639794 96.36373870639794 96.36373870639794
262144 256 382.198 382.198 382.198 351.1732871443598 351.1732871443598 351.1732871443598 87.79332178608995 87.79332178608995 87.79332178608995
262144 512 634.98 634.98 634.98 422.74631641941477 422.74631641941477 422.74631641941477 105.68657910485369 105.68657910485369 105.68657910485369
262144 1024 1266.86 1266.86 1266.86 423.78077451336384 423.78077451336384 423.78077451336384 105.94519362834096 105.94519362834096 105.94519362834096
262144 2048 2917.534 2917.534 2917.534 368.03061215396286 368.03061215396286 368.03061215396286 92.00765303849072 92.00765303849072 92.00765303849072
262144 4096 5676.123 5676.123 5676.123 378.33634824333444 378.33634824333444 378.33634824333444 94.58408706083361 94.58408706083361 94.58408706083361
262144 8192 11794.854 11794.854 11794.854 364.13908099243963 364.13908099243963 364.13908099243963 91.03477024810991 91.03477024810991 91.03477024810991

524288 1 34.94 34.94 34.94 30.010761305094448 30.010761305094448 30.010761305094448 7.502690326273612 7.502690326273612 7.502690326273612
524288 2 11.062 11.062 11.062 189.58163080817212 189.58163080817212 189.58163080817212 47.39540770204303 47.39540770204303 47.39540770204303
524288 4 64.486 64.486 64.486 65.04208665446764 65.04208665446764 65.04208665446764 16.26052166361691 16.26052166361691 16.26052166361691
524288 8 27.775 27.775 27.775 302.02009000900097 302.02009000900097 302.02009000900097 75.50502250225024 75.50502250225024 75.50502250225024
524288 16 49.616 49.616 49.616 338.14124475975495 338.14124475975495 338.14124475975495 84.53531118993874 84.53531118993874 84.53531118993874
524288 32 93.393 93.393 93.393 359.28208752261946 359.28208752261946 359.28208752261946 89.82052188065487 89.82052188065487 89.82052188065487
524288 64 193.054 193.054 193.054 347.6170605115667 347.6170605115667 347.6170605115667 86.90426512789168 86.90426512789168 86.90426512789168
524288 128 395.321 395.321 395.321 339.51580614235013 339.51580614235013 339.51580614235013 84.87895153558753 84.87895153558753 84.87895153558753
524288 256 669.101 669.101 669.101 401.18824512293367 401.18824512293367 401.18824512293367 100.29706128073342 100.29706128073342 100.29706128073342
524288 512 1323.134 1323.134 1323.134 405.7570223424082 405.7570223424082 405.7570223424082 101.43925558560206 101.43925558560206 101.43925558560206
524288 1024 2644.734 2644.734 2644.734 405.99236974304415 405.99236974304415 405.99236974304415 101.49809243576104 101.49809243576104 101.49809243576104
524288 2048 7875.269 7875.269 7875.269 272.6870216115792 272.6870216115792 272.6870216115792 68.1717554028948 68.1717554028948 68.1717554028948
524288 4096 13638.58 13638.58 13638.58 314.9130844999993 314.9130844999993 314.9130844999993 78.72827112499982 78.72827112499982 78.72827112499982

1048576 1 57.152 57.152 57.152 36.694288913773796 36.694288913773796 36.694288913773796 9.173572228443449 9.173572228443449 9.173572228443449
1048576 2 22.55 22.55 22.55 186.00017738359205 186.00017738359205 186.00017738359205 46.50004434589801 46.50004434589801 46.50004434589801
1048576 4 30.892 30.892 30.892 271.5462903016962 271.5462903016962 271.5462903016962 67.88657257542405 67.88657257542405 67.88657257542405
1048576 8 50.669 50.669 50.669 331.114014486175 331.114014486175 331.114014486175 82.77850362154375 82.77850362154375 82.77850362154375
1048576 16 91.388 91.388 91.388 367.1645292598591 367.1645292598591 367.1645292598591 91.79113231496477 91.79113231496477 91.79113231496477
1048576 32 174.41 174.41 174.41 384.77646923914915 384.77646923914915 384.77646923914915 96.19411730978729 96.19411730978729 96.19411730978729
1048576 64 337.825 337.825 337.825 397.2995722637461 397.2995722637461 397.2995722637461 99.32489306593652 99.32489306593652 99.32489306593652
1048576 128 655.747 655.747 655.747 409.35826774655476 409.35826774655476 409.35826774655476 102.33956693663869 102.33956693663869 102.33956693663869
1048576 256 1515.131 1515.131 1515.131 354.33959967817964 354.33959967817964 354.33959967817964 88.58489991954491 88.58489991954491 88.58489991954491
1048576 512 3475.543 3475.543 3475.543 308.94217795607767 308.94217795607767 308.94217795607767 77.23554448901942 77.23554448901942 77.23554448901942
1048576 1024 6967.678 6967.678 6967.678 308.2064997837156 308.2064997837156 308.2064997837156 77.0516249459289 77.0516249459289 77.0516249459289
1048576 2048 13063.811 13063.811 13063.811 328.76832771080353 328.76832771080353 328.76832771080353 82.19208192770088 82.19208192770088 82.19208192770088

2097152 1 104.561 104.561 104.561 40.11346486739798 40.11346486739798 40.11346486739798 10.028366216849495 10.028366216849495 10.028366216849495
2097152 2 50.252 50.252 50.252 166.93082862373637 166.93082862373637 166.93082862373637 41.732707155934094 41.732707155934094 41.732707155934094
2097152 4 68.481 68.481 68.481 244.9908149705758 244.9908149705758 244.9908149705758 61.24770374264395 61.24770374264395 61.24770374264395
2097152 8 125.524 125.524 125.524 267.3148720563398 267.3148720563398 267.3148720563398 66.82871801408496 66.82871801408496 66.82871801408496
2097152 16 196.746 196.746 196.746 341.0939180466185 341.0939180466185 341.0939180466185 85.27347951165463 85.27347951165463 85.27347951165463
2097152 32 366.689 366.689 366.689 366.0260547766636 366.0260547766636 366.0260547766636 91.5065136941659 91.5065136941659 91.5065136941659
2097152 64 634.5 634.5 634.5 423.0661245074863 423.0661245074863 423.0661245074863 105.76653112687157 105.76653112687157 105.76653112687157
2097152 128 1423.462 1423.462 1423.462 377.15858379078617 377.15858379078617 377.15858379078617 94.28964594769654 94.28964594769654 94.28964594769654
2097152 256 3207.827 3207.827 3207.827 334.72560209761934 334.72560209761934 334.72560209761934 83.68140052440484 83.68140052440484 83.68140052440484
2097152 512 6776.485 6776.485 6776.485 316.9022949213346 316.9022949213346 316.9022949213346 79.22557373033365 79.22557373033365 79.22557373033365
2097152 1024 13790.15 13790.15 13790.15 311.4518185806536 311.4518185806536 311.4518185806536 77.8629546451634 77.8629546451634 77.8629546451634

4194304 1 211.234 211.234 211.234 39.71239478493046 39.71239478493046 39.71239478493046 9.928098696232615 9.928098696232615 9.928098696232615
4194304 2 185.92 185.92 185.92 90.23889845094666 90.23889845094666 90.23889845094666 22.559724612736666 22.559724612736666 22.559724612736666
4194304 4 230.684 230.684 230.684 145.45626051221586 145.45626051221586 145.45626051221586 36.364065128053966 36.364065128053966 36.364065128053966
4194304 8 376.605 376.605 376.605 178.19429906666136 178.19429906666136 178.19429906666136 44.54857476666534 44.54857476666534 44.54857476666534
4194304 16 608.461 608.461 608.461 220.58558888737323 220.58558888737323 220.58558888737323 55.14639722184331 55.14639722184331 55.14639722184331
4194304 32 1149.505 1149.505 1149.505 233.52265192408905 233.52265192408905 233.52265192408905 58.38066298102226 58.38066298102226 58.38066298102226
4194304 64 2182.643 2182.643 2182.643 245.97284668175234 245.97284668175234 245.97284668175234 61.493211670438086 61.493211670438086 61.493211670438086
4194304 128 5349.783 5349.783 5349.783 200.70754720331647 200.70754720331647 200.70754720331647 50.17688680082912 50.17688680082912 50.17688680082912
4194304 256 9025.365 9025.365 9025.365 237.93870364245657 237.93870364245657 237.93870364245657 59.48467591061414 59.48467591061414 59.48467591061414
4194304 512 18017.284 18017.284 18017.284 238.3803960685751 238.3803960685751 238.3803960685751 59.595099017143774 59.595099017143774 59.595099017143774

8388608 1 441.864 441.864 441.864 37.969185088624556 37.969185088624556 37.969185088624556 9.492296272156139 9.492296272156139 9.492296272156139
8388608 2 550.938 550.938 550.938 60.90418885609634 60.90418885609634 60.90418885609634 15.226047214024085 15.226047214024085 15.226047214024085
8388608 4 661.136 661.136 661.136 101.50538467123255 101.50538467123255 101.50538467123255 25.376346167808137 25.376346167808137 25.376346167808137
8388608 8 967.463 967.463 967.463 138.73163934951518 138.73163934951518 138.73163934951518 34.682909837378794 34.682909837378794 34.682909837378794
8388608 16 1609.634 1609.634 1609.634 166.76800813104097 166.76800813104097 166.76800813104097 41.69200203276024 41.69200203276024 41.69200203276024
8388608 32 3036.167 3036.167 3036.167 176.8252246994319 176.8252246994319 176.8252246994319 44.20630617485798 44.20630617485798 44.20630617485798
8388608 64 5885.756 5885.756 5885.756 182.43057034644318 182.43057034644318 182.43057034644318 45.607642586610794 45.607642586610794 45.607642586610794
8388608 128 11303.14 11303.14 11303.14 189.99000702459674 189.99000702459674 189.99000702459674 47.497501756149184 47.497501756149184 47.497501756149184
8388608 256 23804.087 23804.087 23804.087 180.4298268612445 180.4298268612445 180.4298268612445 45.10745671531112 45.10745671531112 45.10745671531112

16777216 1 928.572 928.572 928.572 36.13551991660313 36.13551991660313 36.13551991660313 9.033879979150782 9.033879979150782 9.033879979150782
16777216 2 1442.376 1442.376 1442.376 46.52660887313711 46.52660887313711 46.52660887313711 11.631652218284277 11.631652218284277 11.631652218284277
16777216 4 1909.677 1909.677 1909.677 70.28294732564723 70.28294732564723 70.28294732564723 17.570736831411807 17.570736831411807 17.570736831411807
16777216 8 6342.054 6342.054 6342.054 42.326264645491825 42.326264645491825 42.326264645491825 10.581566161372956 10.581566161372956 10.581566161372956
16777216 16 4688.921 4688.921 4688.921 114.49775161492377 114.49775161492377 114.49775161492377 28.624437903730943 28.624437903730943 28.624437903730943
16777216 32 5935.34 5935.34 5935.34 180.90654014765795 180.90654014765795 180.90654014765795 45.22663503691449 45.22663503691449 45.22663503691449
16777216 64 13168.833 13168.833 13168.833 163.07319319790903 163.07319319790903 163.07319319790903 40.76829829947726 40.76829829947726 40.76829829947726
16777216 128 22240.891 22240.891 22240.891 193.11129648537914 193.11129648537914 193.11129648537914 48.277824121344786 48.277824121344786 48.277824121344786

33554432 1 1693.28 1693.28 1693.28 39.63246716432014 39.63246716432014 39.63246716432014 9.908116791080035 9.908116791080035 9.908116791080035
33554432 2 3150.186 3150.186 3150.186 42.60628673989409 42.60628673989409 42.60628673989409 10.651571684973522 10.651571684973522 10.651571684973522
33554432 4 4307.211 4307.211 4307.211 62.322337122560285 62.322337122560285 62.322337122560285 15.580584280640071 15.580584280640071 15.580584280640071
33554432 8 7062.995 7062.995 7062.995 76.01179273098735 76.01179273098735 76.01179273098735 19.002948182746838 19.002948182746838 19.002948182746838
33554432 16 12792.478 12792.478 12792.478 83.93540516544176 83.93540516544176 83.93540516544176 20.98385129136044 20.98385129136044 20.98385129136044
33554432 32 22682.245 22682.245 22682.245 94.67685619302675 94.67685619302675 94.67685619302675 23.669214048256688 23.669214048256688 23.669214048256688
33554432 64 44614.897 44614.897 44614.897 96.2675604966655 96.2675604966655 96.2675604966655 24.066890124166374 24.066890124166374 24.066890124166374

67108864 1 3460.391 3460.391 3460.391 38.78686772679735 38.78686772679735 38.78686772679735 9.696716931699337 9.696716931699337 9.696716931699337
67108864 2 8174.774 8174.774 8174.774 32.83704919548846 32.83704919548846 32.83704919548846 8.209262298872115 8.209262298872115 8.209262298872115
67108864 4 12110.93 12110.93 12110.93 44.3294538074285 44.3294538074285 44.3294538074285 11.082363451857125 11.082363451857125 11.082363451857125
67108864 8 17418.812 17418.812 17418.812 61.64265530852506 61.64265530852506 61.64265530852506 15.410663827131264 15.410663827131264 15.410663827131264
67108864 16 27452.365 27452.365 27452.365 78.22581580858333 78.22581580858333 78.22581580858333 19.556453952145834 19.556453952145834 19.556453952145834
67108864 32 53124.156 53124.156 53124.156 80.84772765142847 80.84772765142847 80.84772765142847 20.211931912857118 20.211931912857118 20.211931912857118

134217728 1 6682.363 6682.363 6682.363 40.170738404962435 40.170738404962435 40.170738404962435 10.042684601240609 10.042684601240609 10.042684601240609
134217728 2 13783.777 13783.777 13783.777 38.94947749082127 38.94947749082127 38.94947749082127 9.737369372705318 9.737369372705318 9.737369372705318
134217728 4 19323.172 19323.172 19323.172 55.56757575826578 55.56757575826578 55.56757575826578 13.891893939566446 13.891893939566446 13.891893939566446
134217728 8 33601.284 33601.284 33601.284 63.91076150542342 63.91076150542342 63.91076150542342 15.977690376355856 15.977690376355856 15.977690376355856
134217728 16 58446.113 58446.113 58446.113 73.4859356001998 73.4859356001998 73.4859356001998 18.37148390004995 18.37148390004995 18.37148390004995

268435456 1 12637.489 12637.489 12637.489 42.48240390159786 42.48240390159786 42.48240390159786 10.620600975399466 10.620600975399466 10.620600975399466
268435456 2 25355.599 25355.599 25355.599 42.347326284817804 42.347326284817804 42.347326284817804 10.586831571204451 10.586831571204451 10.586831571204451
268435456 4 37911.317 37911.317 37911.317 56.644923414293416 56.644923414293416 56.644923414293416 14.161230853573354 14.161230853573354 14.161230853573354
268435456 8 64510.544 64510.544 64510.544 66.57775659123259 66.57775659123259 66.57775659123259 16.644439147808146 16.644439147808146 16.644439147808146

536870912 1 25823.427 25823.427 25823.427 41.58014441692809 41.58014441692809 41.58014441692809 10.395036104232023 10.395036104232023 10.395036104232023
536870912 2 48495.691 48495.691 48495.691 44.28194760643786 44.28194760643786 44.28194760643786 11.070486901609465 11.070486901609465 11.070486901609465
536870912 4 78704.601 78704.601 78704.601 54.57072701505723 54.57072701505723 54.57072701505723 13.642681753764307 13.642681753764307 13.642681753764307

1073741824 1 50563.057 50563.057 50563.057 42.47139661670377 42.47139661670377 42.47139661670377 10.617849154175943 10.617849154175943 10.617849154175943
1073741824 2 109631.821 109631.821 109631.821 39.17628346244473 39.17628346244473 39.17628346244473 9.794070865611182 9.794070865611182 9.794070865611182

2147483648 1 101972.572 101972.572 101972.572 42.11884835071141 42.11884835071141 42.11884835071141 10.529712087677852 10.529712087677852 10.529712087677852

META_DATA
FLOPS          4
OPENMP_THREADS 2
ERT_VERSION  1.1.0
HOSTNAME  ('areeba-vm', [], ['127.0.1.1'])
UNAME  uname_result(system='Linux', node='areeba-vm', release='6.17.0-23-generic', version='#23~24.04.1-Ubuntu SMP PREEMPT_DYNAMIC Tue Apr 14 16:11:48 UTC 2', machine='x86_64')
TIMESTAMP_DATA  1778236630.591847
CONFIG  {'ERT_RESULTS': ['roofline/mylaptop/Results'], 'ERT_DRIVER': ['driver1'], 'ERT_KERNEL': ['kernel1'], 'ERT_MPI': ['False'], 'ERT_MPI_CFLAGS': [], 'ERT_MPI_LDFLAGS': [], 'ERT_MPI_PROCS': ['1'], 'ERT_OPENMP': ['True'], 'ERT_OPENMP_CFLAGS': ['-fopenmp'], 'ERT_OPENMP_LDFLAGS': ['-fopenmp'], 'ERT_OPENMP_THREADS': ['1,2,4'], 'ERT_GPU': ['False'], 'ERT_GPU_CFLAGS': [], 'ERT_GPU_LDFLAGS': [], 'ERT_GPU_BLOCKS': ['1'], 'ERT_GPU_THREADS': ['1'], 'ERT_HIP': ['False'], 'ERT_OCL': ['False'], 'ERT_SYCL': ['False'], 'ERT_FLOPS': ['1,2,4,8'], 'ERT_ALIGN': ['32'], 'ERT_CC': ['g++'], 'ERT_CFLAGS': ['-O3', '-march=native', '-mavx2', '-mfma', '-ffast-math'], 'ERT_LD': ['g++'], 'ERT_LDFLAGS': [], 'ERT_LDLIBS': [], 'ERT_PRECISION': ['FP64'], 'ERT_PROCS_THREADS': ['6'], 'ERT_BLOCKS_THREADS': ['1'], 'ERT_WORKING_SET_MIN': ['1'], 'ERT_MEMORY_MAX': ['2147483648'], 'ERT_WSS_MULT': ['2.0'], 'ERT_TRIALS_MIN': ['1'], 'ERT_NUM_EXPERIMENTS': ['1'], 'ERT_RUN': ['OMP_NUM_THREADS=ERT_OPENMP_THREADS', './ERT_CODE'], 'ERT_GNUPLOT': ['False']}
