fp64
          16            1           1.410           32            8
          16            2           0.656           64           16
          16            4           0.677          128           32
          16            8           0.648          256           64
          16           16           0.653          512          128
          16           32           0.658         1024          256
          16           64           0.724         2048          512
          16          128           0.881         4096         1024
          16          256           1.205         8192         2048
          16          512           1.846        16384         4096
          16         1024           3.130        32768         8192
          16         2048           5.689        65536        16384
          16         4096          10.807       131072        32768
          16         8192          21.091       262144        65536
          16        16384          41.600       524288       131072
          16        32768          82.640      1048576       262144
          16        65536         164.745      2097152       524288
          16       131072         335.084      4194304      1048576
          16       262144         718.930      8388608      2097152
          16       524288        1343.778     16777216      4194304
          16      1048576        2663.076     33554432      8388608
          16      2097152        5529.286     67108864     16777216
          16      4194304       11013.147    134217728     33554432
          16      8388608       24275.332    268435456     67108864
          16     16777216       45184.268    536870912    134217728
          16     33554432       84748.787   1073741824    268435456
          16     67108864      174016.329   2147483648    536870912
          16    134217728      319428.737   4294967296   1073741824
          32            1           1.756           64           16
          32            2           0.541          128           32
          32            4           0.560          256           64
          32            8           0.523          512          128
          32           16           0.531         1024          256
          32           32           0.528         2048          512
          32           64           0.594         4096         1024
          32          128           0.727         8192         2048
          32          256           0.987        16384         4096
          32          512           1.514        32768         8192
          32         1024           2.559        65536        16384
          32         2048           4.789       131072        32768
          32         4096           8.802       262144        65536
          32         8192          17.879       524288       131072
          32        16384          35.865      1048576       262144
          32        32768          71.930      2097152       524288
          32        65536         143.879      4194304      1048576
          32       131072         292.487      8388608      2097152
          32       262144         543.383     16777216      4194304
          32       524288        1545.085     33554432      8388608
          32      1048576        2226.505     67108864     16777216
          32      2097152        4714.281    134217728     33554432
          32      4194304        8850.537    268435456     67108864
          32      8388608       17390.172    536870912    134217728
          32     16777216       35306.565   1073741824    268435456
          32     33554432       73243.923   2147483648    536870912
          32     67108864      143345.737   4294967296   1073741824
          64            1           1.013          128           32
          64            2           0.548          256           64
          64            4           0.572          512          128
          64            8           0.551         1024          256
          64           16           0.550         2048          512
          64           32           0.551         4096         1024
          64           64           0.725         8192         2048
          64          128           0.776        16384         4096
          64          256           1.068        32768         8192
          64          512           1.652        65536        16384
          64         1024           2.810       131072        32768
          64         2048           5.134       262144        65536
          64         4096           9.794       524288       131072
          64         8192          19.093      1048576       262144
          64        16384          37.729      2097152       524288
          64        32768          74.988      4194304      1048576
          64        65536         155.210      8388608      2097152
          64       131072         294.151     16777216      4194304
          64       262144         587.586     33554432      8388608
          64       524288        1198.584     67108864     16777216
          64      1048576        2510.334    134217728     33554432
          64      2097152        4734.500    268435456     67108864
          64      4194304       11066.128    536870912    134217728
          64      8388608       19825.605   1073741824    268435456
          64     16777216       40388.512   2147483648    536870912
          64     33554432       79030.814   4294967296   1073741824
         128            1           0.963          256           64
         128            2           0.581          512          128
         128            4           0.639         1024          256
         128            8           0.605         2048          512
         128           16           0.627         4096         1024
         128           32           0.666         8192         2048
         128           64           0.658        16384         4096
         128          128           0.816        32768         8192
         128          256           1.102        65536        16384
         128          512           1.695       131072        32768
         128         1024           2.883       262144        65536
         128         2048           5.275       524288       131072
         128         4096          19.368      1048576       262144
         128         8192          19.613      2097152       524288
         128        16384          38.619      4194304      1048576
         128        32768          76.804      8388608      2097152
         128        65536         153.040     16777216      4194304
         128       131072         333.852     33554432      8388608
         128       262144         581.696     67108864     16777216
         128       524288        1174.783    134217728     33554432
         128      1048576        2435.494    268435456     67108864
         128      2097152        4837.771    536870912    134217728
         128      4194304       11132.093   1073741824    268435456
         128      8388608       19935.167   2147483648    536870912
         128     16777216       39331.227   4294967296   1073741824
         256            1           1.054          512          128
         256            2           0.640         1024          256
         256            4           0.567         2048          512
         256            8           0.574         4096         1024
         256           16           0.553         8192         2048
         256           32           0.589        16384         4096
         256           64           0.646        32768         8192
         256          128           0.789        65536        16384
         256          256           1.082       131072        32768
         256          512           1.677       262144        65536
         256         1024           2.838       524288       131072
         256         2048           5.160      1048576       262144
         256         4096           9.859      2097152       524288
         256         8192          19.015      4194304      1048576
         256        16384          37.947      8388608      2097152
         256        32768          80.970     16777216      4194304
         256        65536         189.976     33554432      8388608
         256       131072         294.723     67108864     16777216
         256       262144         579.525    134217728     33554432
         256       524288        1730.987    268435456     67108864
         256      1048576        2329.627    536870912    134217728
         256      2097152        4901.843   1073741824    268435456
         256      4194304       10385.834   2147483648    536870912
         256      8388608       20598.367   4294967296   1073741824
         512            1           1.477         1024          256
         512            2           0.657         2048          512
         512            4           0.566         4096         1024
         512            8           0.549         8192         2048
         512           16           0.569        16384         4096
         512           32           0.621        32768         8192
         512           64           0.720        65536        16384
         512          128           0.912       131072        32768
         512          256           1.303       262144        65536
         512          512           2.055       524288       131072
         512         1024           3.403      1048576       262144
         512         2048           6.286      2097152       524288
         512         4096          11.579      4194304      1048576
         512         8192          21.066      8388608      2097152
         512        16384          41.631     16777216      4194304
         512        32768          82.846     33554432      8388608
         512        65536         170.509     67108864     16777216
         512       131072         411.510    134217728     33554432
         512       262144         916.252    268435456     67108864
         512       524288        1374.988    536870912    134217728
         512      1048576        3297.031   1073741824    268435456
         512      2097152        6792.620   2147483648    536870912
         512      4194304       13692.205   4294967296   1073741824
        1024            1           1.184         2048          512
        1024            2           0.586         4096         1024
        1024            4           0.585         8192         2048
        1024            8           0.599        16384         4096
        1024           16           0.744        32768         8192
        1024           32           0.698        65536        16384
        1024           64           0.866       131072        32768
        1024          128           1.229       262144        65536
        1024          256           1.920       524288       131072
        1024          512           3.327      1048576       262144
        1024         1024           7.132      2097152       524288
        1024         2048          13.090      4194304      1048576
        1024         4096          25.499      8388608      2097152
        1024         8192          43.777     16777216      4194304
        1024        16384          77.968     33554432      8388608
        1024        32768         169.896     67108864     16777216
        1024        65536         361.371    134217728     33554432
        1024       131072         647.491    268435456     67108864
        1024       262144        1459.286    536870912    134217728
        1024       524288        2660.308   1073741824    268435456
        1024      1048576        6183.096   2147483648    536870912
        1024      2097152       12705.568   4294967296   1073741824
        2048            1           1.154         4096         1024
        2048            2           0.671         8192         2048
        2048            4           0.621        16384         4096
        2048            8           0.650        32768         8192
        2048           16           0.686        65536        16384
        2048           32           0.786       131072        32768
        2048           64           1.179       262144        65536
        2048          128           1.479       524288       131072
        2048          256           2.403      1048576       262144
        2048          512           4.264      2097152       524288
        2048         1024           8.491      4194304      1048576
        2048         2048          13.877      8388608      2097152
        2048         4096          28.440     16777216      4194304
        2048         8192          56.205     33554432      8388608
        2048        16384         120.496     67108864     16777216
        2048        32768         224.512    134217728     33554432
        2048        65536         510.905    268435456     67108864
        2048       131072        1017.449    536870912    134217728
        2048       262144        2283.024   1073741824    268435456
        2048       524288        4370.211   2147483648    536870912
        2048      1048576        8789.464   4294967296   1073741824
        4096            1           1.438         8192         2048
        4096            2           0.649        16384         4096
        4096            4           0.669        32768         8192
        4096            8           0.730        65536        16384
        4096           16           0.861       131072        32768
        4096           32           1.135       262144        65536
        4096           64           1.686       524288       131072
        4096          128           3.598      1048576       262144
        4096          256           6.281      2097152       524288
        4096          512          13.759      4194304      1048576
        4096         1024          17.245      8388608      2097152
        4096         2048          33.340     16777216      4194304
        4096         4096          77.241     33554432      8388608
        4096         8192         161.812     67108864     16777216
        4096        16384         295.140    134217728     33554432
        4096        32768         594.485    268435456     67108864
        4096        65536        1117.356    536870912    134217728
        4096       131072        2625.608   1073741824    268435456
        4096       262144        5930.579   2147483648    536870912
        4096       524288       11568.229   4294967296   1073741824
        8192            1           1.778        16384         4096
        8192            2           0.690        32768         8192
        8192            4           0.820        65536        16384
        8192            8           0.881       131072        32768
        8192           16           1.183       262144        65536
        8192           32           1.738       524288       131072
        8192           64           2.876      1048576       262144
        8192          128           5.151      2097152       524288
        8192          256           9.686      4194304      1048576
        8192          512          18.214      8388608      2097152
        8192         1024          35.591     16777216      4194304
        8192         2048          70.623     33554432      8388608
        8192         4096         140.596     67108864     16777216
        8192         8192         293.273    134217728     33554432
        8192        16384         506.101    268435456     67108864
        8192        32768        1080.616    536870912    134217728
        8192        65536        2298.206   1073741824    268435456
        8192       131072        5264.177   2147483648    536870912
        8192       262144       10870.660   4294967296   1073741824
       16384            1           2.521        32768         8192
       16384            2           0.966        65536        16384
       16384            4           0.996       131072        32768
       16384            8           1.240       262144        65536
       16384           16           1.787       524288       131072
       16384           32           2.905      1048576       262144
       16384           64           5.267      2097152       524288
       16384          128           9.356      4194304      1048576
       16384          256          18.024      8388608      2097152
       16384          512          37.981     16777216      4194304
       16384         1024          82.261     33554432      8388608
       16384         2048         142.565     67108864     16777216
       16384         4096         276.663    134217728     33554432
       16384         8192         500.054    268435456     67108864
       16384        16384        1051.031    536870912    134217728
       16384        32768        3145.944   1073741824    268435456
       16384        65536        5353.394   2147483648    536870912
       16384       131072       10955.347   4294967296   1073741824
       32768            1           3.342        65536        16384
       32768            2           1.228       131072        32768
       32768            4           1.330       262144        65536
       32768            8           1.696       524288       131072
       32768           16           2.699      1048576       262144
       32768           32           5.123      2097152       524288
       32768           64           9.145      4194304      1048576
       32768          128          18.860      8388608      2097152
       32768          256          34.050     16777216      4194304
       32768          512          66.241     33554432      8388608
       32768         1024         139.088     67108864     16777216
       32768         2048         344.588    134217728     33554432
       32768         4096         496.469    268435456     67108864
       32768         8192        1067.245    536870912    134217728
       32768        16384        2403.308   1073741824    268435456
       32768        32768        5167.372   2147483648    536870912
       32768        65536       10612.162   4294967296   1073741824
       65536            1           4.823       131072        32768
       65536            2           2.121       262144        65536
       65536            4           2.415       524288       131072
       65536            8           3.469      1048576       262144
       65536           16           5.915      2097152       524288
       65536           32          10.885      4194304      1048576
       65536           64          20.493      8388608      2097152
       65536          128          44.947     16777216      4194304
       65536          256          73.063     33554432      8388608
       65536          512         144.995     67108864     16777216
       65536         1024         287.354    134217728     33554432
       65536         2048         526.648    268435456     67108864
       65536         4096        1478.204    536870912    134217728
       65536         8192        2793.544   1073741824    268435456
       65536        16384        4029.873   2147483648    536870912
       65536        32768        8923.426   4294967296   1073741824
      131072            1           7.764       262144        65536
      131072            2           3.937       524288       131072
      131072            4           6.715      1048576       262144
      131072            8           9.693      2097152       524288
      131072           16          14.337      4194304      1048576
      131072           32          30.931      8388608      2097152
      131072           64          55.572     16777216      4194304
      131072          128         106.210     33554432      8388608
      131072          256         217.093     67108864     16777216
      131072          512         378.925    134217728     33554432
      131072         1024         625.019    268435456     67108864
      131072         2048        1296.857    536870912    134217728
      131072         4096        2841.640   1073741824    268435456
      131072         8192        7089.877   2147483648    536870912
      131072        16384       12766.180   4294967296   1073741824
      262144            1          14.456       524288       131072
      262144            2           6.759      1048576       262144
      262144            4           8.978      2097152       524288
      262144            8          13.794      4194304      1048576
      262144           16          24.798      8388608      2097152
      262144           32          46.433     16777216      4194304
      262144           64          88.544     33554432      8388608
      262144          128         174.103     67108864     16777216
      262144          256         382.198    134217728     33554432
      262144          512         634.980    268435456     67108864
      262144         1024        1266.860    536870912    134217728
      262144         2048        2917.534   1073741824    268435456
      262144         4096        5676.123   2147483648    536870912
      262144         8192       11794.854   4294967296   1073741824
      524288            1          34.940      1048576       262144
      524288            2          11.062      2097152       524288
      524288            4          64.486      4194304      1048576
      524288            8          27.775      8388608      2097152
      524288           16          49.616     16777216      4194304
      524288           32          93.393     33554432      8388608
      524288           64         193.054     67108864     16777216
      524288          128         395.321    134217728     33554432
      524288          256         669.101    268435456     67108864
      524288          512        1323.134    536870912    134217728
      524288         1024        2644.734   1073741824    268435456
      524288         2048        7875.269   2147483648    536870912
      524288         4096       13638.580   4294967296   1073741824
     1048576            1          57.152      2097152       524288
     1048576            2          22.550      4194304      1048576
     1048576            4          30.892      8388608      2097152
     1048576            8          50.669     16777216      4194304
     1048576           16          91.388     33554432      8388608
     1048576           32         174.410     67108864     16777216
     1048576           64         337.825    134217728     33554432
     1048576          128         655.747    268435456     67108864
     1048576          256        1515.131    536870912    134217728
     1048576          512        3475.543   1073741824    268435456
     1048576         1024        6967.678   2147483648    536870912
     1048576         2048       13063.811   4294967296   1073741824
     2097152            1         104.561      4194304      1048576
     2097152            2          50.252      8388608      2097152
     2097152            4          68.481     16777216      4194304
     2097152            8         125.524     33554432      8388608
     2097152           16         196.746     67108864     16777216
     2097152           32         366.689    134217728     33554432
     2097152           64         634.500    268435456     67108864
     2097152          128        1423.462    536870912    134217728
     2097152          256        3207.827   1073741824    268435456
     2097152          512        6776.485   2147483648    536870912
     2097152         1024       13790.150   4294967296   1073741824
     4194304            1         211.234      8388608      2097152
     4194304            2         185.920     16777216      4194304
     4194304            4         230.684     33554432      8388608
     4194304            8         376.605     67108864     16777216
     4194304           16         608.461    134217728     33554432
     4194304           32        1149.505    268435456     67108864
     4194304           64        2182.643    536870912    134217728
     4194304          128        5349.783   1073741824    268435456
     4194304          256        9025.365   2147483648    536870912
     4194304          512       18017.284   4294967296   1073741824
     8388608            1         441.864     16777216      4194304
     8388608            2         550.938     33554432      8388608
     8388608            4         661.136     67108864     16777216
     8388608            8         967.463    134217728     33554432
     8388608           16        1609.634    268435456     67108864
     8388608           32        3036.167    536870912    134217728
     8388608           64        5885.756   1073741824    268435456
     8388608          128       11303.140   2147483648    536870912
     8388608          256       23804.087   4294967296   1073741824
    16777216            1         928.572     33554432      8388608
    16777216            2        1442.376     67108864     16777216
    16777216            4        1909.677    134217728     33554432
    16777216            8        6342.054    268435456     67108864
    16777216           16        4688.921    536870912    134217728
    16777216           32        5935.340   1073741824    268435456
    16777216           64       13168.833   2147483648    536870912
    16777216          128       22240.891   4294967296   1073741824
    33554432            1        1693.280     67108864     16777216
    33554432            2        3150.186    134217728     33554432
    33554432            4        4307.211    268435456     67108864
    33554432            8        7062.995    536870912    134217728
    33554432           16       12792.478   1073741824    268435456
    33554432           32       22682.245   2147483648    536870912
    33554432           64       44614.897   4294967296   1073741824
    67108864            1        3460.391    134217728     33554432
    67108864            2        8174.774    268435456     67108864
    67108864            4       12110.930    536870912    134217728
    67108864            8       17418.812   1073741824    268435456
    67108864           16       27452.365   2147483648    536870912
    67108864           32       53124.156   4294967296   1073741824
   134217728            1        6682.363    268435456     67108864
   134217728            2       13783.777    536870912    134217728
   134217728            4       19323.172   1073741824    268435456
   134217728            8       33601.284   2147483648    536870912
   134217728           16       58446.113   4294967296   1073741824
   268435456            1       12637.489    536870912    134217728
   268435456            2       25355.599   1073741824    268435456
   268435456            4       37911.317   2147483648    536870912
   268435456            8       64510.544   4294967296   1073741824
   536870912            1       25823.427   1073741824    268435456
   536870912            2       48495.691   2147483648    536870912
   536870912            4       78704.601   4294967296   1073741824
  1073741824            1       50563.057   2147483648    536870912
  1073741824            2      109631.821   4294967296   1073741824
  2147483648            1      101972.572   4294967296   1073741824

META_DATA
FLOPS          4
OPENMP_THREADS 2
ERT_VERSION  1.1.0
HOSTNAME  ('areeba-vm', [], ['127.0.1.1'])
UNAME  uname_result(system='Linux', node='areeba-vm', release='6.17.0-23-generic', version='#23~24.04.1-Ubuntu SMP PREEMPT_DYNAMIC Tue Apr 14 16:11:48 UTC 2', machine='x86_64')
TIMESTAMP_DATA  1778236630.591847
CONFIG  {'ERT_RESULTS': ['roofline/mylaptop/Results'], 'ERT_DRIVER': ['driver1'], 'ERT_KERNEL': ['kernel1'], 'ERT_MPI': ['False'], 'ERT_MPI_CFLAGS': [], 'ERT_MPI_LDFLAGS': [], 'ERT_MPI_PROCS': ['1'], 'ERT_OPENMP': ['True'], 'ERT_OPENMP_CFLAGS': ['-fopenmp'], 'ERT_OPENMP_LDFLAGS': ['-fopenmp'], 'ERT_OPENMP_THREADS': ['1,2,4'], 'ERT_GPU': ['False'], 'ERT_GPU_CFLAGS': [], 'ERT_GPU_LDFLAGS': [], 'ERT_GPU_BLOCKS': ['1'], 'ERT_GPU_THREADS': ['1'], 'ERT_HIP': ['False'], 'ERT_OCL': ['False'], 'ERT_SYCL': ['False'], 'ERT_FLOPS': ['1,2,4,8'], 'ERT_ALIGN': ['32'], 'ERT_CC': ['g++'], 'ERT_CFLAGS': ['-O3', '-march=native', '-mavx2', '-mfma', '-ffast-math'], 'ERT_LD': ['g++'], 'ERT_LDFLAGS': [], 'ERT_LDLIBS': [], 'ERT_PRECISION': ['FP64'], 'ERT_PROCS_THREADS': ['6'], 'ERT_BLOCKS_THREADS': ['1'], 'ERT_WORKING_SET_MIN': ['1'], 'ERT_MEMORY_MAX': ['2147483648'], 'ERT_WSS_MULT': ['2.0'], 'ERT_TRIALS_MIN': ['1'], 'ERT_NUM_EXPERIMENTS': ['1'], 'ERT_RUN': ['OMP_NUM_THREADS=ERT_OPENMP_THREADS', './ERT_CODE'], 'ERT_GNUPLOT': ['False']}
