fp64
 16 134217728 24708.113 24708.113 24708.113 173.82821974304554 173.82821974304554 173.82821974304554 10.864263733940346 10.864263733940346 10.864263733940346
 32 67108864 12809.06 12809.06 12809.06 335.30698552430863 335.30698552430863 335.30698552430863 20.95668659526929 20.95668659526929 20.95668659526929
 64 33554432 8002.036 8002.036 8002.036 536.7343131173117 536.7343131173117 536.7343131173117 33.54589456983198 33.54589456983198 33.54589456983198
 128 16777216 3989.617 3989.617 3989.617 1076.5362429526444 1076.5362429526444 1076.5362429526444 67.28351518454028 67.28351518454028 67.28351518454028
 256 8388608 2468.309 2468.309 2468.309 1740.0444174534064 1740.0444174534064 1740.0444174534064 108.7527760908379 108.7527760908379 108.7527760908379
 512 4194304 1683.724 1683.724 1683.724 2550.8737156446073 2550.8737156446073 2550.8737156446073 159.42960722778795 159.42960722778795 159.42960722778795
 1024 2097152 1329.701 1329.701 1329.701 3230.0248672445914 3230.0248672445914 3230.0248672445914 201.87655420278696 201.87655420278696 201.87655420278696
 2048 1048576 3263.285 3263.285 3263.285 1316.1483891232303 1316.1483891232303 1316.1483891232303 82.2592743202019 82.2592743202019 82.2592743202019
 4096 524288 2256.258 2256.258 2256.258 1903.5798636503453 1903.5798636503453 1903.5798636503453 118.97374147814658 118.97374147814658 118.97374147814658
 8192 262144 2365.638 2365.638 2365.638 1815.5640448792253 1815.5640448792253 1815.5640448792253 113.47275280495158 113.47275280495158 113.47275280495158
 16384 131072 1636.848 1636.848 1636.848 2623.9255544803186 2623.9255544803186 2623.9255544803186 163.9953471550199 163.9953471550199 163.9953471550199
 32768 65536 1309.108 1309.108 1309.108 3280.834962432435 3280.834962432435 3280.834962432435 205.0521851520272 205.0521851520272 205.0521851520272
 65536 32768 1209.094 1209.094 1209.094 3552.219509814787 3552.219509814787 3552.219509814787 222.0137193634242 222.0137193634242 222.0137193634242
 131072 16384 1131.893 1131.893 1131.893 3794.499388193053 3794.499388193053 3794.499388193053 237.15621176206582 237.15621176206582 237.15621176206582
 262144 8192 1037.441 1037.441 1037.441 4139.962943434855 4139.962943434855 4139.962943434855 258.74768396467846 258.74768396467846 258.74768396467846
 524288 4096 975.066 975.066 975.066 4404.796491724663 4404.796491724663 4404.796491724663 275.2997807327914 275.2997807327914 275.2997807327914
 1048576 2048 983.592 983.592 983.592 4366.614710164377 4366.614710164377 4366.614710164377 272.9134193852736 272.9134193852736 272.9134193852736
 2097152 1024 1158.721 1158.721 1158.721 3706.64490934401 3706.64490934401 3706.64490934401 231.66530683400063 231.66530683400063 231.66530683400063
 4194304 512 1069.59 1069.59 1069.59 4015.526786899654 4015.526786899654 4015.526786899654 250.97042418122837 250.97042418122837 250.97042418122837
 8388608 256 1325.035 1325.035 1325.035 3241.399129834306 3241.399129834306 3241.399129834306 202.58744561464414 202.58744561464414 202.58744561464414
 16777216 128 1775.03 1775.03 1775.03 2419.658989425531 2419.658989425531 2419.658989425531 151.2286868390957 151.2286868390957 151.2286868390957
 33554432 64 3123.146 3123.146 3123.146 1375.2054165895543 1375.2054165895543 1375.2054165895543 85.95033853684714 85.95033853684714 85.95033853684714
 67108864 32 6061.824 6061.824 6061.824 708.5272182102286 708.5272182102286 708.5272182102286 44.28295113813929 44.28295113813929 44.28295113813929
 134217728 16 11748.339 11748.339 11748.339 365.5808107001339 365.5808107001339 365.5808107001339 22.84880066875837 22.84880066875837 22.84880066875837
 268435456 8 22853.273 22853.273 22853.273 187.93663804742542 187.93663804742542 187.93663804742542 11.746039877964089 11.746039877964089 11.746039877964089
 536870912 4 49278.531 49278.531 49278.531 87.15696691526783 87.15696691526783 87.15696691526783 5.447310432204239 5.447310432204239 5.447310432204239
 1073741824 2 96544.473 96544.473 96544.473 44.4869308676013 44.4869308676013 44.4869308676013 2.7804331792250814 2.7804331792250814 2.7804331792250814
 2147483648 1 92051.738 92051.738 92051.738 46.65818798554353 46.65818798554353 46.65818798554353 2.9161367490964705 2.9161367490964705 2.9161367490964705
 
META_DATA
 FLOPS          1
 OPENMP_THREADS 2
 ERT_VERSION  1.1.0
 HOSTNAME  ('areeba-vm', [], ['127.0.1.1'])
 UNAME  uname_result(system='Linux', node='areeba-vm', release='6.17.0-23-generic', version='#23~24.04.1-Ubuntu SMP PREEMPT_DYNAMIC Tue Apr 14 16:11:48 UTC 2', machine='x86_64')
 TIMESTAMP_DATA  1778236599.46865
 CONFIG  {'ERT_RESULTS': ['roofline/mylaptop/Results'], 'ERT_DRIVER': ['driver1'], 'ERT_KERNEL': ['kernel1'], 'ERT_MPI': ['False'], 'ERT_MPI_CFLAGS': [], 'ERT_MPI_LDFLAGS': [], 'ERT_MPI_PROCS': ['1'], 'ERT_OPENMP': ['True'], 'ERT_OPENMP_CFLAGS': ['-fopenmp'], 'ERT_OPENMP_LDFLAGS': ['-fopenmp'], 'ERT_OPENMP_THREADS': ['1,2,4'], 'ERT_GPU': ['False'], 'ERT_GPU_CFLAGS': [], 'ERT_GPU_LDFLAGS': [], 'ERT_GPU_BLOCKS': ['1'], 'ERT_GPU_THREADS': ['1'], 'ERT_HIP': ['False'], 'ERT_OCL': ['False'], 'ERT_SYCL': ['False'], 'ERT_FLOPS': ['1,2,4,8'], 'ERT_ALIGN': ['32'], 'ERT_CC': ['g++'], 'ERT_CFLAGS': ['-O3', '-march=native', '-mavx2', '-mfma', '-ffast-math'], 'ERT_LD': ['g++'], 'ERT_LDFLAGS': [], 'ERT_LDLIBS': [], 'ERT_PRECISION': ['FP64'], 'ERT_PROCS_THREADS': ['6'], 'ERT_BLOCKS_THREADS': ['1'], 'ERT_WORKING_SET_MIN': ['1'], 'ERT_MEMORY_MAX': ['2147483648'], 'ERT_WSS_MULT': ['2.0'], 'ERT_TRIALS_MIN': ['1'], 'ERT_NUM_EXPERIMENTS': ['1'], 'ERT_RUN': ['OMP_NUM_THREADS=ERT_OPENMP_THREADS', './ERT_CODE'], 'ERT_GNUPLOT': ['False']}
 