fp64

16 1 2.445 2.445 2.445 0.0130879345603272 0.0130879345603272 0.0130879345603272 0.00081799591002045 0.00081799591002045 0.00081799591002045
16 2 0.569 0.569 0.569 0.1124780316344464 0.1124780316344464 0.1124780316344464 0.0070298769771529 0.0070298769771529 0.0070298769771529
16 4 0.575 0.575 0.575 0.22260869565217392 0.22260869565217392 0.22260869565217392 0.01391304347826087 0.01391304347826087 0.01391304347826087
16 8 0.563 0.563 0.563 0.45470692717584377 0.45470692717584377 0.45470692717584377 0.028419182948490235 0.028419182948490235 0.028419182948490235
16 16 0.57 0.57 0.57 0.8982456140350878 0.8982456140350878 0.8982456140350878 0.05614035087719299 0.05614035087719299 0.05614035087719299
16 32 0.568 0.568 0.568 1.8028169014084512 1.8028169014084512 1.8028169014084512 0.1126760563380282 0.1126760563380282 0.1126760563380282
16 64 0.562 0.562 0.562 3.6441281138790034 3.6441281138790034 3.6441281138790034 0.2277580071174377 0.2277580071174377 0.2277580071174377
16 128 0.565 0.565 0.565 7.249557522123895 7.249557522123895 7.249557522123895 0.4530973451327434 0.4530973451327434 0.4530973451327434
16 256 0.581 0.581 0.581 14.099827882960415 14.099827882960415 14.099827882960415 0.881239242685026 0.881239242685026 0.881239242685026
16 512 0.608 0.608 0.608 26.947368421052637 26.947368421052637 26.947368421052637 1.6842105263157898 1.6842105263157898 1.6842105263157898
16 1024 0.673 0.673 0.673 48.68945022288261 48.68945022288261 48.68945022288261 3.0430906389301633 3.0430906389301633 3.0430906389301633
16 2048 0.799 0.799 0.799 82.02252816020025 82.02252816020025 82.02252816020025 5.126408010012516 5.126408010012516 5.126408010012516
16 4096 1.039 1.039 1.039 126.15206929740137 126.15206929740137 126.15206929740137 7.8845043310875855 7.8845043310875855 7.8845043310875855
16 8192 1.53 1.53 1.53 171.33594771241832 171.33594771241832 171.33594771241832 10.708496732026145 10.708496732026145 10.708496732026145
16 16384 2.509 2.509 2.509 208.9629334396174 208.9629334396174 208.9629334396174 13.060183339976087 13.060183339976087 13.060183339976087
16 32768 4.394 4.394 4.394 238.63814292216662 238.63814292216662 238.63814292216662 14.914883932635414 14.914883932635414 14.914883932635414
16 65536 9.488 9.488 9.488 221.0320404721754 221.0320404721754 221.0320404721754 13.814502529510962 13.814502529510962 13.814502529510962
16 131072 17.502 17.502 17.502 239.647126042738 239.647126042738 239.647126042738 14.977945377671125 14.977945377671125 14.977945377671125
16 262144 35.39 35.39 35.39 237.0332862390506 237.0332862390506 237.0332862390506 14.814580389940662 14.814580389940662 14.814580389940662
16 524288 70.864 70.864 70.864 236.75231429216527 236.75231429216527 236.75231429216527 14.79701964326033 14.79701964326033 14.79701964326033
16 1048576 154.889 154.889 154.889 216.63534531180392 216.63534531180392 216.63534531180392 13.539709081987745 13.539709081987745 13.539709081987745
16 2097152 288.57 288.57 288.57 232.55662057732962 232.55662057732962 232.55662057732962 14.534788786083102 14.534788786083102 14.534788786083102
16 4194304 990.209 990.209 990.209 135.54484760287983 135.54484760287983 135.54484760287983 8.47155297517999 8.47155297517999 8.47155297517999
16 8388608 1830.733 1830.733 1830.733 146.6273104816486 146.6273104816486 146.6273104816486 9.164206905103038 9.164206905103038 9.164206905103038
16 16777216 4024.209 4024.209 4024.209 133.41029553882515 133.41029553882515 133.41029553882515 8.338143471176572 8.338143471176572 8.338143471176572
16 33554432 7505.689 7505.689 7505.689 143.05706298249234 143.05706298249234 143.05706298249234 8.941066436405771 8.941066436405771 8.941066436405771
16 67108864 15977.362 15977.362 15977.362 134.40789837521365 134.40789837521365 134.40789837521365 8.400493648450853 8.400493648450853 8.400493648450853
16 134217728 24708.113 24708.113 24708.113 173.82821974304554 173.82821974304554 173.82821974304554 10.864263733940346 10.864263733940346 10.864263733940346

32 1 1.121 1.121 1.121 0.05709188224799287 0.05709188224799287 0.05709188224799287 0.0035682426404995546 0.0035682426404995546 0.0035682426404995546
32 2 0.607 0.607 0.607 0.2108731466227348 0.2108731466227348 0.2108731466227348 0.013179571663920924 0.013179571663920924 0.013179571663920924
32 4 0.623 0.623 0.623 0.41091492776886035 0.41091492776886035 0.41091492776886035 0.025682182985553772 0.025682182985553772 0.025682182985553772
32 8 0.629 0.629 0.629 0.8139904610492846 0.8139904610492846 0.8139904610492846 0.05087440381558029 0.05087440381558029 0.05087440381558029
32 16 0.671 0.671 0.671 1.526080476900149 1.526080476900149 1.526080476900149 0.09538002980625931 0.09538002980625931 0.09538002980625931
32 32 0.618 0.618 0.618 3.3139158576051786 3.3139158576051786 3.3139158576051786 0.20711974110032366 0.20711974110032366 0.20711974110032366
32 64 0.623 0.623 0.623 6.574638844301766 6.574638844301766 6.574638844301766 0.41091492776886035 0.41091492776886035 0.41091492776886035
32 128 0.623 0.623 0.623 13.149277688603531 13.149277688603531 13.149277688603531 0.8218298555377207 0.8218298555377207 0.8218298555377207
32 256 0.636 0.636 0.636 25.761006289308177 25.761006289308177 25.761006289308177 1.610062893081761 1.610062893081761 1.610062893081761
32 512 0.674 0.674 0.674 48.61721068249258 48.61721068249258 48.61721068249258 3.0385756676557865 3.0385756676557865 3.0385756676557865
32 1024 0.742 0.742 0.742 88.3234501347709 88.3234501347709 88.3234501347709 5.520215633423181 5.520215633423181 5.520215633423181
32 2048 0.878 0.878 0.878 149.2847380410023 149.2847380410023 149.2847380410023 9.330296127562644 9.330296127562644 9.330296127562644
32 4096 1.158 1.158 1.158 226.37651122625218 226.37651122625218 226.37651122625218 14.148531951640761 14.148531951640761 14.148531951640761
32 8192 1.713 1.713 1.713 306.0642148277875 306.0642148277875 306.0642148277875 19.12901342673672 19.12901342673672 19.12901342673672
32 16384 2.823 2.823 2.823 371.4403117251152 371.4403117251152 371.4403117251152 23.2150194828197 23.2150194828197 23.2150194828197
32 32768 5.047 5.047 5.047 415.52446998216766 415.52446998216766 415.52446998216766 25.97027937388548 25.97027937388548 25.97027937388548
32 65536 9.483 9.483 9.483 442.29716334493304 442.29716334493304 442.29716334493304 27.643572709058315 27.643572709058315 27.643572709058315
32 131072 18.354 18.354 18.354 457.0452217500272 457.0452217500272 457.0452217500272 28.5653263593767 28.5653263593767 28.5653263593767
32 262144 36.108 36.108 36.108 464.6398582031684 464.6398582031684 464.6398582031684 29.039991137698024 29.039991137698024 29.039991137698024
32 524288 77.863 77.863 77.863 430.94193647817326 430.94193647817326 430.94193647817326 26.93387102988583 26.93387102988583 26.93387102988583
32 1048576 362.192 362.192 362.192 185.2853293280912 185.2853293280912 185.2853293280912 11.5803330830057 11.5803330830057 11.5803330830057
32 2097152 525.92 525.92 525.92 255.20559780955284 255.20559780955284 255.20559780955284 15.950349863097053 15.950349863097053 15.950349863097053
32 4194304 909.35 909.35 909.35 295.1948710617474 295.1948710617474 295.1948710617474 18.449679441359212 18.449679441359212 18.449679441359212
32 8388608 1756.466 1756.466 1756.466 305.65403030858556 305.65403030858556 305.65403030858556 19.103376894286598 19.103376894286598 19.103376894286598
32 16777216 4472.169 4472.169 4472.169 240.09419679801906 240.09419679801906 240.09419679801906 15.005887299876191 15.005887299876191 15.005887299876191
32 33554432 7389.369 7389.369 7389.369 290.6180010769526 290.6180010769526 290.6180010769526 18.16362506730954 18.16362506730954 18.16362506730954
32 67108864 12809.06 12809.06 12809.06 335.30698552430863 335.30698552430863 335.30698552430863 20.95668659526929 20.95668659526929 20.95668659526929

64 1 0.971 0.971 0.971 0.1318228630278064 0.1318228630278064 0.1318228630278064 0.0082389289392379 0.0082389289392379 0.0082389289392379
64 2 0.585 0.585 0.585 0.4376068376068376 0.4376068376068376 0.4376068376068376 0.02735042735042735 0.02735042735042735 0.02735042735042735
64 4 0.557 0.557 0.557 0.9192100538599641 0.9192100538599641 0.9192100538599641 0.05745062836624776 0.05745062836624776 0.05745062836624776
64 8 0.55 0.55 0.55 1.8618181818181818 1.8618181818181818 1.8618181818181818 0.11636363636363636 0.11636363636363636 0.11636363636363636
64 16 0.555 0.555 0.555 3.6900900900900897 3.6900900900900897 3.6900900900900897 0.2306306306306306 0.2306306306306306 0.2306306306306306
64 32 0.552 0.552 0.552 7.420289855072463 7.420289855072463 7.420289855072463 0.46376811594202894 0.46376811594202894 0.46376811594202894
64 64 0.613 0.613 0.613 13.36378466557912 13.36378466557912 13.36378466557912 0.835236541598695 0.835236541598695 0.835236541598695
64 128 0.58 0.58 0.58 28.24827586206897 28.24827586206897 28.24827586206897 1.7655172413793105 1.7655172413793105 1.7655172413793105
64 256 0.6 0.6 0.6 54.61333333333334 54.61333333333334 54.61333333333334 3.4133333333333336 3.4133333333333336 3.4133333333333336
64 512 0.667 0.667 0.667 98.25487256371814 98.25487256371814 98.25487256371814 6.140929535232384 6.140929535232384 6.140929535232384
64 1024 0.781 0.781 0.781 167.8258642765685 167.8258642765685 167.8258642765685 10.489116517285531 10.489116517285531 10.489116517285531
64 2048 1.027 1.027 1.027 255.2521908471276 255.2521908471276 255.2521908471276 15.953261927945475 15.953261927945475 15.953261927945475
64 4096 1.515 1.515 1.515 346.0646864686469 346.0646864686469 346.0646864686469 21.629042904290433 21.629042904290433 21.629042904290433
64 8192 2.493 2.493 2.493 420.60810268752516 420.60810268752516 420.60810268752516 26.288006417970323 26.288006417970323 26.288006417970323
64 16384 4.442 4.442 4.442 472.11886537595683 472.11886537595683 472.11886537595683 29.507429085997302 29.507429085997302 29.507429085997302
64 32768 8.363 8.363 8.363 501.531029534856 501.531029534856 501.531029534856 31.3456893459285 31.3456893459285 31.3456893459285
64 65536 16.162 16.162 16.162 519.032792971167 519.032792971167 519.032792971167 32.43954956069794 32.43954956069794 32.43954956069794
64 131072 31.808 31.808 31.808 527.4527162977868 527.4527162977868 527.4527162977868 32.96579476861167 32.96579476861167 32.96579476861167
64 262144 75.361 75.361 75.361 445.2492934010961 445.2492934010961 445.2492934010961 27.828080837568507 27.828080837568507 27.828080837568507
64 524288 131.539 131.539 131.539 510.18225773344795 510.18225773344795 510.18225773344795 31.886391108340497 31.886391108340497 31.886391108340497
64 1048576 251.281 251.281 251.281 534.1340093361615 534.1340093361615 534.1340093361615 33.383375583510094 33.383375583510094 33.383375583510094
64 2097152 485.385 485.385 485.385 553.0361589253891 553.0361589253891 553.0361589253891 34.56475993283682 34.56475993283682 34.56475993283682
64 4194304 963.84 963.84 963.84 557.0124833997345 557.0124833997345 557.0124833997345 34.813280212483406 34.813280212483406 34.813280212483406
64 8388608 1947.354 1947.354 1947.354 551.3850198782553 551.3850198782553 551.3850198782553 34.46156374239096 34.46156374239096 34.46156374239096
64 16777216 3924.349 3924.349 3924.349 547.2203537452963 547.2203537452963 547.2203537452963 34.20127210908102 34.20127210908102 34.20127210908102
64 33554432 8002.036 8002.036 8002.036 536.7343131173117 536.7343131173117 536.7343131173117 33.54589456983198 33.54589456983198 33.54589456983198

128 1 0.928 0.928 0.928 0.27586206896551724 0.27586206896551724 0.27586206896551724 0.017241379310344827 0.017241379310344827 0.017241379310344827
128 2 0.556 0.556 0.556 0.9208633093525179 0.9208633093525179 0.9208633093525179 0.05755395683453237 0.05755395683453237 0.05755395683453237
128 4 0.559 0.559 0.559 1.8318425760286223 1.8318425760286223 1.8318425760286223 0.1144901610017889 0.1144901610017889 0.1144901610017889
128 8 0.55 0.55 0.55 3.7236363636363636 3.7236363636363636 3.7236363636363636 0.23272727272727273 0.23272727272727273 0.23272727272727273
128 16 0.553 0.553 0.553 7.406871609403255 7.406871609403255 7.406871609403255 0.4629294755877034 0.4629294755877034 0.4629294755877034
128 32 0.567 0.567 0.567 14.447971781305117 14.447971781305117 14.447971781305117 0.9029982363315698 0.9029982363315698 0.9029982363315698
128 64 0.556 0.556 0.556 29.467625899280574 29.467625899280574 29.467625899280574 1.8417266187050358 1.8417266187050358 1.8417266187050358
128 128 0.581 0.581 0.581 56.39931153184166 56.39931153184166 56.39931153184166 3.524956970740104 3.524956970740104 3.524956970740104
128 256 0.588 0.588 0.588 111.4557823129252 111.4557823129252 111.4557823129252 6.965986394557825 6.965986394557825 6.965986394557825
128 512 0.651 0.651 0.651 201.33947772657453 201.33947772657453 201.33947772657453 12.583717357910908 12.583717357910908 12.583717357910908
128 1024 0.768 0.768 0.768 341.33333333333337 341.33333333333337 341.33333333333337 21.333333333333336 21.333333333333336 21.333333333333336
128 2048 1.008 1.008 1.008 520.1269841269842 520.1269841269842 520.1269841269842 32.50793650793651 32.50793650793651 32.50793650793651
128 4096 1.486 1.486 1.486 705.6366083445491 705.6366083445491 705.6366083445491 44.10228802153432 44.10228802153432 44.10228802153432
128 8192 2.435 2.435 2.435 861.2533880903492 861.2533880903492 861.2533880903492 53.82833675564682 53.82833675564682 53.82833675564682
128 16384 4.341 4.341 4.341 966.206864777701 966.206864777701 966.206864777701 60.38792904860631 60.38792904860631 60.38792904860631
128 32768 8.149 8.149 8.149 1029.4033623757518 1029.4033623757518 1029.4033623757518 64.33771014848449 64.33771014848449 64.33771014848449
128 65536 15.817 15.817 15.817 1060.7078459884933 1060.7078459884933 1060.7078459884933 66.29424037428083 66.29424037428083 66.29424037428083
128 131072 31.073 31.073 31.073 1079.8581405078364 1079.8581405078364 1079.8581405078364 67.49113378173978 67.49113378173978 67.49113378173978
128 262144 61.612 61.612 61.612 1089.2174251769136 1089.2174251769136 1089.2174251769136 68.0760890735571 68.0760890735571 68.0760890735571
128 524288 128.218 128.218 128.218 1046.7931803646916 1046.7931803646916 1046.7931803646916 65.42457377279322 65.42457377279322 65.42457377279322
128 1048576 244.895 244.895 244.895 1096.1246901733396 1096.1246901733396 1096.1246901733396 68.50779313583372 68.50779313583372 68.50779313583372
128 2097152 489.216 489.216 489.216 1097.410779696494 1097.410779696494 1097.410779696494 68.58817373103088 68.58817373103088 68.58817373103088
128 4194304 970.714 970.714 970.714 1106.1361266037165 1106.1361266037165 1106.1361266037165 69.13350791273228 69.13350791273228 69.13350791273228
128 8388608 1944.277 1944.277 1944.277 1104.5152763726567 1104.5152763726567 1104.5152763726567 69.03220477329104 69.03220477329104 69.03220477329104
128 16777216 3989.617 3989.617 3989.617 1076.5362429526444 1076.5362429526444 1076.5362429526444 67.28351518454028 67.28351518454028 67.28351518454028

256 1 0.944 0.944 0.944 0.5423728813559322 0.5423728813559322 0.5423728813559322 0.03389830508474576 0.03389830508474576 0.03389830508474576
256 2 0.556 0.556 0.556 1.8417266187050358 1.8417266187050358 1.8417266187050358 0.11510791366906474 0.11510791366906474 0.11510791366906474
256 4 0.582 0.582 0.582 3.518900343642612 3.518900343642612 3.518900343642612 0.21993127147766325 0.21993127147766325 0.21993127147766325
256 8 0.588 0.588 0.588 6.965986394557825 6.965986394557825 6.965986394557825 0.43537414965986404 0.43537414965986404 0.43537414965986404
256 16 0.638 0.638 0.638 12.840125391849531 12.840125391849531 12.840125391849531 0.8025078369905957 0.8025078369905957 0.8025078369905957
256 32 0.568 0.568 0.568 28.84507042253522 28.84507042253522 28.84507042253522 1.8028169014084512 1.8028169014084512 1.8028169014084512
256 64 0.566 0.566 0.566 57.8939929328622 57.8939929328622 57.8939929328622 3.6183745583038873 3.6183745583038873 3.6183745583038873
256 128 0.583 0.583 0.583 112.41166380789024 112.41166380789024 112.41166380789024 7.02572898799314 7.02572898799314 7.02572898799314
256 256 0.621 0.621 0.621 211.06602254428344 211.06602254428344 211.06602254428344 13.191626409017715 13.191626409017715 13.191626409017715
256 512 0.698 0.698 0.698 375.56446991404016 375.56446991404016 375.56446991404016 23.47277936962751 23.47277936962751 23.47277936962751
256 1024 0.847 0.847 0.847 618.9940968122787 618.9940968122787 618.9940968122787 38.68713105076742 38.68713105076742 38.68713105076742
256 2048 1.155 1.155 1.155 907.8580086580088 907.8580086580088 907.8580086580088 56.74112554112555 56.74112554112555 56.74112554112555
256 4096 1.76 1.76 1.76 1191.5636363636363 1191.5636363636363 1191.5636363636363 74.47272727272727 74.47272727272727 74.47272727272727
256 8192 2.983 2.983 2.983 1406.0690579953068 1406.0690579953068 1406.0690579953068 87.87931612470668 87.87931612470668 87.87931612470668
256 16384 5.429 5.429 5.429 1545.1479093755756 1545.1479093755756 1545.1479093755756 96.57174433597348 96.57174433597348 96.57174433597348
256 32768 10.363 10.363 10.363 1618.9535848692467 1618.9535848692467 1618.9535848692467 101.18459905432792 101.18459905432792 101.18459905432792
256 65536 20.072 20.072 20.072 1671.703467516939 1671.703467516939 1671.703467516939 104.4814667198087 104.4814667198087 104.4814667198087
256 131072 44.008 44.008 44.008 1524.9241956007997 1524.9241956007997 1524.9241956007997 95.30776222504998 95.30776222504998 95.30776222504998
256 262144 79.81 79.81 79.81 1681.715674727478 1681.715674727478 1681.715674727478 105.10722967046738 105.10722967046738 105.10722967046738
256 524288 163.147 163.147 163.147 1645.3594365817332 1645.3594365817332 1645.3594365817332 102.83496478635833 102.83496478635833 102.83496478635833
256 1048576 309.203 309.203 309.203 1736.3056373967913 1736.3056373967913 1736.3056373967913 108.51910233729946 108.51910233729946 108.51910233729946
256 2097152 594.534 594.534 594.534 1806.0225723003227 1806.0225723003227 1806.0225723003227 112.87641076877017 112.87641076877017 112.87641076877017
256 4194304 1193.366 1193.366 1193.366 1799.5180422435365 1799.5180422435365 1799.5180422435365 112.46987764022103 112.46987764022103 112.46987764022103
256 8388608 2468.309 2468.309 2468.309 1740.0444174534064 1740.0444174534064 1740.0444174534064 108.7527760908379 108.7527760908379 108.7527760908379

512 1 0.931 0.931 0.931 1.099892588614393 1.099892588614393 1.099892588614393 0.06874328678839957 0.06874328678839957 0.06874328678839957
512 2 0.638 0.638 0.638 3.2100313479623828 3.2100313479623828 3.2100313479623828 0.20062695924764892 0.20062695924764892 0.20062695924764892
512 4 0.526 0.526 0.526 7.787072243346008 7.787072243346008 7.787072243346008 0.4866920152091255 0.4866920152091255 0.4866920152091255
512 8 0.551 0.551 0.551 14.867513611615246 14.867513611615246 14.867513611615246 0.9292196007259529 0.9292196007259529 0.9292196007259529
512 16 0.533 0.533 0.533 30.73921200750469 30.73921200750469 30.73921200750469 1.9212007504690432 1.9212007504690432 1.9212007504690432
512 32 0.522 0.522 0.522 62.77394636015325 62.77394636015325 62.77394636015325 3.9233716475095783 3.9233716475095783 3.9233716475095783
512 64 0.533 0.533 0.533 122.95684803001876 122.95684803001876 122.95684803001876 7.684803001876173 7.684803001876173 7.684803001876173
512 128 0.548 0.548 0.548 239.18248175182478 239.18248175182478 239.18248175182478 14.948905109489049 14.948905109489049 14.948905109489049
512 256 0.601 0.601 0.601 436.1797004991681 436.1797004991681 436.1797004991681 27.261231281198008 27.261231281198008 27.261231281198008
512 512 0.696 0.696 0.696 753.2873563218392 753.2873563218392 753.2873563218392 47.08045977011495 47.08045977011495 47.08045977011495
512 1024 0.895 0.895 0.895 1171.5932960893856 1171.5932960893856 1171.5932960893856 73.2245810055866 73.2245810055866 73.2245810055866
512 2048 1.286 1.286 1.286 1630.755832037325 1630.755832037325 1630.755832037325 101.92223950233281 101.92223950233281 101.92223950233281
512 4096 2.063 2.063 2.063 2033.1090644692197 2033.1090644692197 2033.1090644692197 127.06931652932623 127.06931652932623 127.06931652932623
512 8192 3.632 3.632 3.632 2309.638766519824 2309.638766519824 2309.638766519824 144.352422907489 144.352422907489 144.352422907489
512 16384 6.556 6.556 6.556 2559.0628431970713 2559.0628431970713 2559.0628431970713 159.94142769981696 159.94142769981696 159.94142769981696
512 32768 13.212 13.212 13.212 2539.693611867999 2539.693611867999 2539.693611867999 158.73085074174995 158.73085074174995 158.73085074174995
512 65536 27.329 27.329 27.329 2455.5916425774817 2455.5916425774817 2455.5916425774817 153.4744776610926 153.4744776610926 153.4744776610926
512 131072 53.997 53.997 53.997 2485.6515732355506 2485.6515732355506 2485.6515732355506 155.3532233272219 155.3532233272219 155.3532233272219
512 262144 107.445 107.445 107.445 2498.352236027735 2498.352236027735 2498.352236027735 156.14701475173345 156.14701475173345 156.14701475173345
512 524288 227.672 227.672 227.672 2358.089321480024 2358.089321480024 2358.089321480024 147.3805825925015 147.3805825925015 147.3805825925015
512 1048576 408.642 408.642 408.642 2627.58557368063 2627.58557368063 2627.58557368063 164.2240983550394 164.2240983550394 164.2240983550394
512 2097152 818.918 818.918 818.918 2622.3427107475964 2622.3427107475964 2622.3427107475964 163.89641942172477 163.89641942172477 163.89641942172477
512 4194304 1683.724 1683.724 1683.724 2550.8737156446073 2550.8737156446073 2550.8737156446073 159.42960722778795 159.42960722778795 159.42960722778795

1024 1 2.728 2.728 2.728 0.7507331378299119 0.7507331378299119 0.7507331378299119 0.046920821114369494 0.046920821114369494 0.046920821114369494
1024 2 0.772 0.772 0.772 5.305699481865285 5.305699481865285 5.305699481865285 0.3316062176165803 0.3316062176165803 0.3316062176165803
1024 4 0.619 0.619 0.619 13.234248788368337 13.234248788368337 13.234248788368337 0.827140549273021 0.827140549273021 0.827140549273021
1024 8 0.57 0.57 0.57 28.74385964912281 28.74385964912281 28.74385964912281 1.7964912280701757 1.7964912280701757 1.7964912280701757
1024 16 0.573 0.573 0.573 57.1867364746946 57.1867364746946 57.1867364746946 3.5741710296684124 3.5741710296684124 3.5741710296684124
1024 32 0.558 0.558 0.558 117.44802867383511 117.44802867383511 117.44802867383511 7.3405017921146944 7.3405017921146944 7.3405017921146944
1024 64 0.571 0.571 0.571 229.5481611208407 229.5481611208407 229.5481611208407 14.346760070052543 14.346760070052543 14.346760070052543
1024 128 0.611 0.611 0.611 429.0409165302783 429.0409165302783 429.0409165302783 26.815057283142394 26.815057283142394 26.815057283142394
1024 256 0.696 0.696 0.696 753.2873563218392 753.2873563218392 753.2873563218392 47.08045977011495 47.08045977011495 47.08045977011495
1024 512 0.861 0.861 0.861 1217.8583042973287 1217.8583042973287 1217.8583042973287 76.11614401858304 76.11614401858304 76.11614401858304
1024 1024 1.185 1.185 1.185 1769.748523206751 1769.748523206751 1769.748523206751 110.60928270042194 110.60928270042194 110.60928270042194
1024 2048 1.963 1.963 1.963 2136.6805909322466 2136.6805909322466 2136.6805909322466 133.5425369332654 133.5425369332654 133.5425369332654
1024 4096 3.153 3.153 3.153 2660.5163336504916 2660.5163336504916 2660.5163336504916 166.28227085315572 166.28227085315572 166.28227085315572
1024 8192 5.768 5.768 5.768 2908.671289875174 2908.671289875174 2908.671289875174 181.79195561719837 181.79195561719837 181.79195561719837
1024 16384 11.029 11.029 11.029 3042.3820835977876 3042.3820835977876 3042.3820835977876 190.14888022486173 190.14888022486173 190.14888022486173
1024 32768 21.52 21.52 21.52 3118.4416356877323 3118.4416356877323 3118.4416356877323 194.90260223048327 194.90260223048327 194.90260223048327
1024 65536 42.542 42.542 42.542 3154.946358892389 3154.946358892389 3154.946358892389 197.18414743077432 197.18414743077432 197.18414743077432
1024 131072 84.511 84.511 84.511 3176.3374708617816 3176.3374708617816 3176.3374708617816 198.52109192886135 198.52109192886135 198.52109192886135
1024 262144 175.096 175.096 175.096 3066.1517795951936 3066.1517795951936 3066.1517795951936 191.6344862246996 191.6344862246996 191.6344862246996
1024 524288 333.79 333.79 333.79 3216.8184307498723 3216.8184307498723 3216.8184307498723 201.05115192186702 201.05115192186702 201.05115192186702
1024 1048576 670.157 670.157 670.157 3204.4485814518093 3204.4485814518093 3204.4485814518093 200.27803634073808 200.27803634073808 200.27803634073808
1024 2097152 1329.701 1329.701 1329.701 3230.0248672445914 3230.0248672445914 3230.0248672445914 201.87655420278696 201.87655420278696 201.87655420278696

2048 1 1.353 1.353 1.353 3.0273466371027347 3.0273466371027347 3.0273466371027347 0.18920916481892092 0.18920916481892092 0.18920916481892092
2048 2 0.767 0.767 0.767 10.68057366362451 10.68057366362451 10.68057366362451 0.6675358539765319 0.6675358539765319 0.6675358539765319
2048 4 0.582 0.582 0.582 28.151202749140896 28.151202749140896 28.151202749140896 1.759450171821306 1.759450171821306 1.759450171821306
2048 8 0.555 0.555 0.555 59.041441441441435 59.041441441441435 59.041441441441435 3.6900900900900897 3.6900900900900897 3.6900900900900897
2048 16 0.624 0.624 0.624 105.02564102564104 105.02564102564104 105.02564102564104 6.564102564102565 6.564102564102565 6.564102564102565
2048 32 0.586 0.586 0.586 223.6723549488055 223.6723549488055 223.6723549488055 13.979522184300343 13.979522184300343 13.979522184300343
2048 64 0.732 0.732 0.732 358.12021857923503 358.12021857923503 358.12021857923503 22.38251366120219 22.38251366120219 22.38251366120219
2048 128 0.794 0.794 0.794 660.3123425692695 660.3123425692695 660.3123425692695 41.269521410579344 41.269521410579344 41.269521410579344
2048 256 1.058 1.058 1.058 991.0926275992439 991.0926275992439 991.0926275992439 61.94328922495274 61.94328922495274 61.94328922495274
2048 512 1.555 1.555 1.555 1348.650803858521 1348.650803858521 1348.650803858521 84.29067524115756 84.29067524115756 84.29067524115756
2048 1024 3.188 3.188 3.188 1315.6537013801756 1315.6537013801756 1315.6537013801756 82.22835633626097 82.22835633626097 82.22835633626097
2048 2048 6.538 6.538 6.538 1283.0541449984705 1283.0541449984705 1283.0541449984705 80.19088406240441 80.19088406240441 80.19088406240441
2048 4096 26.535 26.535 26.535 632.2674203881667 632.2674203881667 632.2674203881667 39.51671377426042 39.51671377426042 39.51671377426042
2048 8192 26.461 26.461 26.461 1268.071199123238 1268.071199123238 1268.071199123238 79.25444994520238 79.25444994520238 79.25444994520238
2048 16384 53.11 53.11 53.11 1263.5824515157221 1263.5824515157221 1263.5824515157221 78.97390321973263 78.97390321973263 78.97390321973263
2048 32768 106.745 106.745 106.745 1257.3678205068152 1257.3678205068152 1257.3678205068152 78.58548878167595 78.58548878167595 78.58548878167595
2048 65536 213.642 213.642 213.642 1256.4732402804693 1256.4732402804693 1256.4732402804693 78.52957751752933 78.52957751752933 78.52957751752933
2048 131072 415.241 415.241 415.241 1292.9140234225426 1292.9140234225426 1292.9140234225426 80.80712646390892 80.80712646390892 80.80712646390892
2048 262144 912.013 912.013 912.013 1177.3317090874802 1177.3317090874802 1177.3317090874802 73.58323181796752 73.58323181796752 73.58323181796752
2048 524288 1728.057 1728.057 1728.057 1242.7157483809851 1242.7157483809851 1242.7157483809851 77.66973427381157 77.66973427381157 77.66973427381157
2048 1048576 3263.285 3263.285 3263.285 1316.1483891232303 1316.1483891232303 1316.1483891232303 82.2592743202019 82.2592743202019 82.2592743202019

4096 1 1.11 1.11 1.11 7.380180180180179 7.380180180180179 7.380180180180179 0.4612612612612612 0.4612612612612612 0.4612612612612612
4096 2 0.565 0.565 0.565 28.99823008849558 28.99823008849558 28.99823008849558 1.8123893805309736 1.8123893805309736 1.8123893805309736
4096 4 0.581 0.581 0.581 56.39931153184166 56.39931153184166 56.39931153184166 3.524956970740104 3.524956970740104 3.524956970740104
4096 8 0.582 0.582 0.582 112.60481099656359 112.60481099656359 112.60481099656359 7.037800687285224 7.037800687285224 7.037800687285224
4096 16 0.594 0.594 0.594 220.6599326599327 220.6599326599327 220.6599326599327 13.791245791245794 13.791245791245794 13.791245791245794
4096 32 0.674 0.674 0.674 388.93768545994067 388.93768545994067 388.93768545994067 24.30860534124629 24.30860534124629 24.30860534124629
4096 64 0.786 0.786 0.786 667.0330788804071 667.0330788804071 667.0330788804071 41.68956743002544 41.68956743002544 41.68956743002544
4096 128 1.07 1.07 1.07 979.9775700934579 979.9775700934579 979.9775700934579 61.24859813084112 61.24859813084112 61.24859813084112
4096 256 1.607 1.607 1.607 1305.0105787181083 1305.0105787181083 1305.0105787181083 81.56316116988177 81.56316116988177 81.56316116988177
4096 512 2.748 2.748 2.748 1526.311499272198 1526.311499272198 1526.311499272198 95.39446870451238 95.39446870451238 95.39446870451238
4096 1024 5.113 5.113 5.113 1640.6430666927438 1640.6430666927438 1640.6430666927438 102.54019166829649 102.54019166829649 102.54019166829649
4096 2048 9.403 9.403 9.403 1784.2407742209932 1784.2407742209932 1784.2407742209932 111.51504838881208 111.51504838881208 111.51504838881208
4096 4096 17.961 17.961 17.961 1868.182840599076 1868.182840599076 1868.182840599076 116.76142753744224 116.76142753744224 116.76142753744224
4096 8192 35.372 35.372 35.372 1897.2312563609637 1897.2312563609637 1897.2312563609637 118.57695352256023 118.57695352256023 118.57695352256023
4096 16384 70.198 70.198 70.198 1911.9879198837577 1911.9879198837577 1911.9879198837577 119.49924499273486 119.49924499273486 119.49924499273486
4096 32768 139.768 139.768 139.768 1920.5787877053406 1920.5787877053406 1920.5787877053406 120.03617423158379 120.03617423158379 120.03617423158379
4096 65536 296.181 296.181 296.181 1812.644673358521 1812.644673358521 1812.644673358521 113.29029208490756 113.29029208490756 113.29029208490756
4096 131072 556.476 556.476 556.476 1929.5384239392176 1929.5384239392176 1929.5384239392176 120.5961514962011 120.5961514962011 120.5961514962011
4096 262144 1185.49 1185.49 1185.49 1811.4734396747338 1811.4734396747338 1811.4734396747338 113.21708997967086 113.21708997967086 113.21708997967086
4096 524288 2256.258 2256.258 2256.258 1903.5798636503453 1903.5798636503453 1903.5798636503453 118.97374147814658 118.97374147814658 118.97374147814658

8192 1 1.518 1.518 1.518 10.793148880105402 10.793148880105402 10.793148880105402 0.6745718050065876 0.6745718050065876 0.6745718050065876
8192 2 0.634 0.634 0.634 51.684542586750794 51.684542586750794 51.684542586750794 3.2302839116719246 3.2302839116719246 3.2302839116719246
8192 4 0.703 0.703 0.703 93.22332859174965 93.22332859174965 93.22332859174965 5.826458036984353 5.826458036984353 5.826458036984353
8192 8 0.693 0.693 0.693 189.13708513708517 189.13708513708517 189.13708513708517 11.821067821067823 11.821067821067823 11.821067821067823
8192 16 0.769 0.769 0.769 340.8894668400521 340.8894668400521 340.8894668400521 21.305591677503255 21.305591677503255 21.305591677503255
8192 32 0.918 0.918 0.918 571.1198257080611 571.1198257080611 571.1198257080611 35.694989106753816 35.694989106753816 35.694989106753816
8192 64 1.221 1.221 1.221 858.7846027846028 858.7846027846028 858.7846027846028 53.67403767403768 53.67403767403768 53.67403767403768
8192 128 1.822 1.822 1.822 1151.0164654226126 1151.0164654226126 1151.0164654226126 71.93852908891328 71.93852908891328 71.93852908891328
8192 256 3.016 3.016 3.016 1390.6843501326262 1390.6843501326262 1390.6843501326262 86.91777188328913 86.91777188328913 86.91777188328913
8192 512 5.44 5.44 5.44 1542.0235294117647 1542.0235294117647 1542.0235294117647 96.37647058823529 96.37647058823529 96.37647058823529
8192 1024 10.219 10.219 10.219 1641.7669047852041 1641.7669047852041 1641.7669047852041 102.61043154907526 102.61043154907526 102.61043154907526
8192 2048 19.838 19.838 19.838 1691.4221191652384 1691.4221191652384 1691.4221191652384 105.7138824478274 105.7138824478274 105.7138824478274
8192 4096 38.999 38.999 38.999 1720.7842252365444 1720.7842252365444 1720.7842252365444 107.54901407728403 107.54901407728403 107.54901407728403
8192 8192 77.384 77.384 77.384 1734.4377132223715 1734.4377132223715 1734.4377132223715 108.40235707639822 108.40235707639822 108.40235707639822
8192 16384 154.093 154.093 154.093 1742.0353682516406 1742.0353682516406 1742.0353682516406 108.87721051572754 108.87721051572754 108.87721051572754
8192 32768 325.671 325.671 325.671 1648.5069656186768 1648.5069656186768 1648.5069656186768 103.0316853511673 103.0316853511673 103.0316853511673
8192 65536 624.515 624.515 624.515 1719.3211115825884 1719.3211115825884 1719.3211115825884 107.45756947391178 107.45756947391178 107.45756947391178
8192 131072 1204.121 1204.121 1204.121 1783.4450590928984 1783.4450590928984 1783.4450590928984 111.46531619330615 111.46531619330615 111.46531619330615
8192 262144 2365.638 2365.638 2365.638 1815.5640448792253 1815.5640448792253 1815.5640448792253 113.47275280495158 113.47275280495158 113.47275280495158

16384 1 3.109 3.109 3.109 10.539723383724672 10.539723383724672 10.539723383724672 0.658732711482792 0.658732711482792 0.658732711482792
16384 2 0.728 0.728 0.728 90.02197802197803 90.02197802197803 90.02197802197803 5.626373626373627 5.626373626373627 5.626373626373627
16384 4 0.77 0.77 0.77 170.22337662337662 170.22337662337662 170.22337662337662 10.638961038961039 10.638961038961039 10.638961038961039
16384 8 0.788 0.788 0.788 332.67005076142135 332.67005076142135 332.67005076142135 20.791878172588834 20.791878172588834 20.791878172588834
16384 16 0.894 0.894 0.894 586.4519015659955 586.4519015659955 586.4519015659955 36.65324384787472 36.65324384787472 36.65324384787472
16384 32 1.098 1.098 1.098 954.9872495446266 954.9872495446266 954.9872495446266 59.68670309653916 59.68670309653916 59.68670309653916
16384 64 1.588 1.588 1.588 1320.624685138539 1320.624685138539 1320.624685138539 82.53904282115869 82.53904282115869 82.53904282115869
16384 128 2.338 2.338 2.338 1793.9709153122328 1793.9709153122328 1793.9709153122328 112.12318220701455 112.12318220701455 112.12318220701455
16384 256 4.006 4.006 4.006 2094.010983524713 2094.010983524713 2094.010983524713 130.87568647029457 130.87568647029457 130.87568647029457
16384 512 7.373 7.373 7.373 2275.493828834938 2275.493828834938 2275.493828834938 142.21836430218363 142.21836430218363 142.21836430218363
16384 1024 13.904 13.904 13.904 2413.293440736479 2413.293440736479 2413.293440736479 150.83084004602995 150.83084004602995 150.83084004602995
16384 2048 27.343 27.343 27.343 2454.3343451706105 2454.3343451706105 2454.3343451706105 153.39589657316316 153.39589657316316 153.39589657316316
16384 4096 53.961 53.961 53.961 2487.3098719445525 2487.3098719445525 2487.3098719445525 155.45686699653453 155.45686699653453 155.45686699653453
16384 8192 106.454 106.454 106.454 2521.6098596576926 2521.6098596576926 2521.6098596576926 157.6006162286058 157.6006162286058 157.6006162286058
16384 16384 212.19 212.19 212.19 2530.1423818276076 2530.1423818276076 2530.1423818276076 158.13389886422547 158.13389886422547 158.13389886422547
16384 32768 413.245 413.245 413.245 2598.3177630703335 2598.3177630703335 2598.3177630703335 162.39486019189584 162.39486019189584 162.39486019189584
16384 65536 872.381 872.381 872.381 2461.6350516574757 2461.6350516574757 2461.6350516574757 153.85219072859223 153.85219072859223 153.85219072859223
16384 131072 1636.848 1636.848 1636.848 2623.9255544803186 2623.9255544803186 2623.9255544803186 163.9953471550199 163.9953471550199 163.9953471550199

32768 1 4.655 4.655 4.655 14.078625134264232 14.078625134264232 14.078625134264232 0.8799140708915145 0.8799140708915145 0.8799140708915145
32768 2 1.963 1.963 1.963 66.7712684666327 66.7712684666327 66.7712684666327 4.173204279164544 4.173204279164544 4.173204279164544
32768 4 2.123 2.123 2.123 123.47809703250117 123.47809703250117 123.47809703250117 7.717381064531323 7.717381064531323 7.717381064531323
32768 8 2.587 2.587 2.587 202.66254348666408 202.66254348666408 202.66254348666408 12.666408967916505 12.666408967916505 12.666408967916505
32768 16 3.085 3.085 3.085 339.8949756888169 339.8949756888169 339.8949756888169 21.243435980551055 21.243435980551055 21.243435980551055
32768 32 4.325 4.325 4.325 484.89063583815033 484.89063583815033 484.89063583815033 30.305664739884396 30.305664739884396 30.305664739884396
32768 64 6.906 6.906 6.906 607.3420214306401 607.3420214306401 607.3420214306401 37.958876339415006 37.958876339415006 37.958876339415006
32768 128 12.091 12.091 12.091 693.7894301546605 693.7894301546605 693.7894301546605 43.36183938466628 43.36183938466628 43.36183938466628
32768 256 22.411 22.411 22.411 748.6152335906474 748.6152335906474 748.6152335906474 46.788452099415466 46.788452099415466 46.788452099415466
32768 512 42.956 42.956 42.956 781.134928764317 781.134928764317 781.134928764317 48.82093304776981 48.82093304776981 48.82093304776981
32768 1024 84.186 84.186 84.186 797.1499299170883 797.1499299170883 797.1499299170883 49.82187061981802 49.82187061981802 49.82187061981802
32768 2048 166.608 166.608 166.608 805.5899356573515 805.5899356573515 805.5899356573515 50.34937097858447 50.34937097858447 50.34937097858447
32768 4096 341.481 341.481 341.481 786.0919231231021 786.0919231231021 786.0919231231021 49.13074519519388 49.13074519519388 49.13074519519388
32768 8192 328.939 328.939 328.939 1632.1290938441473 1632.1290938441473 1632.1290938441473 102.0080683652592 102.0080683652592 102.0080683652592
32768 16384 315.462 315.462 315.462 3403.7120921061814 3403.7120921061814 3403.7120921061814 212.73200575663634 212.73200575663634 212.73200575663634
32768 32768 642.79 642.79 642.79 3340.8790553680055 3340.8790553680055 3340.8790553680055 208.80494096050035 208.80494096050035 208.80494096050035
32768 65536 1309.108 1309.108 1309.108 3280.834962432435 3280.834962432435 3280.834962432435 205.0521851520272 205.0521851520272 205.0521851520272

65536 1 3.672 3.672 3.672 35.694989106753816 35.694989106753816 35.694989106753816 2.2309368191721135 2.2309368191721135 2.2309368191721135
65536 2 1.337 1.337 1.337 196.06881077038148 196.06881077038148 196.06881077038148 12.254300673148842 12.254300673148842 12.254300673148842
65536 4 1.413 1.413 1.413 371.0460014154282 371.0460014154282 371.0460014154282 23.19037508846426 23.19037508846426 23.19037508846426
65536 8 1.525 1.525 1.525 687.5908196721311 687.5908196721311 687.5908196721311 42.9744262295082 42.9744262295082 42.9744262295082
65536 16 1.791 1.791 1.791 1170.9391401451705 1170.9391401451705 1170.9391401451705 73.18369625907316 73.18369625907316 73.18369625907316
65536 32 2.351 2.351 2.351 1784.0510421097406 1784.0510421097406 1784.0510421097406 111.50319013185879 111.50319013185879 111.50319013185879
65536 64 3.45 3.45 3.45 2431.480579710145 2431.480579710145 2431.480579710145 151.96753623188405 151.96753623188405 151.96753623188405
65536 128 5.661 5.661 5.661 2963.6488252958843 2963.6488252958843 2963.6488252958843 185.22805158099277 185.22805158099277 185.22805158099277
65536 256 10.125 10.125 10.125 3314.0179753086422 3314.0179753086422 3314.0179753086422 207.12612345679014 207.12612345679014 207.12612345679014
65536 512 18.963 18.963 18.963 3538.9370880134998 3538.9370880134998 3538.9370880134998 221.18356800084374 221.18356800084374 221.18356800084374
65536 1024 36.699 36.699 36.699 3657.2584539088266 3657.2584539088266 3657.2584539088266 228.57865336930166 228.57865336930166 228.57865336930166
65536 2048 77.994 77.994 77.994 3441.7449547401084 3441.7449547401084 3441.7449547401084 215.10905967125677 215.10905967125677 215.10905967125677
65536 4096 143.169 143.169 143.169 3749.910329750155 3749.910329750155 3749.910329750155 234.3693956093847 234.3693956093847 234.3693956093847
65536 8192 294.212 294.212 294.212 3649.551425502699 3649.551425502699 3649.551425502699 228.0969640939187 228.0969640939187 228.0969640939187
65536 16384 588.723 588.723 588.723 3647.697895275028 3647.697895275028 3647.697895275028 227.98111845468924 227.98111845468924 227.98111845468924
65536 32768 1209.094 1209.094 1209.094 3552.219509814787 3552.219509814787 3552.219509814787 222.0137193634242 222.0137193634242 222.0137193634242

131072 1 7.233 7.233 7.233 36.242776164800226 36.242776164800226 36.242776164800226 2.265173510300014 2.265173510300014 2.265173510300014
131072 2 2.768 2.768 2.768 189.4104046242775 189.4104046242775 189.4104046242775 11.838150289017344 11.838150289017344 11.838150289017344
131072 4 2.893 2.893 2.893 362.4528171448324 362.4528171448324 362.4528171448324 22.653301071552026 22.653301071552026 22.653301071552026
131072 8 3.043 3.043 3.043 689.1725271114032 689.1725271114032 689.1725271114032 43.0732829444627 43.0732829444627 43.0732829444627
131072 16 3.563 3.563 3.563 1177.1832725231548 1177.1832725231548 1177.1832725231548 73.57395453269717 73.57395453269717 73.57395453269717
131072 32 4.6 4.6 4.6 1823.6104347826088 1823.6104347826088 1823.6104347826088 113.97565217391305 113.97565217391305 113.97565217391305
131072 64 6.737 6.737 6.737 2490.309633367968 2490.309633367968 2490.309633367968 155.644352085498 155.644352085498 155.644352085498
131072 128 10.863 10.863 10.863 3088.873423547823 3088.873423547823 3088.873423547823 193.05458897173895 193.05458897173895 193.05458897173895
131072 256 19.223 19.223 19.223 3491.071320813609 3491.071320813609 3491.071320813609 218.19195755085056 218.19195755085056 218.19195755085056
131072 512 35.954 35.954 35.954 3733.0402180564056 3733.0402180564056 3733.0402180564056 233.31501362852535 233.31501362852535 233.31501362852535
131072 1024 69.35 69.35 69.35 3870.734765681327 3870.734765681327 3870.734765681327 241.92092285508295 241.92092285508295 241.92092285508295
131072 2048 136.2 136.2 136.2 3941.7834948605 3941.7834948605 3941.7834948605 246.36146842878125 246.36146842878125 246.36146842878125
131072 4096 269.897 269.897 269.897 3978.3392331148552 3978.3392331148552 3978.3392331148552 248.64620206967845 248.64620206967845 248.64620206967845
131072 8192 524.093 524.093 524.093 4097.524004327476 4097.524004327476 4097.524004327476 256.09525027046726 256.09525027046726 256.09525027046726
131072 16384 1131.893 1131.893 1131.893 3794.499388193053 3794.499388193053 3794.499388193053 237.15621176206582 237.15621176206582 237.15621176206582

262144 1 12.666 12.666 12.666 41.39333649139429 41.39333649139429 41.39333649139429 2.587083530712143 2.587083530712143 2.587083530712143
262144 2 6.405 6.405 6.405 163.712099921936 163.712099921936 163.712099921936 10.232006245121 10.232006245121 10.232006245121
262144 4 5.468 5.468 5.468 383.53182150694954 383.53182150694954 383.53182150694954 23.970738844184346 23.970738844184346 23.970738844184346
262144 8 5.835 5.835 5.835 718.8181662382177 718.8181662382177 718.8181662382177 44.92613538988861 44.92613538988861 44.92613538988861
262144 16 6.954 6.954 6.954 1206.299683635318 1206.299683635318 1206.299683635318 75.39373022720737 75.39373022720737 75.39373022720737
262144 32 8.751 8.751 8.751 1917.177008341904 1917.177008341904 1917.177008341904 119.823563021369 119.823563021369 119.823563021369
262144 64 12.432 12.432 12.432 2699.037323037323 2699.037323037323 2699.037323037323 168.68983268983268 168.68983268983268 168.68983268983268
262144 128 20.391 20.391 20.391 3291.1021529105983 3291.1021529105983 3291.1021529105983 205.6938845569124 205.6938845569124 205.6938845569124
262144 256 37.376 37.376 37.376 3591.0136986301377 3591.0136986301377 3591.0136986301377 224.4383561643836 224.4383561643836 224.4383561643836
262144 512 74.639 74.639 74.639 3596.450327576736 3596.450327576736 3596.450327576736 224.778145473546 224.778145473546 224.778145473546
262144 1024 132.417 132.417 132.417 4054.395674271431 4054.395674271431 4054.395674271431 253.39972964196443 253.39972964196443 253.39972964196443
262144 2048 267.088 267.088 267.088 4020.179955670041 4020.179955670041 4020.179955670041 251.26124722937757 251.26124722937757 251.26124722937757
262144 4096 490.15 490.15 490.15 4381.2784820973175 4381.2784820973175 4381.2784820973175 273.82990513108234 273.82990513108234 273.82990513108234
262144 8192 1037.441 1037.441 1037.441 4139.962943434855 4139.962943434855 4139.962943434855 258.74768396467846 258.74768396467846 258.74768396467846

524288 1 31.035 31.035 31.035 33.78688577412599 33.78688577412599 33.78688577412599 2.1116803608828745 2.1116803608828745 2.1116803608828745
524288 2 13.442 13.442 13.442 156.01487873828302 156.01487873828302 156.01487873828302 9.750929921142689 9.750929921142689 9.750929921142689
524288 4 12.233 12.233 12.233 342.8679800539524 342.8679800539524 342.8679800539524 21.429248753372026 21.429248753372026 21.429248753372026
524288 8 13.509 13.509 13.509 620.964394107632 620.964394107632 620.964394107632 38.810274631727 38.810274631727 38.810274631727
524288 16 17.689 17.689 17.689 948.4547458872746 948.4547458872746 948.4547458872746 59.27842161795466 59.27842161795466 59.27842161795466
524288 32 18.424 18.424 18.424 1821.2349109856711 1821.2349109856711 1821.2349109856711 113.82718193660445 113.82718193660445 113.82718193660445
524288 64 26.493 26.493 26.493 2533.079077492168 2533.079077492168 2533.079077492168 158.3174423432605 158.3174423432605 158.3174423432605
524288 128 42.003 42.003 42.003 3195.431945337238 3195.431945337238 3195.431945337238 199.7144965835774 199.7144965835774 199.7144965835774
524288 256 71.574 71.574 71.574 3750.4604465308635 3750.4604465308635 3750.4604465308635 234.40377790817897 234.40377790817897 234.40377790817897
524288 512 133.489 133.489 133.489 4021.836346065968 4021.836346065968 4021.836346065968 251.364771629123 251.364771629123 251.364771629123
524288 1024 277.879 277.879 277.879 3864.0625020242624 3864.0625020242624 3864.0625020242624 241.5039063765164 241.5039063765164 241.5039063765164
524288 2048 483.941 483.941 483.941 4437.490619724305 4437.490619724305 4437.490619724305 277.3431637327691 277.3431637327691 277.3431637327691
524288 4096 975.066 975.066 975.066 4404.796491724663 4404.796491724663 4404.796491724663 275.2997807327914 275.2997807327914 275.2997807327914

1048576 1 43.826 43.826 43.826 47.85177748368548 47.85177748368548 47.85177748368548 2.9907360927303426 2.9907360927303426 2.9907360927303426
1048576 2 17.625 17.625 17.625 237.974695035461 237.974695035461 237.974695035461 14.873418439716312 14.873418439716312 14.873418439716312
1048576 4 17.936 17.936 17.936 467.6966993755576 467.6966993755576 467.6966993755576 29.23104371097235 29.23104371097235 29.23104371097235
1048576 8 19.812 19.812 19.812 846.8209166161921 846.8209166161921 846.8209166161921 52.92630728851201 52.92630728851201 52.92630728851201
1048576 16 23.814 23.814 23.814 1409.0212480053751 1409.0212480053751 1409.0212480053751 88.06382800033595 88.06382800033595 88.06382800033595
1048576 32 31.478 31.478 31.478 2131.929093335028 2131.929093335028 2131.929093335028 133.24556833343925 133.24556833343925 133.24556833343925
1048576 64 46.92 46.92 46.92 2860.565387894288 2860.565387894288 2860.565387894288 178.785336743393 178.785336743393 178.785336743393
1048576 128 77.824 77.824 77.824 3449.2631578947376 3449.2631578947376 3449.2631578947376 215.5789473684211 215.5789473684211 215.5789473684211
1048576 256 139.632 139.632 139.632 3844.898819754784 3844.898819754784 3844.898819754784 240.306176234674 240.306176234674 240.306176234674
1048576 512 255.595 255.595 255.595 4200.950034233847 4200.950034233847 4200.950034233847 262.55937713961544 262.55937713961544 262.55937713961544
1048576 1024 504.479 504.479 504.479 4256.834571904877 4256.834571904877 4256.834571904877 266.0521607440548 266.0521607440548 266.0521607440548
1048576 2048 983.592 983.592 983.592 4366.614710164377 4366.614710164377 4366.614710164377 272.9134193852736 272.9134193852736 272.9134193852736

2097152 1 130.848 130.848 130.848 32.05478112007826 32.05478112007826 32.05478112007826 2.0034238200048913 2.0034238200048913 2.0034238200048913
2097152 2 55.382 55.382 55.382 151.468130439493 151.468130439493 151.468130439493 9.466758152468312 9.466758152468312 9.466758152468312
2097152 4 35.541 35.541 35.541 472.0524464702738 472.0524464702738 472.0524464702738 29.503277904392114 29.503277904392114 29.503277904392114
2097152 8 40.157 40.157 40.157 835.5811440097618 835.5811440097618 835.5811440097618 52.223821500610114 52.223821500610114 52.223821500610114
2097152 16 47.906 47.906 47.906 1400.8446541143073 1400.8446541143073 1400.8446541143073 87.55279088214421 87.55279088214421 87.55279088214421
2097152 32 63.001 63.001 63.001 2130.4063110109364 2130.4063110109364 2130.4063110109364 133.15039443818353 133.15039443818353 133.15039443818353
2097152 64 101.431 101.431 101.431 2646.483382792243 2646.483382792243 2646.483382792243 165.4052114245152 165.4052114245152 165.4052114245152
2097152 128 150.951 150.951 150.951 3556.590628747077 3556.590628747077 3556.590628747077 222.28691429669232 222.28691429669232 222.28691429669232
2097152 256 270.954 270.954 270.954 3962.8196077562984 3962.8196077562984 3962.8196077562984 247.67622548476865 247.67622548476865 247.67622548476865
2097152 512 624.896 624.896 624.896 3436.5456780008194 3436.5456780008194 3436.5456780008194 214.7841048750512 214.7841048750512 214.7841048750512
2097152 1024 1158.721 1158.721 1158.721 3706.64490934401 3706.64490934401 3706.64490934401 231.66530683400063 231.66530683400063 231.66530683400063

4194304 1 199.347 199.347 199.347 42.08043261247975 42.08043261247975 42.08043261247975 2.630027038279984 2.630027038279984 2.630027038279984
4194304 2 177.13 177.13 177.13 94.71696494100378 94.71696494100378 94.71696494100378 5.919810308812736 5.919810308812736 5.919810308812736
4194304 4 131.284 131.284 131.284 255.5866061363152 255.5866061363152 255.5866061363152 15.9741628835197 15.9741628835197 15.9741628835197
4194304 8 134.913 134.913 134.913 497.4232579514205 497.4232579514205 497.4232579514205 31.088953621963782 31.088953621963782 31.088953621963782
4194304 16 140.392 140.392 140.392 956.0211977890478 956.0211977890478 956.0211977890478 59.75132486181549 59.75132486181549 59.75132486181549
4194304 32 171.494 171.494 171.494 1565.2760796296081 1565.2760796296081 1565.2760796296081 97.82975497685051 97.82975497685051 97.82975497685051
4194304 64 244.2 244.2 244.2 2198.4885831285833 2198.4885831285833 2198.4885831285833 137.40553644553646 137.40553644553646 137.40553644553646
4194304 128 362.91 362.91 362.91 2958.700019288529 2958.700019288529 2958.700019288529 184.91875120553306 184.91875120553306 184.91875120553306
4194304 256 612.063 612.063 612.063 3508.5990298384318 3508.5990298384318 3508.5990298384318 219.28743936490199 219.28743936490199 219.28743936490199
4194304 512 1069.59 1069.59 1069.59 4015.526786899654 4015.526786899654 4015.526786899654 250.97042418122837 250.97042418122837 250.97042418122837

8388608 1 425.812 425.812 425.812 39.40052417498802 39.40052417498802 39.40052417498802 2.4625327609367513 2.4625327609367513 2.4625327609367513
8388608 2 557.877 557.877 557.877 60.14664881326889 60.14664881326889 60.14664881326889 3.7591655508293056 3.7591655508293056 3.7591655508293056
8388608 4 416.068 416.068 416.068 161.29301941028874 161.29301941028874 161.29301941028874 10.080813713143046 10.080813713143046 10.080813713143046
8388608 8 401.249 401.249 401.249 334.4998442363719 334.4998442363719 334.4998442363719 20.906240264773245 20.906240264773245 20.906240264773245
8388608 16 418.308 418.308 418.308 641.7172418409402 641.7172418409402 641.7172418409402 40.107327615058765 40.107327615058765 40.107327615058765
8388608 32 492.557 492.557 492.557 1089.9670738615023 1089.9670738615023 1089.9670738615023 68.12294211634389 68.12294211634389 68.12294211634389
8388608 64 600.494 600.494 600.494 1788.0975063864084 1788.0975063864084 1788.0975063864084 111.75609414915053 111.75609414915053 111.75609414915053
8388608 128 824.176 824.176 824.176 2605.6129370425733 2605.6129370425733 2605.6129370425733 162.85080856516083 162.85080856516083 162.85080856516083
8388608 256 1325.035 1325.035 1325.035 3241.399129834306 3241.399129834306 3241.399129834306 202.58744561464414 202.58744561464414 202.58744561464414

16777216 1 815.939 815.939 815.939 41.12370164926545 41.12370164926545 41.12370164926545 2.5702313530790906 2.5702313530790906 2.5702313530790906
16777216 2 1283.638 1283.638 1283.638 52.28020984109228 52.28020984109228 52.28020984109228 3.2675131150682675 3.2675131150682675 3.2675131150682675
16777216 4 1090.648 1090.648 1090.648 123.06237026061574 123.06237026061574 123.06237026061574 7.6913981412884835 7.6913981412884835 7.6913981412884835
16777216 8 1019.829 1019.829 1019.829 263.2161430984999 263.2161430984999 263.2161430984999 16.451008943656245 16.451008943656245 16.451008943656245
16777216 16 997.208 997.208 997.208 538.3740523541729 538.3740523541729 538.3740523541729 33.64837827213581 33.64837827213581 33.64837827213581
16777216 32 1106.772 1106.772 1106.772 970.1562959670105 970.1562959670105 970.1562959670105 60.634768497938154 60.634768497938154 60.634768497938154
16777216 64 1341.954 1341.954 1341.954 1600.2662147882863 1600.2662147882863 1600.2662147882863 100.0166384242679 100.0166384242679 100.0166384242679
16777216 128 1775.03 1775.03 1775.03 2419.658989425531 2419.658989425531 2419.658989425531 151.2286868390957 151.2286868390957 151.2286868390957

33554432 1 1564.975 1564.975 1564.975 42.88174827073915 42.88174827073915 42.88174827073915 2.680109266921197 2.680109266921197 2.680109266921197
33554432 2 2871.093 2871.093 2871.093 46.74795556953398 46.74795556953398 46.74795556953398 2.9217472230958736 2.9217472230958736 2.9217472230958736
33554432 4 2660.437 2660.437 2660.437 100.89900869669157 100.89900869669157 100.89900869669157 6.306188043543223 6.306188043543223 6.306188043543223
33554432 8 2534.784 2534.784 2534.784 211.8014442256224 211.8014442256224 211.8014442256224 13.2375902641014 13.2375902641014 13.2375902641014
33554432 16 2541.105 2541.105 2541.105 422.5491760474282 422.5491760474282 422.5491760474282 26.409323502964263 26.409323502964263 26.409323502964263
33554432 32 2708.985 2708.985 2708.985 792.7262971186625 792.7262971186625 792.7262971186625 49.545393569916406 49.545393569916406 49.545393569916406
33554432 64 3123.146 3123.146 3123.146 1375.2054165895543 1375.2054165895543 1375.2054165895543 85.95033853684714 85.95033853684714 85.95033853684714

67108864 1 2943.115 2943.115 2943.115 45.603969943410306 45.603969943410306 45.603969943410306 2.850248121463144 2.850248121463144 2.850248121463144
67108864 2 5694.942 5694.942 5694.942 47.13576643976357 47.13576643976357 47.13576643976357 2.9459854024852232 2.9459854024852232 2.9459854024852232
67108864 4 6447.712 6447.712 6447.712 83.26533691331126 83.26533691331126 83.26533691331126 5.204083557081954 5.204083557081954 5.204083557081954
67108864 8 6226.941 6226.941 6226.941 172.43487998360675 172.43487998360675 172.43487998360675 10.777179998975422 10.777179998975422 10.777179998975422
67108864 16 5685.099 5685.099 5685.099 377.73900647992235 377.73900647992235 377.73900647992235 23.608687904995147 23.608687904995147 23.608687904995147
67108864 32 6061.824 6061.824 6061.824 708.5272182102286 708.5272182102286 708.5272182102286 44.28295113813929 44.28295113813929 44.28295113813929

134217728 1 6242.792 6242.792 6242.792 42.99926315020587 42.99926315020587 42.99926315020587 2.687453946887867 2.687453946887867 2.687453946887867
134217728 2 11271.16 11271.16 11271.16 47.632267841109524 47.632267841109524 47.632267841109524 2.9770167400693452 2.9770167400693452 2.9770167400693452
134217728 4 11067.757 11067.757 11067.757 97.01530526917063 97.01530526917063 97.01530526917063 6.063456579323164 6.063456579323164 6.063456579323164
134217728 8 12062.438 12062.438 12062.438 178.0306475357635 178.0306475357635 178.0306475357635 11.12691547098522 11.12691547098522 11.12691547098522
134217728 16 11748.339 11748.339 11748.339 365.5808107001339 365.5808107001339 365.5808107001339 22.84880066875837 22.84880066875837 22.84880066875837

268435456 1 10664.626 10664.626 10664.626 50.34127891592261 50.34127891592261 50.34127891592261 3.146329932245163 3.146329932245163 3.146329932245163
268435456 2 22545.229 22545.229 22545.229 47.626121872614384 47.626121872614384 47.626121872614384 2.976632617038399 2.976632617038399 2.976632617038399
268435456 4 21434.946 21434.946 21434.946 100.18610021224221 100.18610021224221 100.18610021224221 6.261631263265138 6.261631263265138 6.261631263265138
268435456 8 22853.273 22853.273 22853.273 187.93663804742542 187.93663804742542 187.93663804742542 11.746039877964089 11.746039877964089 11.746039877964089

536870912 1 24548.707 24548.707 24548.707 43.73924150058087 43.73924150058087 43.73924150058087 2.733702593786304 2.733702593786304 2.733702593786304
536870912 2 47183.355 47183.355 47183.355 45.51358520393473 45.51358520393473 45.51358520393473 2.8445990752459207 2.8445990752459207 2.8445990752459207
536870912 4 49278.531 49278.531 49278.531 87.15696691526783 87.15696691526783 87.15696691526783 5.447310432204239 5.447310432204239 5.447310432204239

1073741824 1 47836.596 47836.596 47836.596 44.89206648399481 44.89206648399481 44.89206648399481 2.8057541552496756 2.8057541552496756 2.8057541552496756
1073741824 2 96544.473 96544.473 96544.473 44.4869308676013 44.4869308676013 44.4869308676013 2.7804331792250814 2.7804331792250814 2.7804331792250814

2147483648 1 92051.738 92051.738 92051.738 46.65818798554353 46.65818798554353 46.65818798554353 2.9161367490964705 2.9161367490964705 2.9161367490964705

META_DATA
FLOPS          1
OPENMP_THREADS 2
ERT_VERSION  1.1.0
HOSTNAME  ('areeba-vm', [], ['127.0.1.1'])
UNAME  uname_result(system='Linux', node='areeba-vm', release='6.17.0-23-generic', version='#23~24.04.1-Ubuntu SMP PREEMPT_DYNAMIC Tue Apr 14 16:11:48 UTC 2', machine='x86_64')
TIMESTAMP_DATA  1778236599.46865
CONFIG  {'ERT_RESULTS': ['roofline/mylaptop/Results'], 'ERT_DRIVER': ['driver1'], 'ERT_KERNEL': ['kernel1'], 'ERT_MPI': ['False'], 'ERT_MPI_CFLAGS': [], 'ERT_MPI_LDFLAGS': [], 'ERT_MPI_PROCS': ['1'], 'ERT_OPENMP': ['True'], 'ERT_OPENMP_CFLAGS': ['-fopenmp'], 'ERT_OPENMP_LDFLAGS': ['-fopenmp'], 'ERT_OPENMP_THREADS': ['1,2,4'], 'ERT_GPU': ['False'], 'ERT_GPU_CFLAGS': [], 'ERT_GPU_LDFLAGS': [], 'ERT_GPU_BLOCKS': ['1'], 'ERT_GPU_THREADS': ['1'], 'ERT_HIP': ['False'], 'ERT_OCL': ['False'], 'ERT_SYCL': ['False'], 'ERT_FLOPS': ['1,2,4,8'], 'ERT_ALIGN': ['32'], 'ERT_CC': ['g++'], 'ERT_CFLAGS': ['-O3', '-march=native', '-mavx2', '-mfma', '-ffast-math'], 'ERT_LD': ['g++'], 'ERT_LDFLAGS': [], 'ERT_LDLIBS': [], 'ERT_PRECISION': ['FP64'], 'ERT_PROCS_THREADS': ['6'], 'ERT_BLOCKS_THREADS': ['1'], 'ERT_WORKING_SET_MIN': ['1'], 'ERT_MEMORY_MAX': ['2147483648'], 'ERT_WSS_MULT': ['2.0'], 'ERT_TRIALS_MIN': ['1'], 'ERT_NUM_EXPERIMENTS': ['1'], 'ERT_RUN': ['OMP_NUM_THREADS=ERT_OPENMP_THREADS', './ERT_CODE'], 'ERT_GNUPLOT': ['False']}
