fp64
          16            1           2.445           32            2
          16            2           0.569           64            4
          16            4           0.575          128            8
          16            8           0.563          256           16
          16           16           0.570          512           32
          16           32           0.568         1024           64
          16           64           0.562         2048          128
          16          128           0.565         4096          256
          16          256           0.581         8192          512
          16          512           0.608        16384         1024
          16         1024           0.673        32768         2048
          16         2048           0.799        65536         4096
          16         4096           1.039       131072         8192
          16         8192           1.530       262144        16384
          16        16384           2.509       524288        32768
          16        32768           4.394      1048576        65536
          16        65536           9.488      2097152       131072
          16       131072          17.502      4194304       262144
          16       262144          35.390      8388608       524288
          16       524288          70.864     16777216      1048576
          16      1048576         154.889     33554432      2097152
          16      2097152         288.570     67108864      4194304
          16      4194304         990.209    134217728      8388608
          16      8388608        1830.733    268435456     16777216
          16     16777216        4024.209    536870912     33554432
          16     33554432        7505.689   1073741824     67108864
          16     67108864       15977.362   2147483648    134217728
          16    134217728       24708.113   4294967296    268435456
          32            1           1.121           64            4
          32            2           0.607          128            8
          32            4           0.623          256           16
          32            8           0.629          512           32
          32           16           0.671         1024           64
          32           32           0.618         2048          128
          32           64           0.623         4096          256
          32          128           0.623         8192          512
          32          256           0.636        16384         1024
          32          512           0.674        32768         2048
          32         1024           0.742        65536         4096
          32         2048           0.878       131072         8192
          32         4096           1.158       262144        16384
          32         8192           1.713       524288        32768
          32        16384           2.823      1048576        65536
          32        32768           5.047      2097152       131072
          32        65536           9.483      4194304       262144
          32       131072          18.354      8388608       524288
          32       262144          36.108     16777216      1048576
          32       524288          77.863     33554432      2097152
          32      1048576         362.192     67108864      4194304
          32      2097152         525.920    134217728      8388608
          32      4194304         909.350    268435456     16777216
          32      8388608        1756.466    536870912     33554432
          32     16777216        4472.169   1073741824     67108864
          32     33554432        7389.369   2147483648    134217728
          32     67108864       12809.060   4294967296    268435456
          64            1           0.971          128            8
          64            2           0.585          256           16
          64            4           0.557          512           32
          64            8           0.550         1024           64
          64           16           0.555         2048          128
          64           32           0.552         4096          256
          64           64           0.613         8192          512
          64          128           0.580        16384         1024
          64          256           0.600        32768         2048
          64          512           0.667        65536         4096
          64         1024           0.781       131072         8192
          64         2048           1.027       262144        16384
          64         4096           1.515       524288        32768
          64         8192           2.493      1048576        65536
          64        16384           4.442      2097152       131072
          64        32768           8.363      4194304       262144
          64        65536          16.162      8388608       524288
          64       131072          31.808     16777216      1048576
          64       262144          75.361     33554432      2097152
          64       524288         131.539     67108864      4194304
          64      1048576         251.281    134217728      8388608
          64      2097152         485.385    268435456     16777216
          64      4194304         963.840    536870912     33554432
          64      8388608        1947.354   1073741824     67108864
          64     16777216        3924.349   2147483648    134217728
          64     33554432        8002.036   4294967296    268435456
         128            1           0.928          256           16
         128            2           0.556          512           32
         128            4           0.559         1024           64
         128            8           0.550         2048          128
         128           16           0.553         4096          256
         128           32           0.567         8192          512
         128           64           0.556        16384         1024
         128          128           0.581        32768         2048
         128          256           0.588        65536         4096
         128          512           0.651       131072         8192
         128         1024           0.768       262144        16384
         128         2048           1.008       524288        32768
         128         4096           1.486      1048576        65536
         128         8192           2.435      2097152       131072
         128        16384           4.341      4194304       262144
         128        32768           8.149      8388608       524288
         128        65536          15.817     16777216      1048576
         128       131072          31.073     33554432      2097152
         128       262144          61.612     67108864      4194304
         128       524288         128.218    134217728      8388608
         128      1048576         244.895    268435456     16777216
         128      2097152         489.216    536870912     33554432
         128      4194304         970.714   1073741824     67108864
         128      8388608        1944.277   2147483648    134217728
         128     16777216        3989.617   4294967296    268435456
         256            1           0.944          512           32
         256            2           0.556         1024           64
         256            4           0.582         2048          128
         256            8           0.588         4096          256
         256           16           0.638         8192          512
         256           32           0.568        16384         1024
         256           64           0.566        32768         2048
         256          128           0.583        65536         4096
         256          256           0.621       131072         8192
         256          512           0.698       262144        16384
         256         1024           0.847       524288        32768
         256         2048           1.155      1048576        65536
         256         4096           1.760      2097152       131072
         256         8192           2.983      4194304       262144
         256        16384           5.429      8388608       524288
         256        32768          10.363     16777216      1048576
         256        65536          20.072     33554432      2097152
         256       131072          44.008     67108864      4194304
         256       262144          79.810    134217728      8388608
         256       524288         163.147    268435456     16777216
         256      1048576         309.203    536870912     33554432
         256      2097152         594.534   1073741824     67108864
         256      4194304        1193.366   2147483648    134217728
         256      8388608        2468.309   4294967296    268435456
         512            1           0.931         1024           64
         512            2           0.638         2048          128
         512            4           0.526         4096          256
         512            8           0.551         8192          512
         512           16           0.533        16384         1024
         512           32           0.522        32768         2048
         512           64           0.533        65536         4096
         512          128           0.548       131072         8192
         512          256           0.601       262144        16384
         512          512           0.696       524288        32768
         512         1024           0.895      1048576        65536
         512         2048           1.286      2097152       131072
         512         4096           2.063      4194304       262144
         512         8192           3.632      8388608       524288
         512        16384           6.556     16777216      1048576
         512        32768          13.212     33554432      2097152
         512        65536          27.329     67108864      4194304
         512       131072          53.997    134217728      8388608
         512       262144         107.445    268435456     16777216
         512       524288         227.672    536870912     33554432
         512      1048576         408.642   1073741824     67108864
         512      2097152         818.918   2147483648    134217728
         512      4194304        1683.724   4294967296    268435456
        1024            1           2.728         2048          128
        1024            2           0.772         4096          256
        1024            4           0.619         8192          512
        1024            8           0.570        16384         1024
        1024           16           0.573        32768         2048
        1024           32           0.558        65536         4096
        1024           64           0.571       131072         8192
        1024          128           0.611       262144        16384
        1024          256           0.696       524288        32768
        1024          512           0.861      1048576        65536
        1024         1024           1.185      2097152       131072
        1024         2048           1.963      4194304       262144
        1024         4096           3.153      8388608       524288
        1024         8192           5.768     16777216      1048576
        1024        16384          11.029     33554432      2097152
        1024        32768          21.520     67108864      4194304
        1024        65536          42.542    134217728      8388608
        1024       131072          84.511    268435456     16777216
        1024       262144         175.096    536870912     33554432
        1024       524288         333.790   1073741824     67108864
        1024      1048576         670.157   2147483648    134217728
        1024      2097152        1329.701   4294967296    268435456
        2048            1           1.353         4096          256
        2048            2           0.767         8192          512
        2048            4           0.582        16384         1024
        2048            8           0.555        32768         2048
        2048           16           0.624        65536         4096
        2048           32           0.586       131072         8192
        2048           64           0.732       262144        16384
        2048          128           0.794       524288        32768
        2048          256           1.058      1048576        65536
        2048          512           1.555      2097152       131072
        2048         1024           3.188      4194304       262144
        2048         2048           6.538      8388608       524288
        2048         4096          26.535     16777216      1048576
        2048         8192          26.461     33554432      2097152
        2048        16384          53.110     67108864      4194304
        2048        32768         106.745    134217728      8388608
        2048        65536         213.642    268435456     16777216
        2048       131072         415.241    536870912     33554432
        2048       262144         912.013   1073741824     67108864
        2048       524288        1728.057   2147483648    134217728
        2048      1048576        3263.285   4294967296    268435456
        4096            1           1.110         8192          512
        4096            2           0.565        16384         1024
        4096            4           0.581        32768         2048
        4096            8           0.582        65536         4096
        4096           16           0.594       131072         8192
        4096           32           0.674       262144        16384
        4096           64           0.786       524288        32768
        4096          128           1.070      1048576        65536
        4096          256           1.607      2097152       131072
        4096          512           2.748      4194304       262144
        4096         1024           5.113      8388608       524288
        4096         2048           9.403     16777216      1048576
        4096         4096          17.961     33554432      2097152
        4096         8192          35.372     67108864      4194304
        4096        16384          70.198    134217728      8388608
        4096        32768         139.768    268435456     16777216
        4096        65536         296.181    536870912     33554432
        4096       131072         556.476   1073741824     67108864
        4096       262144        1185.490   2147483648    134217728
        4096       524288        2256.258   4294967296    268435456
        8192            1           1.518        16384         1024
        8192            2           0.634        32768         2048
        8192            4           0.703        65536         4096
        8192            8           0.693       131072         8192
        8192           16           0.769       262144        16384
        8192           32           0.918       524288        32768
        8192           64           1.221      1048576        65536
        8192          128           1.822      2097152       131072
        8192          256           3.016      4194304       262144
        8192          512           5.440      8388608       524288
        8192         1024          10.219     16777216      1048576
        8192         2048          19.838     33554432      2097152
        8192         4096          38.999     67108864      4194304
        8192         8192          77.384    134217728      8388608
        8192        16384         154.093    268435456     16777216
        8192        32768         325.671    536870912     33554432
        8192        65536         624.515   1073741824     67108864
        8192       131072        1204.121   2147483648    134217728
        8192       262144        2365.638   4294967296    268435456
       16384            1           3.109        32768         2048
       16384            2           0.728        65536         4096
       16384            4           0.770       131072         8192
       16384            8           0.788       262144        16384
       16384           16           0.894       524288        32768
       16384           32           1.098      1048576        65536
       16384           64           1.588      2097152       131072
       16384          128           2.338      4194304       262144
       16384          256           4.006      8388608       524288
       16384          512           7.373     16777216      1048576
       16384         1024          13.904     33554432      2097152
       16384         2048          27.343     67108864      4194304
       16384         4096          53.961    134217728      8388608
       16384         8192         106.454    268435456     16777216
       16384        16384         212.190    536870912     33554432
       16384        32768         413.245   1073741824     67108864
       16384        65536         872.381   2147483648    134217728
       16384       131072        1636.848   4294967296    268435456
       32768            1           4.655        65536         4096
       32768            2           1.963       131072         8192
       32768            4           2.123       262144        16384
       32768            8           2.587       524288        32768
       32768           16           3.085      1048576        65536
       32768           32           4.325      2097152       131072
       32768           64           6.906      4194304       262144
       32768          128          12.091      8388608       524288
       32768          256          22.411     16777216      1048576
       32768          512          42.956     33554432      2097152
       32768         1024          84.186     67108864      4194304
       32768         2048         166.608    134217728      8388608
       32768         4096         341.481    268435456     16777216
       32768         8192         328.939    536870912     33554432
       32768        16384         315.462   1073741824     67108864
       32768        32768         642.790   2147483648    134217728
       32768        65536        1309.108   4294967296    268435456
       65536            1           3.672       131072         8192
       65536            2           1.337       262144        16384
       65536            4           1.413       524288        32768
       65536            8           1.525      1048576        65536
       65536           16           1.791      2097152       131072
       65536           32           2.351      4194304       262144
       65536           64           3.450      8388608       524288
       65536          128           5.661     16777216      1048576
       65536          256          10.125     33554432      2097152
       65536          512          18.963     67108864      4194304
       65536         1024          36.699    134217728      8388608
       65536         2048          77.994    268435456     16777216
       65536         4096         143.169    536870912     33554432
       65536         8192         294.212   1073741824     67108864
       65536        16384         588.723   2147483648    134217728
       65536        32768        1209.094   4294967296    268435456
      131072            1           7.233       262144        16384
      131072            2           2.768       524288        32768
      131072            4           2.893      1048576        65536
      131072            8           3.043      2097152       131072
      131072           16           3.563      4194304       262144
      131072           32           4.600      8388608       524288
      131072           64           6.737     16777216      1048576
      131072          128          10.863     33554432      2097152
      131072          256          19.223     67108864      4194304
      131072          512          35.954    134217728      8388608
      131072         1024          69.350    268435456     16777216
      131072         2048         136.200    536870912     33554432
      131072         4096         269.897   1073741824     67108864
      131072         8192         524.093   2147483648    134217728
      131072        16384        1131.893   4294967296    268435456
      262144            1          12.666       524288        32768
      262144            2           6.405      1048576        65536
      262144            4           5.468      2097152       131072
      262144            8           5.835      4194304       262144
      262144           16           6.954      8388608       524288
      262144           32           8.751     16777216      1048576
      262144           64          12.432     33554432      2097152
      262144          128          20.391     67108864      4194304
      262144          256          37.376    134217728      8388608
      262144          512          74.639    268435456     16777216
      262144         1024         132.417    536870912     33554432
      262144         2048         267.088   1073741824     67108864
      262144         4096         490.150   2147483648    134217728
      262144         8192        1037.441   4294967296    268435456
      524288            1          31.035      1048576        65536
      524288            2          13.442      2097152       131072
      524288            4          12.233      4194304       262144
      524288            8          13.509      8388608       524288
      524288           16          17.689     16777216      1048576
      524288           32          18.424     33554432      2097152
      524288           64          26.493     67108864      4194304
      524288          128          42.003    134217728      8388608
      524288          256          71.574    268435456     16777216
      524288          512         133.489    536870912     33554432
      524288         1024         277.879   1073741824     67108864
      524288         2048         483.941   2147483648    134217728
      524288         4096         975.066   4294967296    268435456
     1048576            1          43.826      2097152       131072
     1048576            2          17.625      4194304       262144
     1048576            4          17.936      8388608       524288
     1048576            8          19.812     16777216      1048576
     1048576           16          23.814     33554432      2097152
     1048576           32          31.478     67108864      4194304
     1048576           64          46.920    134217728      8388608
     1048576          128          77.824    268435456     16777216
     1048576          256         139.632    536870912     33554432
     1048576          512         255.595   1073741824     67108864
     1048576         1024         504.479   2147483648    134217728
     1048576         2048         983.592   4294967296    268435456
     2097152            1         130.848      4194304       262144
     2097152            2          55.382      8388608       524288
     2097152            4          35.541     16777216      1048576
     2097152            8          40.157     33554432      2097152
     2097152           16          47.906     67108864      4194304
     2097152           32          63.001    134217728      8388608
     2097152           64         101.431    268435456     16777216
     2097152          128         150.951    536870912     33554432
     2097152          256         270.954   1073741824     67108864
     2097152          512         624.896   2147483648    134217728
     2097152         1024        1158.721   4294967296    268435456
     4194304            1         199.347      8388608       524288
     4194304            2         177.130     16777216      1048576
     4194304            4         131.284     33554432      2097152
     4194304            8         134.913     67108864      4194304
     4194304           16         140.392    134217728      8388608
     4194304           32         171.494    268435456     16777216
     4194304           64         244.200    536870912     33554432
     4194304          128         362.910   1073741824     67108864
     4194304          256         612.063   2147483648    134217728
     4194304          512        1069.590   4294967296    268435456
     8388608            1         425.812     16777216      1048576
     8388608            2         557.877     33554432      2097152
     8388608            4         416.068     67108864      4194304
     8388608            8         401.249    134217728      8388608
     8388608           16         418.308    268435456     16777216
     8388608           32         492.557    536870912     33554432
     8388608           64         600.494   1073741824     67108864
     8388608          128         824.176   2147483648    134217728
     8388608          256        1325.035   4294967296    268435456
    16777216            1         815.939     33554432      2097152
    16777216            2        1283.638     67108864      4194304
    16777216            4        1090.648    134217728      8388608
    16777216            8        1019.829    268435456     16777216
    16777216           16         997.208    536870912     33554432
    16777216           32        1106.772   1073741824     67108864
    16777216           64        1341.954   2147483648    134217728
    16777216          128        1775.030   4294967296    268435456
    33554432            1        1564.975     67108864      4194304
    33554432            2        2871.093    134217728      8388608
    33554432            4        2660.437    268435456     16777216
    33554432            8        2534.784    536870912     33554432
    33554432           16        2541.105   1073741824     67108864
    33554432           32        2708.985   2147483648    134217728
    33554432           64        3123.146   4294967296    268435456
    67108864            1        2943.115    134217728      8388608
    67108864            2        5694.942    268435456     16777216
    67108864            4        6447.712    536870912     33554432
    67108864            8        6226.941   1073741824     67108864
    67108864           16        5685.099   2147483648    134217728
    67108864           32        6061.824   4294967296    268435456
   134217728            1        6242.792    268435456     16777216
   134217728            2       11271.160    536870912     33554432
   134217728            4       11067.757   1073741824     67108864
   134217728            8       12062.438   2147483648    134217728
   134217728           16       11748.339   4294967296    268435456
   268435456            1       10664.626    536870912     33554432
   268435456            2       22545.229   1073741824     67108864
   268435456            4       21434.946   2147483648    134217728
   268435456            8       22853.273   4294967296    268435456
   536870912            1       24548.707   1073741824     67108864
   536870912            2       47183.355   2147483648    134217728
   536870912            4       49278.531   4294967296    268435456
  1073741824            1       47836.596   2147483648    134217728
  1073741824            2       96544.473   4294967296    268435456
  2147483648            1       92051.738   4294967296    268435456

META_DATA
FLOPS          1
OPENMP_THREADS 2
ERT_VERSION  1.1.0
HOSTNAME  ('areeba-vm', [], ['127.0.1.1'])
UNAME  uname_result(system='Linux', node='areeba-vm', release='6.17.0-23-generic', version='#23~24.04.1-Ubuntu SMP PREEMPT_DYNAMIC Tue Apr 14 16:11:48 UTC 2', machine='x86_64')
TIMESTAMP_DATA  1778236599.46865
CONFIG  {'ERT_RESULTS': ['roofline/mylaptop/Results'], 'ERT_DRIVER': ['driver1'], 'ERT_KERNEL': ['kernel1'], 'ERT_MPI': ['False'], 'ERT_MPI_CFLAGS': [], 'ERT_MPI_LDFLAGS': [], 'ERT_MPI_PROCS': ['1'], 'ERT_OPENMP': ['True'], 'ERT_OPENMP_CFLAGS': ['-fopenmp'], 'ERT_OPENMP_LDFLAGS': ['-fopenmp'], 'ERT_OPENMP_THREADS': ['1,2,4'], 'ERT_GPU': ['False'], 'ERT_GPU_CFLAGS': [], 'ERT_GPU_LDFLAGS': [], 'ERT_GPU_BLOCKS': ['1'], 'ERT_GPU_THREADS': ['1'], 'ERT_HIP': ['False'], 'ERT_OCL': ['False'], 'ERT_SYCL': ['False'], 'ERT_FLOPS': ['1,2,4,8'], 'ERT_ALIGN': ['32'], 'ERT_CC': ['g++'], 'ERT_CFLAGS': ['-O3', '-march=native', '-mavx2', '-mfma', '-ffast-math'], 'ERT_LD': ['g++'], 'ERT_LDFLAGS': [], 'ERT_LDLIBS': [], 'ERT_PRECISION': ['FP64'], 'ERT_PROCS_THREADS': ['6'], 'ERT_BLOCKS_THREADS': ['1'], 'ERT_WORKING_SET_MIN': ['1'], 'ERT_MEMORY_MAX': ['2147483648'], 'ERT_WSS_MULT': ['2.0'], 'ERT_TRIALS_MIN': ['1'], 'ERT_NUM_EXPERIMENTS': ['1'], 'ERT_RUN': ['OMP_NUM_THREADS=ERT_OPENMP_THREADS', './ERT_CODE'], 'ERT_GNUPLOT': ['False']}
