fp64
 8 268435456 41498.505 41498.505 41498.505 103.49691623830788 103.49691623830788 103.49691623830788 12.937114529788484 12.937114529788484 12.937114529788484
 16 134217728 16727.477 16727.477 16727.477 256.7612136606137 256.7612136606137 256.7612136606137 32.09515170757671 32.09515170757671 32.09515170757671
 32 67108864 16114.729 16114.729 16114.729 266.52432665792895 266.52432665792895 266.52432665792895 33.31554083224112 33.31554083224112 33.31554083224112
 64 33554432 8792.605 8792.605 8792.605 488.47495093888557 488.47495093888557 488.47495093888557 61.059368867360696 61.059368867360696 61.059368867360696
 128 16777216 4953.603 4953.603 4953.603 867.0390614669767 867.0390614669767 867.0390614669767 108.37988268337209 108.37988268337209 108.37988268337209
 256 8388608 3499.847 3499.847 3499.847 1227.1871587529397 1227.1871587529397 1227.1871587529397 153.39839484411746 153.39839484411746 153.39839484411746
 512 4194304 2752.494 2752.494 2752.494 1560.391156529315 1560.391156529315 1560.391156529315 195.04889456616436 195.04889456616436 195.04889456616436
 1024 2097152 5996.273 5996.273 5996.273 716.2728074588999 716.2728074588999 716.2728074588999 89.53410093236249 89.53410093236249 89.53410093236249
 2048 1048576 4486.632 4486.632 4486.632 957.2809394663972 957.2809394663972 957.2809394663972 119.66011743329965 119.66011743329965 119.66011743329965
 4096 524288 4924.598 4924.598 4924.598 872.1457662127956 872.1457662127956 872.1457662127956 109.01822077659945 109.01822077659945 109.01822077659945
 8192 262144 3340.496 3340.496 3340.496 1285.727417724793 1285.727417724793 1285.727417724793 160.71592721559912 160.71592721559912 160.71592721559912
 16384 131072 2911.788 2911.788 2911.788 1475.027473153952 1475.027473153952 1475.027473153952 184.378434144244 184.378434144244 184.378434144244
 32768 65536 3872.018 3872.018 3872.018 1109.2322649326527 1109.2322649326527 1109.2322649326527 138.6540331165816 138.6540331165816 138.6540331165816
 65536 32768 2154.119 2154.119 2154.119 1993.839382132556 1993.839382132556 1993.839382132556 249.2299227665695 249.2299227665695 249.2299227665695
 131072 16384 2038.658 2038.658 2038.658 2106.762044442962 2106.762044442962 2106.762044442962 263.3452555553703 263.3452555553703 263.3452555553703
 262144 8192 2260.819 2260.819 2260.819 1899.7395616367346 1899.7395616367346 1899.7395616367346 237.46744520459183 237.46744520459183 237.46744520459183
 524288 4096 2152.251 2152.251 2152.251 1995.5698921733572 1995.5698921733572 1995.5698921733572 249.44623652166965 249.44623652166965 249.44623652166965
 1048576 2048 2018.587 2018.587 2018.587 2127.7097771857243 2127.7097771857243 2127.7097771857243 265.96372214821554 265.96372214821554 265.96372214821554
 2097152 1024 2180.965 2180.965 2180.965 1969.2967544183425 1969.2967544183425 1969.2967544183425 246.16209430229281 246.16209430229281 246.16209430229281
 4194304 512 2150.392 2150.392 2150.392 1997.2950494607499 1997.2950494607499 1997.2950494607499 249.66188118259373 249.66188118259373 249.66188118259373
 8388608 256 2384.169 2384.169 2384.169 1801.4525379702532 1801.4525379702532 1801.4525379702532 225.18156724628165 225.18156724628165 225.18156724628165
 16777216 128 2835.012 2835.012 2835.012 1514.973233270265 1514.973233270265 1514.973233270265 189.37165415878312 189.37165415878312 189.37165415878312
 33554432 64 5823.131 5823.131 5823.131 737.5700969117817 737.5700969117817 737.5700969117817 92.19626211397271 92.19626211397271 92.19626211397271
 67108864 32 9975.698 9975.698 9975.698 430.54303528434804 430.54303528434804 430.54303528434804 53.817879410543505 53.817879410543505 53.817879410543505
 134217728 16 17683.045 17683.045 17683.045 242.88618255509732 242.88618255509732 242.88618255509732 30.360772819387165 30.360772819387165 30.360772819387165
 268435456 8 32614.273 32614.273 32614.273 131.68980636177298 131.68980636177298 131.68980636177298 16.461225795221623 16.461225795221623 16.461225795221623
 536870912 4 72989.788 72989.788 72989.788 58.84340006577359 58.84340006577359 58.84340006577359 7.355425008221698 7.355425008221698 7.355425008221698
 1073741824 2 151185.675 151185.675 151185.675 28.408559845368952 28.408559845368952 28.408559845368952 3.551069980671119 3.551069980671119 3.551069980671119
 2147483648 1 135513.045 135513.045 135513.045 31.694124325816748 31.694124325816748 31.694124325816748 3.9617655407270935 3.9617655407270935 3.9617655407270935
 
META_DATA
 FLOPS          2
 OPENMP_THREADS 1
 ERT_VERSION  1.1.0
 HOSTNAME  ('areeba-vm', [], ['127.0.1.1'])
 UNAME  uname_result(system='Linux', node='areeba-vm', release='6.17.0-23-generic', version='#23~24.04.1-Ubuntu SMP PREEMPT_DYNAMIC Tue Apr 14 16:11:48 UTC 2', machine='x86_64')
 TIMESTAMP_DATA  1778236606.4306376
 CONFIG  {'ERT_RESULTS': ['roofline/mylaptop/Results'], 'ERT_DRIVER': ['driver1'], 'ERT_KERNEL': ['kernel1'], 'ERT_MPI': ['False'], 'ERT_MPI_CFLAGS': [], 'ERT_MPI_LDFLAGS': [], 'ERT_MPI_PROCS': ['1'], 'ERT_OPENMP': ['True'], 'ERT_OPENMP_CFLAGS': ['-fopenmp'], 'ERT_OPENMP_LDFLAGS': ['-fopenmp'], 'ERT_OPENMP_THREADS': ['1,2,4'], 'ERT_GPU': ['False'], 'ERT_GPU_CFLAGS': [], 'ERT_GPU_LDFLAGS': [], 'ERT_GPU_BLOCKS': ['1'], 'ERT_GPU_THREADS': ['1'], 'ERT_HIP': ['False'], 'ERT_OCL': ['False'], 'ERT_SYCL': ['False'], 'ERT_FLOPS': ['1,2,4,8'], 'ERT_ALIGN': ['32'], 'ERT_CC': ['g++'], 'ERT_CFLAGS': ['-O3', '-march=native', '-mavx2', '-mfma', '-ffast-math'], 'ERT_LD': ['g++'], 'ERT_LDFLAGS': [], 'ERT_LDLIBS': [], 'ERT_PRECISION': ['FP64'], 'ERT_PROCS_THREADS': ['6'], 'ERT_BLOCKS_THREADS': ['1'], 'ERT_WORKING_SET_MIN': ['1'], 'ERT_MEMORY_MAX': ['2147483648'], 'ERT_WSS_MULT': ['2.0'], 'ERT_TRIALS_MIN': ['1'], 'ERT_NUM_EXPERIMENTS': ['1'], 'ERT_RUN': ['OMP_NUM_THREADS=ERT_OPENMP_THREADS', './ERT_CODE'], 'ERT_GNUPLOT': ['False']}
 