fp64

8 1 1.645 1.645 1.645 0.009726443768996961 0.009726443768996961 0.009726443768996961 0.0012158054711246201 0.0012158054711246201 0.0012158054711246201
8 2 0.51 0.51 0.51 0.06274509803921569 0.06274509803921569 0.06274509803921569 0.00784313725490196 0.00784313725490196 0.00784313725490196
8 4 0.506 0.506 0.506 0.1264822134387352 0.1264822134387352 0.1264822134387352 0.0158102766798419 0.0158102766798419 0.0158102766798419
8 8 0.509 0.509 0.509 0.25147347740667975 0.25147347740667975 0.25147347740667975 0.03143418467583497 0.03143418467583497 0.03143418467583497
8 16 0.51 0.51 0.51 0.5019607843137255 0.5019607843137255 0.5019607843137255 0.06274509803921569 0.06274509803921569 0.06274509803921569
8 32 0.507 0.507 0.507 1.009861932938856 1.009861932938856 1.009861932938856 0.126232741617357 0.126232741617357 0.126232741617357
8 64 0.502 0.502 0.502 2.039840637450199 2.039840637450199 2.039840637450199 0.2549800796812749 0.2549800796812749 0.2549800796812749
8 128 0.492 0.492 0.492 4.162601626016261 4.162601626016261 4.162601626016261 0.5203252032520326 0.5203252032520326 0.5203252032520326
8 256 0.514 0.514 0.514 7.96887159533074 7.96887159533074 7.96887159533074 0.9961089494163425 0.9961089494163425 0.9961089494163425
8 512 0.543 0.543 0.543 15.086556169429098 15.086556169429098 15.086556169429098 1.8858195211786373 1.8858195211786373 1.8858195211786373
8 1024 0.605 0.605 0.605 27.08099173553719 27.08099173553719 27.08099173553719 3.3851239669421487 3.3851239669421487 3.3851239669421487
8 2048 0.721 0.721 0.721 45.44798890429959 45.44798890429959 45.44798890429959 5.680998613037449 5.680998613037449 5.680998613037449
8 4096 0.963 0.963 0.963 68.05399792315681 68.05399792315681 68.05399792315681 8.506749740394602 8.506749740394602 8.506749740394602
8 8192 1.438 1.438 1.438 91.14881780250349 91.14881780250349 91.14881780250349 11.393602225312936 11.393602225312936 11.393602225312936
8 16384 2.395 2.395 2.395 109.45469728601253 109.45469728601253 109.45469728601253 13.681837160751567 13.681837160751567 13.681837160751567
8 32768 4.313 4.313 4.313 121.55993507999074 121.55993507999074 121.55993507999074 15.194991884998842 15.194991884998842 15.194991884998842
8 65536 8.129 8.129 8.129 128.99200393652356 128.99200393652356 128.99200393652356 16.124000492065445 16.124000492065445 16.124000492065445
8 131072 15.742 15.742 15.742 133.22017532715032 133.22017532715032 133.22017532715032 16.65252191589379 16.65252191589379 16.65252191589379
8 262144 31.031 31.031 31.031 135.16496406818987 135.16496406818987 135.16496406818987 16.895620508523734 16.895620508523734 16.895620508523734
8 524288 61.578 61.578 61.578 136.22735392510313 136.22735392510313 136.22735392510313 17.02841924063789 17.02841924063789 17.02841924063789
8 1048576 122.668 122.668 122.668 136.7692959859132 136.7692959859132 136.7692959859132 17.09616199823915 17.09616199823915 17.09616199823915
8 2097152 244.836 244.836 244.836 137.04860396346942 137.04860396346942 137.04860396346942 17.131075495433677 17.131075495433677 17.131075495433677
8 4194304 503.963 503.963 503.963 133.16228373908402 133.16228373908402 133.16228373908402 16.645285467385502 16.645285467385502 16.645285467385502
8 8388608 1135.822 1135.822 1135.822 118.16792419939041 118.16792419939041 118.16792419939041 14.770990524923802 14.770990524923802 14.770990524923802
8 16777216 2253.546 2253.546 2253.546 119.11691884700824 119.11691884700824 119.11691884700824 14.88961485587603 14.88961485587603 14.88961485587603
8 33554432 4638.301 4638.301 4638.301 115.74732040891698 115.74732040891698 115.74732040891698 14.468415051114622 14.468415051114622 14.468415051114622
8 67108864 10566.548 10566.548 10566.548 101.61708667769267 101.61708667769267 101.61708667769267 12.702135834711584 12.702135834711584 12.702135834711584
8 134217728 22962.617 22962.617 22962.617 93.5208581844134 93.5208581844134 93.5208581844134 11.690107273051675 11.690107273051675 11.690107273051675
8 268435456 41498.505 41498.505 41498.505 103.49691623830788 103.49691623830788 103.49691623830788 12.937114529788484 12.937114529788484 12.937114529788484

16 1 1.589 1.589 1.589 0.020138451856513532 0.020138451856513532 0.020138451856513532 0.0025173064820641915 0.0025173064820641915 0.0025173064820641915
16 2 0.543 0.543 0.543 0.11786372007366483 0.11786372007366483 0.11786372007366483 0.014732965009208104 0.014732965009208104 0.014732965009208104
16 4 0.54 0.54 0.54 0.23703703703703705 0.23703703703703705 0.23703703703703705 0.02962962962962963 0.02962962962962963 0.02962962962962963
16 8 0.529 0.529 0.529 0.4839319470699433 0.4839319470699433 0.4839319470699433 0.06049149338374291 0.06049149338374291 0.06049149338374291
16 16 0.53 0.53 0.53 0.9660377358490566 0.9660377358490566 0.9660377358490566 0.12075471698113208 0.12075471698113208 0.12075471698113208
16 32 0.512 0.512 0.512 2.0 2.0 2.0 0.25 0.25 0.25
16 64 0.511 0.511 0.511 4.007827788649706 4.007827788649706 4.007827788649706 0.5009784735812133 0.5009784735812133 0.5009784735812133
16 128 0.502 0.502 0.502 8.159362549800797 8.159362549800797 8.159362549800797 1.0199203187250996 1.0199203187250996 1.0199203187250996
16 256 0.528 0.528 0.528 15.515151515151514 15.515151515151514 15.515151515151514 1.9393939393939392 1.9393939393939392 1.9393939393939392
16 512 0.555 0.555 0.555 29.520720720720718 29.520720720720718 29.520720720720718 3.6900900900900897 3.6900900900900897 3.6900900900900897
16 1024 0.622 0.622 0.622 52.68167202572347 52.68167202572347 52.68167202572347 6.585209003215434 6.585209003215434 6.585209003215434
16 2048 0.74 0.74 0.74 88.56216216216217 88.56216216216217 88.56216216216217 11.07027027027027 11.07027027027027 11.07027027027027
16 4096 0.983 0.983 0.983 133.3387589013225 133.3387589013225 133.3387589013225 16.667344862665313 16.667344862665313 16.667344862665313
16 8192 1.471 1.471 1.471 178.2080217539089 178.2080217539089 178.2080217539089 22.276002719238612 22.276002719238612 22.276002719238612
16 16384 2.454 2.454 2.454 213.64629176854115 213.64629176854115 213.64629176854115 26.705786471067643 26.705786471067643 26.705786471067643
16 32768 4.408 4.408 4.408 237.88021778584394 237.88021778584394 237.88021778584394 29.735027223230492 29.735027223230492 29.735027223230492
16 65536 8.308 8.308 8.308 252.42561386615316 252.42561386615316 252.42561386615316 31.553201733269145 31.553201733269145 31.553201733269145
16 131072 16.123 16.123 16.123 260.144141909074 260.144141909074 260.144141909074 32.51801773863425 32.51801773863425 32.51801773863425
16 262144 31.769 31.769 31.769 264.0501117441531 264.0501117441531 264.0501117441531 33.00626396801914 33.00626396801914 33.00626396801914
16 524288 63.041 63.041 63.041 266.13181897495286 266.13181897495286 266.13181897495286 33.26647737186911 33.26647737186911 33.26647737186911
16 1048576 125.577 125.577 125.577 267.2020513310558 267.2020513310558 267.2020513310558 33.40025641638198 33.40025641638198 33.40025641638198
16 2097152 251.518 251.518 251.518 266.8153531755183 266.8153531755183 266.8153531755183 33.351919146939785 33.351919146939785 33.351919146939785
16 4194304 476.619 476.619 476.619 281.603813528206 281.603813528206 281.603813528206 35.20047669102575 35.20047669102575 35.20047669102575
16 8388608 946.556 946.556 946.556 283.5917325546507 283.5917325546507 283.5917325546507 35.44896656933134 35.44896656933134 35.44896656933134
16 16777216 2067.33 2067.33 2067.33 259.69289469992697 259.69289469992697 259.69289469992697 32.46161183749087 32.46161183749087 32.46161183749087
16 33554432 3883.881 3883.881 3883.881 276.4610512011053 276.4610512011053 276.4610512011053 34.55763140013816 34.55763140013816 34.55763140013816
16 67108864 8257.698 8257.698 8257.698 260.0583901227679 260.0583901227679 260.0583901227679 32.507298765345986 32.507298765345986 32.507298765345986
16 134217728 16727.477 16727.477 16727.477 256.7612136606137 256.7612136606137 256.7612136606137 32.09515170757671 32.09515170757671 32.09515170757671

32 1 2.09 2.09 2.09 0.030622009569377995 0.030622009569377995 0.030622009569377995 0.0038277511961722493 0.0038277511961722493 0.0038277511961722493
32 2 0.968 0.968 0.968 0.13223140495867772 0.13223140495867772 0.13223140495867772 0.016528925619834715 0.016528925619834715 0.016528925619834715
32 4 0.991 0.991 0.991 0.2583249243188699 0.2583249243188699 0.2583249243188699 0.032290615539858736 0.032290615539858736 0.032290615539858736
32 8 0.98 0.98 0.98 0.5224489795918368 0.5224489795918368 0.5224489795918368 0.0653061224489796 0.0653061224489796 0.0653061224489796
32 16 1.505 1.505 1.505 0.6803986710963456 0.6803986710963456 0.6803986710963456 0.0850498338870432 0.0850498338870432 0.0850498338870432
32 32 1.235 1.235 1.235 1.6582995951417006 1.6582995951417006 1.6582995951417006 0.20728744939271257 0.20728744939271257 0.20728744939271257
32 64 1.136 1.136 1.136 3.6056338028169024 3.6056338028169024 3.6056338028169024 0.4507042253521128 0.4507042253521128 0.4507042253521128
32 128 1.147 1.147 1.147 7.142109851787271 7.142109851787271 7.142109851787271 0.8927637314734089 0.8927637314734089 0.8927637314734089
32 256 0.543 0.543 0.543 30.173112338858196 30.173112338858196 30.173112338858196 3.7716390423572745 3.7716390423572745 3.7716390423572745
32 512 0.602 0.602 0.602 54.43189368770764 54.43189368770764 54.43189368770764 6.803986710963455 6.803986710963455 6.803986710963455
32 1024 0.717 0.717 0.717 91.40306834030685 91.40306834030685 91.40306834030685 11.425383542538356 11.425383542538356 11.425383542538356
32 2048 0.96 0.96 0.96 136.53333333333336 136.53333333333336 136.53333333333336 17.06666666666667 17.06666666666667 17.06666666666667
32 4096 1.438 1.438 1.438 182.29763560500697 182.29763560500697 182.29763560500697 22.78720445062587 22.78720445062587 22.78720445062587
32 8192 2.393 2.393 2.393 219.0923526953615 219.0923526953615 219.0923526953615 27.38654408692019 27.38654408692019 27.38654408692019
32 16384 4.307 4.307 4.307 243.45855583933132 243.45855583933132 243.45855583933132 30.432319479916416 30.432319479916416 30.432319479916416
32 32768 8.114 8.114 8.114 258.460931722948 258.460931722948 258.460931722948 32.3076164653685 32.3076164653685 32.3076164653685
32 65536 15.744 15.744 15.744 266.4065040650407 266.4065040650407 266.4065040650407 33.300813008130085 33.300813008130085 33.300813008130085
32 131072 35.13 35.13 35.13 238.78758895530885 238.78758895530885 238.78758895530885 29.848448619413606 29.848448619413606 29.848448619413606
32 262144 64.732 64.732 64.732 259.1796329481555 259.1796329481555 259.1796329481555 32.397454118519434 32.397454118519434 32.397454118519434
32 524288 122.712 122.712 122.712 273.44051111545735 273.44051111545735 273.44051111545735 34.18006388943217 34.18006388943217 34.18006388943217
32 1048576 251.865 251.865 251.865 266.4477557421635 266.4477557421635 266.4477557421635 33.30596946777044 33.30596946777044 33.30596946777044
32 2097152 468.361 468.361 468.361 286.56896710016423 286.56896710016423 286.56896710016423 35.82112088752053 35.82112088752053 35.82112088752053
32 4194304 936.707 936.707 936.707 286.5735560853074 286.5735560853074 286.5735560853074 35.82169451066343 35.82169451066343 35.82169451066343
32 8388608 1859.299 1859.299 1859.299 288.7490995262193 288.7490995262193 288.7490995262193 36.093637440777414 36.093637440777414 36.093637440777414
32 16777216 3935.806 3935.806 3935.806 272.8137067731489 272.8137067731489 272.8137067731489 34.10171334664361 34.10171334664361 34.10171334664361
32 33554432 8533.166 8533.166 8533.166 251.66317495757144 251.66317495757144 251.66317495757144 31.45789686969643 31.45789686969643 31.45789686969643
32 67108864 16114.729 16114.729 16114.729 266.52432665792895 266.52432665792895 266.52432665792895 33.31554083224112 33.31554083224112 33.31554083224112

64 1 1.396 1.396 1.396 0.09169054441260746 0.09169054441260746 0.09169054441260746 0.011461318051575933 0.011461318051575933 0.011461318051575933
64 2 0.523 0.523 0.523 0.4894837476099427 0.4894837476099427 0.4894837476099427 0.061185468451242835 0.061185468451242835 0.061185468451242835
64 4 0.509 0.509 0.509 1.005893909626719 1.005893909626719 1.005893909626719 0.12573673870333987 0.12573673870333987 0.12573673870333987
64 8 0.502 0.502 0.502 2.039840637450199 2.039840637450199 2.039840637450199 0.2549800796812749 0.2549800796812749 0.2549800796812749
64 16 0.495 0.495 0.495 4.137373737373737 4.137373737373737 4.137373737373737 0.5171717171717172 0.5171717171717172 0.5171717171717172
64 32 0.503 0.503 0.503 8.143141153081512 8.143141153081512 8.143141153081512 1.017892644135189 1.017892644135189 1.017892644135189
64 64 0.492 0.492 0.492 16.650406504065042 16.650406504065042 16.650406504065042 2.0813008130081303 2.0813008130081303 2.0813008130081303
64 128 0.497 0.497 0.497 32.96579476861167 32.96579476861167 32.96579476861167 4.120724346076459 4.120724346076459 4.120724346076459
64 256 0.529 0.529 0.529 61.94328922495274 61.94328922495274 61.94328922495274 7.742911153119093 7.742911153119093 7.742911153119093
64 512 0.577 0.577 0.577 113.58058925476605 113.58058925476605 113.58058925476605 14.197573656845757 14.197573656845757 14.197573656845757
64 1024 0.695 0.695 0.695 188.59280575539572 188.59280575539572 188.59280575539572 23.574100719424465 23.574100719424465 23.574100719424465
64 2048 0.92 0.92 0.92 284.9391304347826 284.9391304347826 284.9391304347826 35.61739130434783 35.61739130434783 35.61739130434783
64 4096 1.376 1.376 1.376 381.02325581395354 381.02325581395354 381.02325581395354 47.62790697674419 47.62790697674419 47.62790697674419
64 8192 2.288 2.288 2.288 458.29370629370635 458.29370629370635 458.29370629370635 57.286713286713294 57.286713286713294 57.286713286713294
64 16384 4.11 4.11 4.11 510.2559610705596 510.2559610705596 510.2559610705596 63.78199513381995 63.78199513381995 63.78199513381995
64 32768 7.745 7.745 7.745 541.5499031633312 541.5499031633312 541.5499031633312 67.6937378954164 67.6937378954164 67.6937378954164
64 65536 15.065 15.065 15.065 556.8276136740791 556.8276136740791 556.8276136740791 69.60345170925989 69.60345170925989 69.60345170925989
64 131072 29.649 29.649 29.649 565.8611083004486 565.8611083004486 565.8611083004486 70.73263853755607 70.73263853755607 70.73263853755607
64 262144 58.838 58.838 58.838 570.2850538767464 570.2850538767464 570.2850538767464 71.2856317345933 71.2856317345933 71.2856317345933
64 524288 117.235 117.235 117.235 572.4302810594106 572.4302810594106 572.4302810594106 71.55378513242633 71.55378513242633 71.55378513242633
64 1048576 233.942 233.942 233.942 573.7222388455258 573.7222388455258 573.7222388455258 71.71527985569072 71.71527985569072 71.71527985569072
64 2097152 493.981 493.981 493.981 543.4125118172561 543.4125118172561 543.4125118172561 67.92656397715702 67.92656397715702 67.92656397715702
64 4194304 990.586 990.586 990.586 541.9730462574678 541.9730462574678 541.9730462574678 67.74663078218347 67.74663078218347 67.74663078218347
64 8388608 2189.655 2189.655 2189.655 490.37032043860796 490.37032043860796 490.37032043860796 61.296290054825995 61.296290054825995 61.296290054825995
64 16777216 4194.599 4194.599 4194.599 511.9639917903952 511.9639917903952 511.9639917903952 63.9954989737994 63.9954989737994 63.9954989737994
64 33554432 8792.605 8792.605 8792.605 488.47495093888557 488.47495093888557 488.47495093888557 61.059368867360696 61.059368867360696 61.059368867360696

128 1 1.704 1.704 1.704 0.1502347417840376 0.1502347417840376 0.1502347417840376 0.0187793427230047 0.0187793427230047 0.0187793427230047
128 2 0.5 0.5 0.5 1.024 1.024 1.024 0.128 0.128 0.128
128 4 0.516 0.516 0.516 1.9844961240310077 1.9844961240310077 1.9844961240310077 0.24806201550387597 0.24806201550387597 0.24806201550387597
128 8 0.524 0.524 0.524 3.908396946564886 3.908396946564886 3.908396946564886 0.4885496183206107 0.4885496183206107 0.4885496183206107
128 16 0.726 0.726 0.726 5.641873278236915 5.641873278236915 5.641873278236915 0.7052341597796143 0.7052341597796143 0.7052341597796143
128 32 0.502 0.502 0.502 16.318725099601593 16.318725099601593 16.318725099601593 2.039840637450199 2.039840637450199 2.039840637450199
128 64 0.504 0.504 0.504 32.50793650793651 32.50793650793651 32.50793650793651 4.063492063492064 4.063492063492064 4.063492063492064
128 128 0.558 0.558 0.558 58.724014336917556 58.724014336917556 58.724014336917556 7.3405017921146944 7.3405017921146944 7.3405017921146944
128 256 0.622 0.622 0.622 105.36334405144694 105.36334405144694 105.36334405144694 13.170418006430868 13.170418006430868 13.170418006430868
128 512 0.764 0.764 0.764 171.56020942408378 171.56020942408378 171.56020942408378 21.445026178010473 21.445026178010473 21.445026178010473
128 1024 1.046 1.046 1.046 250.61567877629065 250.61567877629065 250.61567877629065 31.32695984703633 31.32695984703633 31.32695984703633
128 2048 1.146 1.146 1.146 457.4938917975568 457.4938917975568 457.4938917975568 57.1867364746946 57.1867364746946 57.1867364746946
128 4096 1.648 1.648 1.648 636.2718446601942 636.2718446601942 636.2718446601942 79.53398058252428 79.53398058252428 79.53398058252428
128 8192 2.806 2.806 2.806 747.3813257305774 747.3813257305774 747.3813257305774 93.42266571632217 93.42266571632217 93.42266571632217
128 16384 5.142 5.142 5.142 815.6950602878258 815.6950602878258 815.6950602878258 101.96188253597822 101.96188253597822 101.96188253597822
128 32768 9.813 9.813 9.813 854.8464282074799 854.8464282074799 854.8464282074799 106.85580352593499 106.85580352593499 106.85580352593499
128 65536 19.119 19.119 19.119 877.5153512212981 877.5153512212981 877.5153512212981 109.68941890266227 109.68941890266227 109.68941890266227
128 131072 37.796 37.796 37.796 887.7773309344905 887.7773309344905 887.7773309344905 110.97216636681131 110.97216636681131 110.97216636681131
128 262144 75.08 75.08 75.08 893.8314331379863 893.8314331379863 893.8314331379863 111.72892914224829 111.72892914224829 111.72892914224829
128 524288 149.725 149.725 149.725 896.4283052262482 896.4283052262482 896.4283052262482 112.05353815328102 112.05353815328102 112.05353815328102
128 1048576 326.126 326.126 326.126 823.1035121394799 823.1035121394799 823.1035121394799 102.88793901743499 102.88793901743499 102.88793901743499
128 2097152 599.744 599.744 599.744 895.1667911642301 895.1667911642301 895.1667911642301 111.89584889552876 111.89584889552876 111.89584889552876
128 4194304 1273.827 1273.827 1273.827 842.9259420627762 842.9259420627762 842.9259420627762 105.36574275784703 105.36574275784703 105.36574275784703
128 8388608 2478.856 2478.856 2478.856 866.3204510467732 866.3204510467732 866.3204510467732 108.29005638084665 108.29005638084665 108.29005638084665
128 16777216 4953.603 4953.603 4953.603 867.0390614669767 867.0390614669767 867.0390614669767 108.37988268337209 108.37988268337209 108.37988268337209

256 1 1.53 1.53 1.53 0.334640522875817 0.334640522875817 0.334640522875817 0.04183006535947713 0.04183006535947713 0.04183006535947713
256 2 0.562 0.562 0.562 1.8220640569395017 1.8220640569395017 1.8220640569395017 0.2277580071174377 0.2277580071174377 0.2277580071174377
256 4 0.514 0.514 0.514 3.98443579766537 3.98443579766537 3.98443579766537 0.49805447470817127 0.49805447470817127 0.49805447470817127
256 8 0.497 0.497 0.497 8.241448692152918 8.241448692152918 8.241448692152918 1.0301810865191148 1.0301810865191148 1.0301810865191148
256 16 0.471 0.471 0.471 17.3927813163482 17.3927813163482 17.3927813163482 2.174097664543525 2.174097664543525 2.174097664543525
256 32 0.502 0.502 0.502 32.63745019920319 32.63745019920319 32.63745019920319 4.079681274900398 4.079681274900398 4.079681274900398
256 64 0.5 0.5 0.5 65.536 65.536 65.536 8.192 8.192 8.192
256 128 0.51 0.51 0.51 128.50196078431372 128.50196078431372 128.50196078431372 16.062745098039215 16.062745098039215 16.062745098039215
256 256 0.559 0.559 0.559 234.47584973166366 234.47584973166366 234.47584973166366 29.309481216457957 29.309481216457957 29.309481216457957
256 512 0.653 0.653 0.653 401.4456355283308 401.4456355283308 401.4456355283308 50.18070444104135 50.18070444104135 50.18070444104135
256 1024 0.85 0.85 0.85 616.8094117647059 616.8094117647059 616.8094117647059 77.10117647058824 77.10117647058824 77.10117647058824
256 2048 1.236 1.236 1.236 848.3624595469257 848.3624595469257 848.3624595469257 106.04530744336572 106.04530744336572 106.04530744336572
256 4096 2.019 2.019 2.019 1038.7082714214957 1038.7082714214957 1038.7082714214957 129.83853392768697 129.83853392768697 129.83853392768697
256 8192 3.58 3.58 3.58 1171.5932960893856 1171.5932960893856 1171.5932960893856 146.4491620111732 146.4491620111732 146.4491620111732
256 16384 6.685 6.685 6.685 1254.8403889304413 1254.8403889304413 1254.8403889304413 156.85504861630517 156.85504861630517 156.85504861630517
256 32768 12.948 12.948 12.948 1295.7380290392339 1295.7380290392339 1295.7380290392339 161.96725362990423 161.96725362990423 161.96725362990423
256 65536 25.428 25.428 25.428 1319.585968224005 1319.585968224005 1319.585968224005 164.94824602800063 164.94824602800063 164.94824602800063
256 131072 50.417 50.417 50.417 1331.0761052819487 1331.0761052819487 1331.0761052819487 166.38451316024359 166.38451316024359 166.38451316024359
256 262144 100.378 100.378 100.378 1337.1229552292336 1337.1229552292336 1337.1229552292336 167.1403694036542 167.1403694036542 167.1403694036542
256 524288 203.186 203.186 203.186 1321.1316527713525 1321.1316527713525 1321.1316527713525 165.14145659641906 165.14145659641906 165.14145659641906
256 1048576 574.6 574.6 574.6 934.3385172293771 934.3385172293771 934.3385172293771 116.79231465367214 116.79231465367214 116.79231465367214
256 2097152 1167.211 1167.211 1167.211 919.9209260365093 919.9209260365093 919.9209260365093 114.99011575456366 114.99011575456366 114.99011575456366
256 4194304 2251.718 2251.718 2251.718 953.7089671086701 953.7089671086701 953.7089671086701 119.21362088858376 119.21362088858376 119.21362088858376
256 8388608 3499.847 3499.847 3499.847 1227.1871587529397 1227.1871587529397 1227.1871587529397 153.39839484411746 153.39839484411746 153.39839484411746

512 1 1.323 1.323 1.323 0.7739984882842027 0.7739984882842027 0.7739984882842027 0.09674981103552534 0.09674981103552534 0.09674981103552534
512 2 0.505 0.505 0.505 4.0554455445544555 4.0554455445544555 4.0554455445544555 0.5069306930693069 0.5069306930693069 0.5069306930693069
512 4 0.525 0.525 0.525 7.801904761904762 7.801904761904762 7.801904761904762 0.9752380952380952 0.9752380952380952 0.9752380952380952
512 8 0.504 0.504 0.504 16.253968253968257 16.253968253968257 16.253968253968257 2.031746031746032 2.031746031746032 2.031746031746032
512 16 0.519 0.519 0.519 31.56840077071291 31.56840077071291 31.56840077071291 3.9460500963391136 3.9460500963391136 3.9460500963391136
512 32 0.508 0.508 0.508 64.50393700787401 64.50393700787401 64.50393700787401 8.062992125984252 8.062992125984252 8.062992125984252
512 64 0.507 0.507 0.507 129.26232741617358 129.26232741617358 129.26232741617358 16.157790927021697 16.157790927021697 16.157790927021697
512 128 0.547 0.547 0.547 239.6197440585009 239.6197440585009 239.6197440585009 29.952468007312614 29.952468007312614 29.952468007312614
512 256 0.624 0.624 0.624 420.10256410256414 420.10256410256414 420.10256410256414 52.51282051282052 52.51282051282052 52.51282051282052
512 512 0.786 0.786 0.786 667.0330788804071 667.0330788804071 667.0330788804071 83.37913486005088 83.37913486005088 83.37913486005088
512 1024 1.1 1.1 1.1 953.2509090909091 953.2509090909091 953.2509090909091 119.15636363636364 119.15636363636364 119.15636363636364
512 2048 1.727 1.727 1.727 1214.332368268674 1214.332368268674 1214.332368268674 151.79154603358424 151.79154603358424 151.79154603358424
512 4096 2.98 2.98 2.98 1407.4845637583894 1407.4845637583894 1407.4845637583894 175.93557046979868 175.93557046979868 175.93557046979868
512 8192 5.48 5.48 5.48 1530.767883211679 1530.767883211679 1530.767883211679 191.34598540145987 191.34598540145987 191.34598540145987
512 16384 10.494 10.494 10.494 1598.74366304555 1598.74366304555 1598.74366304555 199.84295788069375 199.84295788069375 199.84295788069375
512 32768 20.543 20.543 20.543 1633.3754563598307 1633.3754563598307 1633.3754563598307 204.17193204497883 204.17193204497883 204.17193204497883
512 65536 40.605 40.605 40.605 1652.7241472725036 1652.7241472725036 1652.7241472725036 206.59051840906295 206.59051840906295 206.59051840906295
512 131072 80.726 80.726 80.726 1662.6332036766346 1662.6332036766346 1662.6332036766346 207.82915045957932 207.82915045957932 207.82915045957932
512 262144 165.647 165.647 165.647 1620.5271209258244 1620.5271209258244 1620.5271209258244 202.56589011572805 202.56589011572805 202.56589011572805
512 524288 321.643 321.643 321.643 1669.1515500104156 1669.1515500104156 1669.1515500104156 208.64394375130195 208.64394375130195 208.64394375130195
512 1048576 647.392 647.392 647.392 1658.5651722603923 1658.5651722603923 1658.5651722603923 207.32064653254903 207.32064653254903 207.32064653254903
512 2097152 1359.854 1359.854 1359.854 1579.201626056915 1579.201626056915 1579.201626056915 197.40020325711438 197.40020325711438 197.40020325711438
512 4194304 2752.494 2752.494 2752.494 1560.391156529315 1560.391156529315 1560.391156529315 195.04889456616436 195.04889456616436 195.04889456616436

1024 1 1.304 1.304 1.304 1.5705521472392638 1.5705521472392638 1.5705521472392638 0.19631901840490798 0.19631901840490798 0.19631901840490798
1024 2 0.533 0.533 0.533 7.684803001876173 7.684803001876173 7.684803001876173 0.9606003752345216 0.9606003752345216 0.9606003752345216
1024 4 0.534 0.534 0.534 15.340823970037455 15.340823970037455 15.340823970037455 1.917602996254682 1.917602996254682 1.917602996254682
1024 8 0.537 0.537 0.537 30.510242085661083 30.510242085661083 30.510242085661083 3.8137802607076354 3.8137802607076354 3.8137802607076354
1024 16 0.531 0.531 0.531 61.70998116760829 61.70998116760829 61.70998116760829 7.713747645951036 7.713747645951036 7.713747645951036
1024 32 0.576 0.576 0.576 113.77777777777779 113.77777777777779 113.77777777777779 14.222222222222223 14.222222222222223 14.222222222222223
1024 64 0.641 0.641 0.641 204.4804992199688 204.4804992199688 204.4804992199688 25.5600624024961 25.5600624024961 25.5600624024961
1024 128 0.788 0.788 0.788 332.67005076142135 332.67005076142135 332.67005076142135 41.58375634517767 41.58375634517767 41.58375634517767
1024 256 1.093 1.093 1.093 479.6779505946935 479.6779505946935 479.6779505946935 59.95974382433669 59.95974382433669 59.95974382433669
1024 512 1.669 1.669 1.669 628.266027561414 628.266027561414 628.266027561414 78.53325344517675 78.53325344517675 78.53325344517675
1024 1024 3.074 3.074 3.074 682.2225113858167 682.2225113858167 682.2225113858167 85.27781392322709 85.27781392322709 85.27781392322709
1024 2048 5.427 5.427 5.427 772.8586696148886 772.8586696148886 772.8586696148886 96.60733370186108 96.60733370186108 96.60733370186108
1024 4096 10.298 10.298 10.298 814.5861332297534 814.5861332297534 814.5861332297534 101.82326665371917 101.82326665371917 101.82326665371917
1024 8192 19.684 19.684 19.684 852.3275756959968 852.3275756959968 852.3275756959968 106.5409469619996 106.5409469619996 106.5409469619996
1024 16384 38.922 38.922 38.922 862.0942397615745 862.0942397615745 862.0942397615745 107.76177997019681 107.76177997019681 107.76177997019681
1024 32768 77.314 77.314 77.314 868.0040354916316 868.0040354916316 868.0040354916316 108.50050443645395 108.50050443645395 108.50050443645395
1024 65536 154.153 154.153 154.153 870.6786634058371 870.6786634058371 870.6786634058371 108.83483292572964 108.83483292572964 108.83483292572964
1024 131072 375.334 375.334 375.334 715.1908859842167 715.1908859842167 715.1908859842167 89.39886074802709 89.39886074802709 89.39886074802709
1024 262144 816.184 816.184 816.184 657.781715887594 657.781715887594 657.781715887594 82.22271448594925 82.22271448594925 82.22271448594925
1024 524288 1318.52 1318.52 1318.52 814.3538391529898 814.3538391529898 814.3538391529898 101.79422989412373 101.79422989412373 101.79422989412373
1024 1048576 3488.583 3488.583 3488.583 615.5747614432565 615.5747614432565 615.5747614432565 76.94684518040707 76.94684518040707 76.94684518040707
1024 2097152 5996.273 5996.273 5996.273 716.2728074588999 716.2728074588999 716.2728074588999 89.53410093236249 89.53410093236249 89.53410093236249

2048 1 1.45 1.45 1.45 2.824827586206897 2.824827586206897 2.824827586206897 0.3531034482758621 0.3531034482758621 0.3531034482758621
2048 2 0.54 0.54 0.54 15.170370370370371 15.170370370370371 15.170370370370371 1.8962962962962964 1.8962962962962964 1.8962962962962964
2048 4 0.565 0.565 0.565 28.99823008849558 28.99823008849558 28.99823008849558 3.6247787610619473 3.6247787610619473 3.6247787610619473
2048 8 0.568 0.568 0.568 57.69014084507044 57.69014084507044 57.69014084507044 7.211267605633805 7.211267605633805 7.211267605633805
2048 16 0.594 0.594 0.594 110.32996632996635 110.32996632996635 110.32996632996635 13.791245791245794 13.791245791245794 13.791245791245794
2048 32 0.658 0.658 0.658 199.19756838905778 199.19756838905778 199.19756838905778 24.899696048632222 24.899696048632222 24.899696048632222
2048 64 0.784 0.784 0.784 334.36734693877554 334.36734693877554 334.36734693877554 41.79591836734694 41.79591836734694 41.79591836734694
2048 128 1.065 1.065 1.065 492.2892018779343 492.2892018779343 492.2892018779343 61.53615023474179 61.53615023474179 61.53615023474179
2048 256 1.588 1.588 1.588 660.3123425692695 660.3123425692695 660.3123425692695 82.53904282115869 82.53904282115869 82.53904282115869
2048 512 2.859 2.859 2.859 733.5264078349073 733.5264078349073 733.5264078349073 91.69080097936342 91.69080097936342 91.69080097936342
2048 1024 4.856 4.856 4.856 863.7364085667217 863.7364085667217 863.7364085667217 107.96705107084021 107.96705107084021 107.96705107084021
2048 2048 9.156 9.156 9.156 916.1869812145042 916.1869812145042 916.1869812145042 114.52337265181302 114.52337265181302 114.52337265181302
2048 4096 17.813 17.813 17.813 941.8523550216134 941.8523550216134 941.8523550216134 117.73154437770168 117.73154437770168 117.73154437770168
2048 8192 35.065 35.065 35.065 956.9209182945959 956.9209182945959 956.9209182945959 119.61511478682449 119.61511478682449 119.61511478682449
2048 16384 69.588 69.588 69.588 964.3740874863483 964.3740874863483 964.3740874863483 120.54676093579354 120.54676093579354 120.54676093579354
2048 32768 158.386 158.386 158.386 847.409038677661 847.409038677661 847.409038677661 105.92612983470762 105.92612983470762 105.92612983470762
2048 65536 270.328 270.328 270.328 992.9990825959577 992.9990825959577 992.9990825959577 124.12488532449471 124.12488532449471 124.12488532449471
2048 131072 520.312 520.312 520.312 1031.8249665585265 1031.8249665585265 1031.8249665585265 128.9781208198158 128.9781208198158 128.9781208198158
2048 262144 1099.405 1099.405 1099.405 976.6572136746696 976.6572136746696 976.6572136746696 122.0821517093337 122.0821517093337 122.0821517093337
2048 524288 2138.578 2138.578 2138.578 1004.1642848659251 1004.1642848659251 1004.1642848659251 125.52053560824064 125.52053560824064 125.52053560824064
2048 1048576 4486.632 4486.632 4486.632 957.2809394663972 957.2809394663972 957.2809394663972 119.66011743329965 119.66011743329965 119.66011743329965

4096 1 2.295 2.295 2.295 3.5694989106753816 3.5694989106753816 3.5694989106753816 0.4461873638344227 0.4461873638344227 0.4461873638344227
4096 2 0.606 0.606 0.606 27.036303630363037 27.036303630363037 27.036303630363037 3.3795379537953796 3.3795379537953796 3.3795379537953796
4096 4 0.63 0.63 0.63 52.01269841269841 52.01269841269841 52.01269841269841 6.501587301587302 6.501587301587302 6.501587301587302
4096 8 0.651 0.651 0.651 100.66973886328726 100.66973886328726 100.66973886328726 12.583717357910908 12.583717357910908 12.583717357910908
4096 16 0.729 0.729 0.729 179.79698216735255 179.79698216735255 179.79698216735255 22.47462277091907 22.47462277091907 22.47462277091907
4096 32 0.877 0.877 0.877 298.90992018244015 298.90992018244015 298.90992018244015 37.36374002280502 37.36374002280502 37.36374002280502
4096 64 1.16 1.16 1.16 451.9724137931035 451.9724137931035 451.9724137931035 56.49655172413794 56.49655172413794 56.49655172413794
4096 128 1.714 1.714 1.714 611.7712952158694 611.7712952158694 611.7712952158694 76.47141190198367 76.47141190198367 76.47141190198367
4096 256 2.895 2.895 2.895 724.404835924007 724.404835924007 724.404835924007 90.55060449050087 90.55060449050087 90.55060449050087
4096 512 5.347 5.347 5.347 784.4219188329904 784.4219188329904 784.4219188329904 98.0527398541238 98.0527398541238 98.0527398541238
4096 1024 9.923 9.923 9.923 845.3701501562028 845.3701501562028 845.3701501562028 105.67126876952535 105.67126876952535 105.67126876952535
4096 2048 20.778 20.778 20.778 807.4509577437675 807.4509577437675 807.4509577437675 100.93136971797094 100.93136971797094 100.93136971797094
4096 4096 37.251 37.251 37.251 900.7659391694183 900.7659391694183 900.7659391694183 112.59574239617729 112.59574239617729 112.59574239617729
4096 8192 73.825 73.825 73.825 909.0262648154419 909.0262648154419 909.0262648154419 113.62828310193024 113.62828310193024 113.62828310193024
4096 16384 146.064 146.064 146.064 918.8967028152043 918.8967028152043 918.8967028152043 114.86208785190054 114.86208785190054 114.86208785190054
4096 32768 282.842 282.842 282.842 949.0650469166532 949.0650469166532 949.0650469166532 118.63313086458164 118.63313086458164 118.63313086458164
4096 65536 1148.752 1148.752 1148.752 467.3514492248981 467.3514492248981 467.3514492248981 58.41893115311226 58.41893115311226 58.41893115311226
4096 131072 2131.589 2131.589 2131.589 503.7283566391082 503.7283566391082 503.7283566391082 62.966044579888525 62.966044579888525 62.966044579888525
4096 262144 2324.427 2324.427 2324.427 923.8765717314418 923.8765717314418 923.8765717314418 115.48457146643022 115.48457146643022 115.48457146643022
4096 524288 4924.598 4924.598 4924.598 872.1457662127956 872.1457662127956 872.1457662127956 109.01822077659945 109.01822077659945 109.01822077659945

8192 1 2.532 2.532 2.532 6.470774091627172 6.470774091627172 6.470774091627172 0.8088467614533965 0.8088467614533965 0.8088467614533965
8192 2 0.717 0.717 0.717 45.70153417015342 45.70153417015342 45.70153417015342 5.712691771269178 5.712691771269178 5.712691771269178
8192 4 0.729 0.729 0.729 89.89849108367628 89.89849108367628 89.89849108367628 11.237311385459535 11.237311385459535 11.237311385459535
8192 8 0.765 0.765 0.765 171.33594771241832 171.33594771241832 171.33594771241832 21.41699346405229 21.41699346405229 21.41699346405229
8192 16 0.86 0.86 0.86 304.8186046511628 304.8186046511628 304.8186046511628 38.10232558139535 38.10232558139535 38.10232558139535
8192 32 1.058 1.058 1.058 495.54631379962194 495.54631379962194 495.54631379962194 61.94328922495274 61.94328922495274 61.94328922495274
8192 64 1.465 1.465 1.465 715.7515358361775 715.7515358361775 715.7515358361775 89.46894197952219 89.46894197952219 89.46894197952219
8192 128 2.25 2.25 2.25 932.0675555555556 932.0675555555556 932.0675555555556 116.50844444444445 116.50844444444445 116.50844444444445
8192 256 3.886 3.886 3.886 1079.3371075656203 1079.3371075656203 1079.3371075656203 134.91713844570253 134.91713844570253 134.91713844570253
8192 512 7.162 7.162 7.162 1171.2661267802291 1171.2661267802291 1171.2661267802291 146.40826584752864 146.40826584752864 146.40826584752864
8192 1024 13.781 13.781 13.781 1217.41644292867 1217.41644292867 1217.41644292867 152.17705536608375 152.17705536608375 152.17705536608375
8192 2048 26.286 26.286 26.286 1276.5134292018565 1276.5134292018565 1276.5134292018565 159.56417865023207 159.56417865023207 159.56417865023207
8192 4096 52.347 52.347 52.347 1282.0001910329152 1282.0001910329152 1282.0001910329152 160.2500238791144 160.2500238791144 160.2500238791144
8192 8192 102.669 102.669 102.669 1307.2858214261364 1307.2858214261364 1307.2858214261364 163.41072767826705 163.41072767826705 163.41072767826705
8192 16384 206.336 206.336 206.336 1300.9627791563275 1300.9627791563275 1300.9627791563275 162.62034739454094 162.62034739454094 162.62034739454094
8192 32768 409.434 409.434 409.434 1311.2514153685331 1311.2514153685331 1311.2514153685331 163.90642692106664 163.90642692106664 163.90642692106664
8192 65536 788.014 788.014 788.014 1362.592319425797 1362.592319425797 1362.592319425797 170.32403992822464 170.32403992822464 170.32403992822464
8192 131072 1577.9 1577.9 1577.9 1360.9757576525762 1360.9757576525762 1360.9757576525762 170.12196970657203 170.12196970657203 170.12196970657203
8192 262144 3340.496 3340.496 3340.496 1285.727417724793 1285.727417724793 1285.727417724793 160.71592721559912 160.71592721559912 160.71592721559912

16384 1 3.174 3.174 3.174 10.323881537492124 10.323881537492124 10.323881537492124 1.2904851921865155 1.2904851921865155 1.2904851921865155
16384 2 0.848 0.848 0.848 77.28301886792454 77.28301886792454 77.28301886792454 9.660377358490567 9.660377358490567 9.660377358490567
16384 4 0.913 0.913 0.913 143.56188389923332 143.56188389923332 143.56188389923332 17.945235487404165 17.945235487404165 17.945235487404165
16384 8 0.962 0.962 0.962 272.4989604989605 272.4989604989605 272.4989604989605 34.062370062370064 34.062370062370064 34.062370062370064
16384 16 1.114 1.114 1.114 470.63554757630163 470.63554757630163 470.63554757630163 58.829443447037704 58.829443447037704 58.829443447037704
16384 32 1.416 1.416 1.416 740.5197740112995 740.5197740112995 740.5197740112995 92.56497175141244 92.56497175141244 92.56497175141244
16384 64 2.033 2.033 2.033 1031.5553369404822 1031.5553369404822 1031.5553369404822 128.94441711756028 128.94441711756028 128.94441711756028
16384 128 3.252 3.252 3.252 1289.7613776137762 1289.7613776137762 1289.7613776137762 161.22017220172202 161.22017220172202 161.22017220172202
16384 256 5.793 5.793 5.793 1448.059382012774 1448.059382012774 1448.059382012774 181.00742275159675 181.00742275159675 181.00742275159675
16384 512 10.952 10.952 10.952 1531.8860482103728 1531.8860482103728 1531.8860482103728 191.4857560262966 191.4857560262966 191.4857560262966
16384 1024 20.476 20.476 20.476 1638.7200625122096 1638.7200625122096 1638.7200625122096 204.8400078140262 204.8400078140262 204.8400078140262
16384 2048 40.124 40.124 40.124 1672.536736118034 1672.536736118034 1672.536736118034 209.06709201475425 209.06709201475425 209.06709201475425
16384 4096 79.487 79.487 79.487 1688.5494231761172 1688.5494231761172 1688.5494231761172 211.06867789701465 211.06867789701465 211.06867789701465
16384 8192 158.088 158.088 158.088 1698.0128536005263 1698.0128536005263 1698.0128536005263 212.2516067000658 212.2516067000658 212.2516067000658
16384 16384 314.174 314.174 314.174 1708.833041562956 1708.833041562956 1708.833041562956 213.6041301953695 213.6041301953695 213.6041301953695
16384 32768 630.548 630.548 630.548 1702.8708742236913 1702.8708742236913 1702.8708742236913 212.85885927796141 212.85885927796141 212.85885927796141
16384 65536 1336.198 1336.198 1336.198 1607.1597532700991 1607.1597532700991 1607.1597532700991 200.8949691587624 200.8949691587624 200.8949691587624
16384 131072 2911.788 2911.788 2911.788 1475.027473153952 1475.027473153952 1475.027473153952 184.378434144244 184.378434144244 184.378434144244

32768 1 4.105 4.105 4.105 15.96492082825822 15.96492082825822 15.96492082825822 1.9956151035322776 1.9956151035322776 1.9956151035322776
32768 2 1.264 1.264 1.264 103.69620253164557 103.69620253164557 103.69620253164557 12.962025316455696 12.962025316455696 12.962025316455696
32768 4 1.354 1.354 1.354 193.60709010339735 193.60709010339735 193.60709010339735 24.20088626292467 24.20088626292467 24.20088626292467
32768 8 1.467 1.467 1.467 357.3878663940014 357.3878663940014 357.3878663940014 44.67348329925017 44.67348329925017 44.67348329925017
32768 16 1.739 1.739 1.739 602.9764232317424 602.9764232317424 602.9764232317424 75.3720529039678 75.3720529039678 75.3720529039678
32768 32 2.301 2.301 2.301 911.4089526292917 911.4089526292917 911.4089526292917 113.92611907866146 113.92611907866146 113.92611907866146
32768 64 3.428 3.428 3.428 1223.5425904317387 1223.5425904317387 1223.5425904317387 152.94282380396734 152.94282380396734 152.94282380396734
32768 128 65.111 65.111 65.111 128.83549630630768 128.83549630630768 128.83549630630768 16.10443703828846 16.10443703828846 16.10443703828846
32768 256 10.045 10.045 10.045 1670.205674464908 1670.205674464908 1670.205674464908 208.7757093081135 208.7757093081135 208.7757093081135
32768 512 18.912 18.912 18.912 1774.2402707275808 1774.2402707275808 1774.2402707275808 221.7800338409476 221.7800338409476 221.7800338409476
32768 1024 35.847 35.847 35.847 1872.0914999860518 1872.0914999860518 1872.0914999860518 234.01143749825647 234.01143749825647 234.01143749825647
32768 2048 70.526 70.526 70.526 1903.0957093837735 1903.0957093837735 1903.0957093837735 237.8869636729717 237.8869636729717 237.8869636729717
32768 4096 139.872 139.872 139.872 1919.150766415008 1919.150766415008 1919.150766415008 239.893845801876 239.893845801876 239.893845801876
32768 8192 278.989 278.989 278.989 1924.34437200033 1924.34437200033 1924.34437200033 240.54304650004124 240.54304650004124 240.54304650004124
32768 16384 554.761 554.761 554.761 1935.5034402202032 1935.5034402202032 1935.5034402202032 241.9379300275254 241.9379300275254 241.9379300275254
32768 32768 1117.416 1117.416 1117.416 1921.830050759968 1921.830050759968 1921.830050759968 240.228756344996 240.228756344996 240.228756344996
32768 65536 3872.018 3872.018 3872.018 1109.2322649326527 1109.2322649326527 1109.2322649326527 138.6540331165816 138.6540331165816 138.6540331165816

65536 1 12.734 12.734 12.734 10.293073661064867 10.293073661064867 10.293073661064867 1.2866342076331083 1.2866342076331083 1.2866342076331083
65536 2 2.478 2.478 2.478 105.78853914447134 105.78853914447134 105.78853914447134 13.223567393058918 13.223567393058918 13.223567393058918
65536 4 2.651 2.651 2.651 197.76989815164092 197.76989815164092 197.76989815164092 24.721237268955115 24.721237268955115 24.721237268955115
65536 8 2.849 2.849 2.849 368.05054405054403 368.05054405054403 368.05054405054403 46.006318006318004 46.006318006318004 46.006318006318004
65536 16 3.297 3.297 3.297 636.0788595693055 636.0788595693055 636.0788595693055 79.50985744616318 79.50985744616318 79.50985744616318
65536 32 4.263 4.263 4.263 983.8855266244431 983.8855266244431 983.8855266244431 122.98569082805538 122.98569082805538 122.98569082805538
65536 64 6.218 6.218 6.218 1349.084593116758 1349.084593116758 1349.084593116758 168.63557413959475 168.63557413959475 168.63557413959475
65536 128 10.16 10.16 10.16 1651.3007874015748 1651.3007874015748 1651.3007874015748 206.41259842519685 206.41259842519685 206.41259842519685
65536 256 21.999 21.999 21.999 1525.2707850356837 1525.2707850356837 1525.2707850356837 190.65884812946047 190.65884812946047 190.65884812946047
65536 512 43.304 43.304 43.304 1549.71513024201 1549.71513024201 1549.71513024201 193.71439128025125 193.71439128025125 193.71439128025125
65536 1024 64.786 64.786 64.786 2071.708825980922 2071.708825980922 2071.708825980922 258.96360324761525 258.96360324761525 258.96360324761525
65536 2048 127.279 127.279 127.279 2109.031780576529 2109.031780576529 2109.031780576529 263.6289725720661 263.6289725720661 263.6289725720661
65536 4096 252.631 252.631 252.631 2125.118896730805 2125.118896730805 2125.118896730805 265.6398620913506 265.6398620913506 265.6398620913506
65536 8192 510.156 510.156 510.156 2104.7323250143095 2104.7323250143095 2104.7323250143095 263.0915406267887 263.0915406267887 263.0915406267887
65536 16384 1043.558 1043.558 1043.558 2057.84790878897 2057.84790878897 2057.84790878897 257.23098859862125 257.23098859862125 257.23098859862125
65536 32768 2154.119 2154.119 2154.119 1993.839382132556 1993.839382132556 1993.839382132556 249.2299227665695 249.2299227665695 249.2299227665695

131072 1 12.727 12.727 12.727 20.597469945784553 20.597469945784553 20.597469945784553 2.574683743223069 2.574683743223069 2.574683743223069
131072 2 4.489 4.489 4.489 116.79394074404101 116.79394074404101 116.79394074404101 14.599242593005126 14.599242593005126 14.599242593005126
131072 4 4.722 4.722 4.722 222.06183820415077 222.06183820415077 222.06183820415077 27.757729775518847 27.757729775518847 27.757729775518847
131072 8 5.178 5.178 5.178 405.0119737350328 405.0119737350328 405.0119737350328 50.6264967168791 50.6264967168791 50.6264967168791
131072 16 6.124 6.124 6.124 684.8961463096017 684.8961463096017 684.8961463096017 85.61201828870021 85.61201828870021 85.61201828870021
131072 32 8.023 8.023 8.023 1045.569986289418 1045.569986289418 1045.569986289418 130.69624828617725 130.69624828617725 130.69624828617725
131072 64 11.864 11.864 11.864 1414.1281186783547 1414.1281186783547 1414.1281186783547 176.76601483479433 176.76601483479433 176.76601483479433
131072 128 19.611 19.611 19.611 1711.0005609096938 1711.0005609096938 1711.0005609096938 213.87507011371173 213.87507011371173 213.87507011371173
131072 256 34.847 34.847 34.847 1925.8146755818293 1925.8146755818293 1925.8146755818293 240.72683444772866 240.72683444772866 240.72683444772866
131072 512 78.328 78.328 78.328 1713.5344704320296 1713.5344704320296 1713.5344704320296 214.1918088040037 214.1918088040037 214.1918088040037
131072 1024 131.208 131.208 131.208 2045.877202609597 2045.877202609597 2045.877202609597 255.7346503261996 255.7346503261996 255.7346503261996
131072 2048 249.374 249.374 249.374 2152.874445611812 2152.874445611812 2152.874445611812 269.1093057014765 269.1093057014765 269.1093057014765
131072 4096 482.334 482.334 482.334 2226.1375395472846 2226.1375395472846 2226.1375395472846 278.2671924434106 278.2671924434106 278.2671924434106
131072 8192 976.056 976.056 976.056 2200.1643840107536 2200.1643840107536 2200.1643840107536 275.0205480013442 275.0205480013442 275.0205480013442
131072 16384 2038.658 2038.658 2038.658 2106.762044442962 2106.762044442962 2106.762044442962 263.3452555553703 263.3452555553703 263.3452555553703

262144 1 23.064 23.064 23.064 22.731876517516476 22.731876517516476 22.731876517516476 2.8414845646895595 2.8414845646895595 2.8414845646895595
262144 2 22.505 22.505 22.505 46.59302377249501 46.59302377249501 46.59302377249501 5.824127971561876 5.824127971561876 5.824127971561876
262144 4 10.771 10.771 10.771 194.703555844397 194.703555844397 194.703555844397 24.337944480549623 24.337944480549623 24.337944480549623
262144 8 11.904 11.904 11.904 352.3440860215054 352.3440860215054 352.3440860215054 44.043010752688176 44.043010752688176 44.043010752688176
262144 16 14.145 14.145 14.145 593.0440438317428 593.0440438317428 593.0440438317428 74.13050547896785 74.13050547896785 74.13050547896785
262144 32 18.703 18.703 18.703 897.0334170988612 897.0334170988612 897.0334170988612 112.12917713735764 112.12917713735764 112.12917713735764
262144 64 34.451 34.451 34.451 973.9755594902906 973.9755594902906 973.9755594902906 121.74694493628633 121.74694493628633 121.74694493628633
262144 128 45.983 45.983 45.983 1459.4277015418743 1459.4277015418743 1459.4277015418743 182.42846269273429 182.42846269273429 182.42846269273429
262144 256 82.394 82.394 82.394 1628.974536980848 1628.974536980848 1628.974536980848 203.621817122606 203.621817122606 203.621817122606
262144 512 155.043 155.043 155.043 1731.3613384673931 1731.3613384673931 1731.3613384673931 216.42016730842414 216.42016730842414 216.42016730842414
262144 1024 300.562 300.562 300.562 1786.223514615953 1786.223514615953 1786.223514615953 223.27793932699413 223.27793932699413 223.27793932699413
262144 2048 601.617 601.617 601.617 1784.7597790620946 1784.7597790620946 1784.7597790620946 223.09497238276182 223.09497238276182 223.09497238276182
262144 4096 1221.919 1221.919 1221.919 1757.4680874918877 1757.4680874918877 1757.4680874918877 219.68351093648596 219.68351093648596 219.68351093648596
262144 8192 2260.819 2260.819 2260.819 1899.7395616367346 1899.7395616367346 1899.7395616367346 237.46744520459183 237.46744520459183 237.46744520459183

524288 1 42.267 42.267 42.267 24.808384791918048 24.808384791918048 24.808384791918048 3.101048098989756 3.101048098989756 3.101048098989756
524288 2 19.043 19.043 19.043 110.12718584256683 110.12718584256683 110.12718584256683 13.765898230320854 13.765898230320854 13.765898230320854
524288 4 18.357 18.357 18.357 228.48526447676636 228.48526447676636 228.48526447676636 28.560658059595795 28.560658059595795 28.560658059595795
524288 8 20.336 20.336 20.336 412.50039339103074 412.50039339103074 412.50039339103074 51.56254917387884 51.56254917387884 51.56254917387884
524288 16 24.276 24.276 24.276 691.1029823694184 691.1029823694184 691.1029823694184 86.3878727961773 86.3878727961773 86.3878727961773
524288 32 32.211 32.211 32.211 1041.7072428673434 1041.7072428673434 1041.7072428673434 130.21340535841793 130.21340535841793 130.21340535841793
524288 64 48.025 48.025 48.025 1397.373534617387 1397.373534617387 1397.373534617387 174.67169182717336 174.67169182717336 174.67169182717336
524288 128 79.846 79.846 79.846 1680.9574430779248 1680.9574430779248 1680.9574430779248 210.1196803847406 210.1196803847406 210.1196803847406
524288 256 143.087 143.087 143.087 1876.0296602766152 1876.0296602766152 1876.0296602766152 234.5037075345769 234.5037075345769 234.5037075345769
524288 512 277.341 277.341 277.341 1935.7791022603942 1935.7791022603942 1935.7791022603942 241.97238778254928 241.97238778254928 241.97238778254928
524288 1024 503.807 503.807 503.807 2131.256262814927 2131.256262814927 2131.256262814927 266.4070328518659 266.4070328518659 266.4070328518659
524288 2048 1010.774 1010.774 1010.774 2124.5932800012665 2124.5932800012665 2124.5932800012665 265.5741600001583 265.5741600001583 265.5741600001583
524288 4096 2152.251 2152.251 2152.251 1995.5698921733572 1995.5698921733572 1995.5698921733572 249.44623652166965 249.44623652166965 249.44623652166965

1048576 1 80.112 80.112 80.112 26.177751148392254 26.177751148392254 26.177751148392254 3.2722188935490317 3.2722188935490317 3.2722188935490317
1048576 2 37.209 37.209 37.209 112.72283587304146 112.72283587304146 112.72283587304146 14.090354484130183 14.090354484130183 14.090354484130183
1048576 4 37.978 37.978 37.978 220.88072041708358 220.88072041708358 220.88072041708358 27.610090052135448 27.610090052135448 27.610090052135448
1048576 8 42.074 42.074 42.074 398.75495555449925 398.75495555449925 398.75495555449925 49.844369444312406 49.844369444312406 49.844369444312406
1048576 16 56.693 56.693 56.693 591.8619935441766 591.8619935441766 591.8619935441766 73.98274919302207 73.98274919302207 73.98274919302207
1048576 32 72.382 72.382 72.382 927.1485175872455 927.1485175872455 927.1485175872455 115.89356469840568 115.89356469840568 115.89356469840568
1048576 64 102.738 102.738 102.738 1306.4078335182699 1306.4078335182699 1306.4078335182699 163.30097918978373 163.30097918978373 163.30097918978373
1048576 128 164.428 164.428 164.428 1632.5410270756806 1632.5410270756806 1632.5410270756806 204.06762838446008 204.06762838446008 204.06762838446008
1048576 256 291.279 291.279 291.279 1843.1500794770652 1843.1500794770652 1843.1500794770652 230.39375993463315 230.39375993463315 230.39375993463315
1048576 512 541.297 541.297 541.297 1983.646360500797 1983.646360500797 1983.646360500797 247.95579506259963 247.95579506259963 247.95579506259963
1048576 1024 1071.747 1071.747 1071.747 2003.722565120313 2003.722565120313 2003.722565120313 250.46532064003912 250.46532064003912 250.46532064003912
1048576 2048 2018.587 2018.587 2018.587 2127.7097771857243 2127.7097771857243 2127.7097771857243 265.96372214821554 265.96372214821554 265.96372214821554

2097152 1 165.494 165.494 165.494 25.34414540708425 25.34414540708425 25.34414540708425 3.168018175885531 3.168018175885531 3.168018175885531
2097152 2 106.888 106.888 106.888 78.48035326697104 78.48035326697104 78.48035326697104 9.81004415837138 9.81004415837138 9.81004415837138
2097152 4 103.533 103.533 103.533 162.04703814242802 162.04703814242802 162.04703814242802 20.255879767803503 20.255879767803503 20.255879767803503
2097152 8 113.123 113.123 113.123 296.61900762886415 296.61900762886415 296.61900762886415 37.07737595360802 37.07737595360802 37.07737595360802
2097152 16 129.514 129.514 129.514 518.1591488178884 518.1591488178884 518.1591488178884 64.76989360223605 64.76989360223605 64.76989360223605
2097152 32 176.538 176.538 176.538 760.2766996340731 760.2766996340731 760.2766996340731 95.03458745425914 95.03458745425914 95.03458745425914
2097152 64 224.494 224.494 224.494 1195.7355474979288 1195.7355474979288 1195.7355474979288 149.4669434372411 149.4669434372411 149.4669434372411
2097152 128 331.2 331.2 331.2 1620.9870531400968 1620.9870531400968 1620.9870531400968 202.6233816425121 202.6233816425121 202.6233816425121
2097152 256 582.562 582.562 582.562 1843.1374239995057 1843.1374239995057 1843.1374239995057 230.3921779999382 230.3921779999382 230.3921779999382
2097152 512 1121.265 1121.265 1121.265 1915.2329270957355 1915.2329270957355 1915.2329270957355 239.40411588696693 239.40411588696693 239.40411588696693
2097152 1024 2180.965 2180.965 2180.965 1969.2967544183425 1969.2967544183425 1969.2967544183425 246.16209430229281 246.16209430229281 246.16209430229281

4194304 1 333.607 333.607 333.607 25.145179807378142 25.145179807378142 25.145179807378142 3.1431474759222677 3.1431474759222677 3.1431474759222677
4194304 2 385.575 385.575 385.575 43.512198664332495 43.512198664332495 43.512198664332495 5.439024833041562 5.439024833041562 5.439024833041562
4194304 4 365.609 365.609 365.609 91.77682168655586 91.77682168655586 91.77682168655586 11.472102710819483 11.472102710819483 11.472102710819483
4194304 8 372.7 372.7 372.7 180.061346927824 180.061346927824 180.061346927824 22.507668365978 22.507668365978 22.507668365978
4194304 16 390.107 390.107 390.107 344.0536263127808 344.0536263127808 344.0536263127808 43.0067032890976 43.0067032890976 43.0067032890976
4194304 32 449.176 449.176 449.176 597.6175396726451 597.6175396726451 597.6175396726451 74.70219245908063 74.70219245908063 74.70219245908063
4194304 64 544.098 544.098 544.098 986.7173046032151 986.7173046032151 986.7173046032151 123.33966307540189 123.33966307540189 123.33966307540189
4194304 128 640.718 640.718 640.718 1675.841515300023 1675.841515300023 1675.841515300023 209.48018941250288 209.48018941250288 209.48018941250288
4194304 256 1161.105 1161.105 1161.105 1849.5171823392375 1849.5171823392375 1849.5171823392375 231.18964779240468 231.18964779240468 231.18964779240468
4194304 512 2150.392 2150.392 2150.392 1997.2950494607499 1997.2950494607499 1997.2950494607499 249.66188118259373 249.66188118259373 249.66188118259373

8388608 1 633.717 633.717 633.717 26.474303198430846 26.474303198430846 26.474303198430846 3.3092878998038557 3.3092878998038557 3.3092878998038557
8388608 2 974.687 974.687 974.687 34.425853633012444 34.425853633012444 34.425853633012444 4.3032317041265555 4.3032317041265555 4.3032317041265555
8388608 4 902.784 902.784 902.784 74.33546008790586 74.33546008790586 74.33546008790586 9.291932510988232 9.291932510988232 9.291932510988232
8388608 8 695.273 695.273 695.273 193.04320461171366 193.04320461171366 193.04320461171366 24.130400576464208 24.130400576464208 24.130400576464208
8388608 16 598.729 598.729 598.729 448.34216481914194 448.34216481914194 448.34216481914194 56.04277060239274 56.04277060239274 56.04277060239274
8388608 32 644.681 644.681 644.681 832.7698691290732 832.7698691290732 832.7698691290732 104.09623364113415 104.09623364113415 104.09623364113415
8388608 64 2157.037 2157.037 2157.037 497.7855382174716 497.7855382174716 497.7855382174716 62.22319227718395 62.22319227718395 62.22319227718395
8388608 128 1446.775 1446.775 1446.775 1484.324548046517 1484.324548046517 1484.324548046517 185.54056850581463 185.54056850581463 185.54056850581463
8388608 256 2384.169 2384.169 2384.169 1801.4525379702532 1801.4525379702532 1801.4525379702532 225.18156724628165 225.18156724628165 225.18156724628165

16777216 1 1167.458 1167.458 1167.458 28.741446801512346 28.741446801512346 28.741446801512346 3.5926808501890433 3.5926808501890433 3.5926808501890433
16777216 2 2071.169 2071.169 2071.169 32.40144285666694 32.40144285666694 32.40144285666694 4.050180357083367 4.050180357083367 4.050180357083367
16777216 4 1775.617 1775.617 1775.617 75.58934612588189 75.58934612588189 75.58934612588189 9.448668265735236 9.448668265735236 9.448668265735236
16777216 8 1687.522 1687.522 1687.522 159.07078900304708 159.07078900304708 159.07078900304708 19.883848625380885 19.883848625380885 19.883848625380885
16777216 16 1830.413 1830.413 1830.413 293.3058888895566 293.3058888895566 293.3058888895566 36.66323611119458 36.66323611119458 36.66323611119458
16777216 32 2062.39 2062.39 2062.39 520.6298634108971 520.6298634108971 520.6298634108971 65.07873292636214 65.07873292636214 65.07873292636214
16777216 64 2355.674 2355.674 2355.674 911.6217473215735 911.6217473215735 911.6217473215735 113.95271841519668 113.95271841519668 113.95271841519668
16777216 128 2835.012 2835.012 2835.012 1514.973233270265 1514.973233270265 1514.973233270265 189.37165415878312 189.37165415878312 189.37165415878312

33554432 1 2137.632 2137.632 2137.632 31.39402104758911 31.39402104758911 31.39402104758911 3.9242526309486387 3.9242526309486387 3.9242526309486387
33554432 2 4329.184 4329.184 4329.184 31.003008419138574 31.003008419138574 31.003008419138574 3.8753760523923217 3.8753760523923217 3.8753760523923217
33554432 4 4226.659 4226.659 4226.659 63.51008113027335 63.51008113027335 63.51008113027335 7.938760141284169 7.938760141284169 7.938760141284169
33554432 8 4257.37 4257.37 4257.37 126.1038885509129 126.1038885509129 126.1038885509129 15.762986068864112 15.762986068864112 15.762986068864112
33554432 16 4294.593 4294.593 4294.593 250.02178879348986 250.02178879348986 250.02178879348986 31.252723599186233 31.252723599186233 31.252723599186233
33554432 32 4853.042 4853.042 4853.042 442.50258868561207 442.50258868561207 442.50258868561207 55.31282358570151 55.31282358570151 55.31282358570151
33554432 64 5823.131 5823.131 5823.131 737.5700969117817 737.5700969117817 737.5700969117817 92.19626211397271 92.19626211397271 92.19626211397271

67108864 1 4727.824 4727.824 4727.824 28.388901109685982 28.388901109685982 28.388901109685982 3.5486126387107477 3.5486126387107477 3.5486126387107477
67108864 2 8168.35 8168.35 8168.35 32.862873897421146 32.862873897421146 32.862873897421146 4.107859237177643 4.107859237177643 4.107859237177643
67108864 4 8243.731 8243.731 8243.731 65.1247489759188 65.1247489759188 65.1247489759188 8.14059362198985 8.14059362198985 8.14059362198985
67108864 8 8189.781 8189.781 8189.781 131.10751361971705 131.10751361971705 131.10751361971705 16.38843920246463 16.38843920246463 16.38843920246463
67108864 16 9136.765 9136.765 9136.765 235.03763618742522 235.03763618742522 235.03763618742522 29.379704523428153 29.379704523428153 29.379704523428153
67108864 32 9975.698 9975.698 9975.698 430.54303528434804 430.54303528434804 430.54303528434804 53.817879410543505 53.817879410543505 53.817879410543505

134217728 1 7927.681 7927.681 7927.681 33.86052693088938 33.86052693088938 33.86052693088938 4.232565866361172 4.232565866361172 4.232565866361172
134217728 2 16028.288 16028.288 16028.288 33.49521246436301 33.49521246436301 33.49521246436301 4.186901558045376 4.186901558045376 4.186901558045376
134217728 4 16891.219 16891.219 16891.219 63.568048226714716 63.568048226714716 63.568048226714716 7.9460060283393394 7.9460060283393394 7.9460060283393394
134217728 8 17720.687 17720.687 17720.687 121.18512380473736 121.18512380473736 121.18512380473736 15.14814047559217 15.14814047559217 15.14814047559217
134217728 16 17683.045 17683.045 17683.045 242.88618255509732 242.88618255509732 242.88618255509732 30.360772819387165 30.360772819387165 30.360772819387165

268435456 1 15127.269 15127.269 15127.269 35.49027335998322 35.49027335998322 35.49027335998322 4.4362841699979025 4.4362841699979025 4.4362841699979025
268435456 2 30686.337 30686.337 30686.337 34.990876362988516 34.990876362988516 34.990876362988516 4.3738595453735645 4.3738595453735645 4.3738595453735645
268435456 4 30669.774 30669.774 30669.774 70.01954588905677 70.01954588905677 70.01954588905677 8.752443236132097 8.752443236132097 8.752443236132097
268435456 8 32614.273 32614.273 32614.273 131.68980636177298 131.68980636177298 131.68980636177298 16.461225795221623 16.461225795221623 16.461225795221623

536870912 1 35947.689 35947.689 35947.689 29.86956474448191 29.86956474448191 29.86956474448191 3.7336955930602387 3.7336955930602387 3.7336955930602387
536870912 2 72255.367 72255.367 72255.367 29.720749297418973 29.720749297418973 29.720749297418973 3.7150936621773716 3.7150936621773716 3.7150936621773716
536870912 4 72989.788 72989.788 72989.788 58.84340006577359 58.84340006577359 58.84340006577359 7.355425008221698 7.355425008221698 7.355425008221698

1073741824 1 75885.483 75885.483 75885.483 28.299004804384 28.299004804384 28.299004804384 3.537375600548 3.537375600548 3.537375600548
1073741824 2 151185.675 151185.675 151185.675 28.408559845368952 28.408559845368952 28.408559845368952 3.551069980671119 3.551069980671119 3.551069980671119

2147483648 1 135513.045 135513.045 135513.045 31.694124325816748 31.694124325816748 31.694124325816748 3.9617655407270935 3.9617655407270935 3.9617655407270935

META_DATA
FLOPS          2
OPENMP_THREADS 1
ERT_VERSION  1.1.0
HOSTNAME  ('areeba-vm', [], ['127.0.1.1'])
UNAME  uname_result(system='Linux', node='areeba-vm', release='6.17.0-23-generic', version='#23~24.04.1-Ubuntu SMP PREEMPT_DYNAMIC Tue Apr 14 16:11:48 UTC 2', machine='x86_64')
TIMESTAMP_DATA  1778236606.4306376
CONFIG  {'ERT_RESULTS': ['roofline/mylaptop/Results'], 'ERT_DRIVER': ['driver1'], 'ERT_KERNEL': ['kernel1'], 'ERT_MPI': ['False'], 'ERT_MPI_CFLAGS': [], 'ERT_MPI_LDFLAGS': [], 'ERT_MPI_PROCS': ['1'], 'ERT_OPENMP': ['True'], 'ERT_OPENMP_CFLAGS': ['-fopenmp'], 'ERT_OPENMP_LDFLAGS': ['-fopenmp'], 'ERT_OPENMP_THREADS': ['1,2,4'], 'ERT_GPU': ['False'], 'ERT_GPU_CFLAGS': [], 'ERT_GPU_LDFLAGS': [], 'ERT_GPU_BLOCKS': ['1'], 'ERT_GPU_THREADS': ['1'], 'ERT_HIP': ['False'], 'ERT_OCL': ['False'], 'ERT_SYCL': ['False'], 'ERT_FLOPS': ['1,2,4,8'], 'ERT_ALIGN': ['32'], 'ERT_CC': ['g++'], 'ERT_CFLAGS': ['-O3', '-march=native', '-mavx2', '-mfma', '-ffast-math'], 'ERT_LD': ['g++'], 'ERT_LDFLAGS': [], 'ERT_LDLIBS': [], 'ERT_PRECISION': ['FP64'], 'ERT_PROCS_THREADS': ['6'], 'ERT_BLOCKS_THREADS': ['1'], 'ERT_WORKING_SET_MIN': ['1'], 'ERT_MEMORY_MAX': ['2147483648'], 'ERT_WSS_MULT': ['2.0'], 'ERT_TRIALS_MIN': ['1'], 'ERT_NUM_EXPERIMENTS': ['1'], 'ERT_RUN': ['OMP_NUM_THREADS=ERT_OPENMP_THREADS', './ERT_CODE'], 'ERT_GNUPLOT': ['False']}
