fp64
           8            1           1.645           16            2
           8            2           0.510           32            4
           8            4           0.506           64            8
           8            8           0.509          128           16
           8           16           0.510          256           32
           8           32           0.507          512           64
           8           64           0.502         1024          128
           8          128           0.492         2048          256
           8          256           0.514         4096          512
           8          512           0.543         8192         1024
           8         1024           0.605        16384         2048
           8         2048           0.721        32768         4096
           8         4096           0.963        65536         8192
           8         8192           1.438       131072        16384
           8        16384           2.395       262144        32768
           8        32768           4.313       524288        65536
           8        65536           8.129      1048576       131072
           8       131072          15.742      2097152       262144
           8       262144          31.031      4194304       524288
           8       524288          61.578      8388608      1048576
           8      1048576         122.668     16777216      2097152
           8      2097152         244.836     33554432      4194304
           8      4194304         503.963     67108864      8388608
           8      8388608        1135.822    134217728     16777216
           8     16777216        2253.546    268435456     33554432
           8     33554432        4638.301    536870912     67108864
           8     67108864       10566.548   1073741824    134217728
           8    134217728       22962.617   2147483648    268435456
           8    268435456       41498.505   4294967296    536870912
          16            1           1.589           32            4
          16            2           0.543           64            8
          16            4           0.540          128           16
          16            8           0.529          256           32
          16           16           0.530          512           64
          16           32           0.512         1024          128
          16           64           0.511         2048          256
          16          128           0.502         4096          512
          16          256           0.528         8192         1024
          16          512           0.555        16384         2048
          16         1024           0.622        32768         4096
          16         2048           0.740        65536         8192
          16         4096           0.983       131072        16384
          16         8192           1.471       262144        32768
          16        16384           2.454       524288        65536
          16        32768           4.408      1048576       131072
          16        65536           8.308      2097152       262144
          16       131072          16.123      4194304       524288
          16       262144          31.769      8388608      1048576
          16       524288          63.041     16777216      2097152
          16      1048576         125.577     33554432      4194304
          16      2097152         251.518     67108864      8388608
          16      4194304         476.619    134217728     16777216
          16      8388608         946.556    268435456     33554432
          16     16777216        2067.330    536870912     67108864
          16     33554432        3883.881   1073741824    134217728
          16     67108864        8257.698   2147483648    268435456
          16    134217728       16727.477   4294967296    536870912
          32            1           2.090           64            8
          32            2           0.968          128           16
          32            4           0.991          256           32
          32            8           0.980          512           64
          32           16           1.505         1024          128
          32           32           1.235         2048          256
          32           64           1.136         4096          512
          32          128           1.147         8192         1024
          32          256           0.543        16384         2048
          32          512           0.602        32768         4096
          32         1024           0.717        65536         8192
          32         2048           0.960       131072        16384
          32         4096           1.438       262144        32768
          32         8192           2.393       524288        65536
          32        16384           4.307      1048576       131072
          32        32768           8.114      2097152       262144
          32        65536          15.744      4194304       524288
          32       131072          35.130      8388608      1048576
          32       262144          64.732     16777216      2097152
          32       524288         122.712     33554432      4194304
          32      1048576         251.865     67108864      8388608
          32      2097152         468.361    134217728     16777216
          32      4194304         936.707    268435456     33554432
          32      8388608        1859.299    536870912     67108864
          32     16777216        3935.806   1073741824    134217728
          32     33554432        8533.166   2147483648    268435456
          32     67108864       16114.729   4294967296    536870912
          64            1           1.396          128           16
          64            2           0.523          256           32
          64            4           0.509          512           64
          64            8           0.502         1024          128
          64           16           0.495         2048          256
          64           32           0.503         4096          512
          64           64           0.492         8192         1024
          64          128           0.497        16384         2048
          64          256           0.529        32768         4096
          64          512           0.577        65536         8192
          64         1024           0.695       131072        16384
          64         2048           0.920       262144        32768
          64         4096           1.376       524288        65536
          64         8192           2.288      1048576       131072
          64        16384           4.110      2097152       262144
          64        32768           7.745      4194304       524288
          64        65536          15.065      8388608      1048576
          64       131072          29.649     16777216      2097152
          64       262144          58.838     33554432      4194304
          64       524288         117.235     67108864      8388608
          64      1048576         233.942    134217728     16777216
          64      2097152         493.981    268435456     33554432
          64      4194304         990.586    536870912     67108864
          64      8388608        2189.655   1073741824    134217728
          64     16777216        4194.599   2147483648    268435456
          64     33554432        8792.605   4294967296    536870912
         128            1           1.704          256           32
         128            2           0.500          512           64
         128            4           0.516         1024          128
         128            8           0.524         2048          256
         128           16           0.726         4096          512
         128           32           0.502         8192         1024
         128           64           0.504        16384         2048
         128          128           0.558        32768         4096
         128          256           0.622        65536         8192
         128          512           0.764       131072        16384
         128         1024           1.046       262144        32768
         128         2048           1.146       524288        65536
         128         4096           1.648      1048576       131072
         128         8192           2.806      2097152       262144
         128        16384           5.142      4194304       524288
         128        32768           9.813      8388608      1048576
         128        65536          19.119     16777216      2097152
         128       131072          37.796     33554432      4194304
         128       262144          75.080     67108864      8388608
         128       524288         149.725    134217728     16777216
         128      1048576         326.126    268435456     33554432
         128      2097152         599.744    536870912     67108864
         128      4194304        1273.827   1073741824    134217728
         128      8388608        2478.856   2147483648    268435456
         128     16777216        4953.603   4294967296    536870912
         256            1           1.530          512           64
         256            2           0.562         1024          128
         256            4           0.514         2048          256
         256            8           0.497         4096          512
         256           16           0.471         8192         1024
         256           32           0.502        16384         2048
         256           64           0.500        32768         4096
         256          128           0.510        65536         8192
         256          256           0.559       131072        16384
         256          512           0.653       262144        32768
         256         1024           0.850       524288        65536
         256         2048           1.236      1048576       131072
         256         4096           2.019      2097152       262144
         256         8192           3.580      4194304       524288
         256        16384           6.685      8388608      1048576
         256        32768          12.948     16777216      2097152
         256        65536          25.428     33554432      4194304
         256       131072          50.417     67108864      8388608
         256       262144         100.378    134217728     16777216
         256       524288         203.186    268435456     33554432
         256      1048576         574.600    536870912     67108864
         256      2097152        1167.211   1073741824    134217728
         256      4194304        2251.718   2147483648    268435456
         256      8388608        3499.847   4294967296    536870912
         512            1           1.323         1024          128
         512            2           0.505         2048          256
         512            4           0.525         4096          512
         512            8           0.504         8192         1024
         512           16           0.519        16384         2048
         512           32           0.508        32768         4096
         512           64           0.507        65536         8192
         512          128           0.547       131072        16384
         512          256           0.624       262144        32768
         512          512           0.786       524288        65536
         512         1024           1.100      1048576       131072
         512         2048           1.727      2097152       262144
         512         4096           2.980      4194304       524288
         512         8192           5.480      8388608      1048576
         512        16384          10.494     16777216      2097152
         512        32768          20.543     33554432      4194304
         512        65536          40.605     67108864      8388608
         512       131072          80.726    134217728     16777216
         512       262144         165.647    268435456     33554432
         512       524288         321.643    536870912     67108864
         512      1048576         647.392   1073741824    134217728
         512      2097152        1359.854   2147483648    268435456
         512      4194304        2752.494   4294967296    536870912
        1024            1           1.304         2048          256
        1024            2           0.533         4096          512
        1024            4           0.534         8192         1024
        1024            8           0.537        16384         2048
        1024           16           0.531        32768         4096
        1024           32           0.576        65536         8192
        1024           64           0.641       131072        16384
        1024          128           0.788       262144        32768
        1024          256           1.093       524288        65536
        1024          512           1.669      1048576       131072
        1024         1024           3.074      2097152       262144
        1024         2048           5.427      4194304       524288
        1024         4096          10.298      8388608      1048576
        1024         8192          19.684     16777216      2097152
        1024        16384          38.922     33554432      4194304
        1024        32768          77.314     67108864      8388608
        1024        65536         154.153    134217728     16777216
        1024       131072         375.334    268435456     33554432
        1024       262144         816.184    536870912     67108864
        1024       524288        1318.520   1073741824    134217728
        1024      1048576        3488.583   2147483648    268435456
        1024      2097152        5996.273   4294967296    536870912
        2048            1           1.450         4096          512
        2048            2           0.540         8192         1024
        2048            4           0.565        16384         2048
        2048            8           0.568        32768         4096
        2048           16           0.594        65536         8192
        2048           32           0.658       131072        16384
        2048           64           0.784       262144        32768
        2048          128           1.065       524288        65536
        2048          256           1.588      1048576       131072
        2048          512           2.859      2097152       262144
        2048         1024           4.856      4194304       524288
        2048         2048           9.156      8388608      1048576
        2048         4096          17.813     16777216      2097152
        2048         8192          35.065     33554432      4194304
        2048        16384          69.588     67108864      8388608
        2048        32768         158.386    134217728     16777216
        2048        65536         270.328    268435456     33554432
        2048       131072         520.312    536870912     67108864
        2048       262144        1099.405   1073741824    134217728
        2048       524288        2138.578   2147483648    268435456
        2048      1048576        4486.632   4294967296    536870912
        4096            1           2.295         8192         1024
        4096            2           0.606        16384         2048
        4096            4           0.630        32768         4096
        4096            8           0.651        65536         8192
        4096           16           0.729       131072        16384
        4096           32           0.877       262144        32768
        4096           64           1.160       524288        65536
        4096          128           1.714      1048576       131072
        4096          256           2.895      2097152       262144
        4096          512           5.347      4194304       524288
        4096         1024           9.923      8388608      1048576
        4096         2048          20.778     16777216      2097152
        4096         4096          37.251     33554432      4194304
        4096         8192          73.825     67108864      8388608
        4096        16384         146.064    134217728     16777216
        4096        32768         282.842    268435456     33554432
        4096        65536        1148.752    536870912     67108864
        4096       131072        2131.589   1073741824    134217728
        4096       262144        2324.427   2147483648    268435456
        4096       524288        4924.598   4294967296    536870912
        8192            1           2.532        16384         2048
        8192            2           0.717        32768         4096
        8192            4           0.729        65536         8192
        8192            8           0.765       131072        16384
        8192           16           0.860       262144        32768
        8192           32           1.058       524288        65536
        8192           64           1.465      1048576       131072
        8192          128           2.250      2097152       262144
        8192          256           3.886      4194304       524288
        8192          512           7.162      8388608      1048576
        8192         1024          13.781     16777216      2097152
        8192         2048          26.286     33554432      4194304
        8192         4096          52.347     67108864      8388608
        8192         8192         102.669    134217728     16777216
        8192        16384         206.336    268435456     33554432
        8192        32768         409.434    536870912     67108864
        8192        65536         788.014   1073741824    134217728
        8192       131072        1577.900   2147483648    268435456
        8192       262144        3340.496   4294967296    536870912
       16384            1           3.174        32768         4096
       16384            2           0.848        65536         8192
       16384            4           0.913       131072        16384
       16384            8           0.962       262144        32768
       16384           16           1.114       524288        65536
       16384           32           1.416      1048576       131072
       16384           64           2.033      2097152       262144
       16384          128           3.252      4194304       524288
       16384          256           5.793      8388608      1048576
       16384          512          10.952     16777216      2097152
       16384         1024          20.476     33554432      4194304
       16384         2048          40.124     67108864      8388608
       16384         4096          79.487    134217728     16777216
       16384         8192         158.088    268435456     33554432
       16384        16384         314.174    536870912     67108864
       16384        32768         630.548   1073741824    134217728
       16384        65536        1336.198   2147483648    268435456
       16384       131072        2911.788   4294967296    536870912
       32768            1           4.105        65536         8192
       32768            2           1.264       131072        16384
       32768            4           1.354       262144        32768
       32768            8           1.467       524288        65536
       32768           16           1.739      1048576       131072
       32768           32           2.301      2097152       262144
       32768           64           3.428      4194304       524288
       32768          128          65.111      8388608      1048576
       32768          256          10.045     16777216      2097152
       32768          512          18.912     33554432      4194304
       32768         1024          35.847     67108864      8388608
       32768         2048          70.526    134217728     16777216
       32768         4096         139.872    268435456     33554432
       32768         8192         278.989    536870912     67108864
       32768        16384         554.761   1073741824    134217728
       32768        32768        1117.416   2147483648    268435456
       32768        65536        3872.018   4294967296    536870912
       65536            1          12.734       131072        16384
       65536            2           2.478       262144        32768
       65536            4           2.651       524288        65536
       65536            8           2.849      1048576       131072
       65536           16           3.297      2097152       262144
       65536           32           4.263      4194304       524288
       65536           64           6.218      8388608      1048576
       65536          128          10.160     16777216      2097152
       65536          256          21.999     33554432      4194304
       65536          512          43.304     67108864      8388608
       65536         1024          64.786    134217728     16777216
       65536         2048         127.279    268435456     33554432
       65536         4096         252.631    536870912     67108864
       65536         8192         510.156   1073741824    134217728
       65536        16384        1043.558   2147483648    268435456
       65536        32768        2154.119   4294967296    536870912
      131072            1          12.727       262144        32768
      131072            2           4.489       524288        65536
      131072            4           4.722      1048576       131072
      131072            8           5.178      2097152       262144
      131072           16           6.124      4194304       524288
      131072           32           8.023      8388608      1048576
      131072           64          11.864     16777216      2097152
      131072          128          19.611     33554432      4194304
      131072          256          34.847     67108864      8388608
      131072          512          78.328    134217728     16777216
      131072         1024         131.208    268435456     33554432
      131072         2048         249.374    536870912     67108864
      131072         4096         482.334   1073741824    134217728
      131072         8192         976.056   2147483648    268435456
      131072        16384        2038.658   4294967296    536870912
      262144            1          23.064       524288        65536
      262144            2          22.505      1048576       131072
      262144            4          10.771      2097152       262144
      262144            8          11.904      4194304       524288
      262144           16          14.145      8388608      1048576
      262144           32          18.703     16777216      2097152
      262144           64          34.451     33554432      4194304
      262144          128          45.983     67108864      8388608
      262144          256          82.394    134217728     16777216
      262144          512         155.043    268435456     33554432
      262144         1024         300.562    536870912     67108864
      262144         2048         601.617   1073741824    134217728
      262144         4096        1221.919   2147483648    268435456
      262144         8192        2260.819   4294967296    536870912
      524288            1          42.267      1048576       131072
      524288            2          19.043      2097152       262144
      524288            4          18.357      4194304       524288
      524288            8          20.336      8388608      1048576
      524288           16          24.276     16777216      2097152
      524288           32          32.211     33554432      4194304
      524288           64          48.025     67108864      8388608
      524288          128          79.846    134217728     16777216
      524288          256         143.087    268435456     33554432
      524288          512         277.341    536870912     67108864
      524288         1024         503.807   1073741824    134217728
      524288         2048        1010.774   2147483648    268435456
      524288         4096        2152.251   4294967296    536870912
     1048576            1          80.112      2097152       262144
     1048576            2          37.209      4194304       524288
     1048576            4          37.978      8388608      1048576
     1048576            8          42.074     16777216      2097152
     1048576           16          56.693     33554432      4194304
     1048576           32          72.382     67108864      8388608
     1048576           64         102.738    134217728     16777216
     1048576          128         164.428    268435456     33554432
     1048576          256         291.279    536870912     67108864
     1048576          512         541.297   1073741824    134217728
     1048576         1024        1071.747   2147483648    268435456
     1048576         2048        2018.587   4294967296    536870912
     2097152            1         165.494      4194304       524288
     2097152            2         106.888      8388608      1048576
     2097152            4         103.533     16777216      2097152
     2097152            8         113.123     33554432      4194304
     2097152           16         129.514     67108864      8388608
     2097152           32         176.538    134217728     16777216
     2097152           64         224.494    268435456     33554432
     2097152          128         331.200    536870912     67108864
     2097152          256         582.562   1073741824    134217728
     2097152          512        1121.265   2147483648    268435456
     2097152         1024        2180.965   4294967296    536870912
     4194304            1         333.607      8388608      1048576
     4194304            2         385.575     16777216      2097152
     4194304            4         365.609     33554432      4194304
     4194304            8         372.700     67108864      8388608
     4194304           16         390.107    134217728     16777216
     4194304           32         449.176    268435456     33554432
     4194304           64         544.098    536870912     67108864
     4194304          128         640.718   1073741824    134217728
     4194304          256        1161.105   2147483648    268435456
     4194304          512        2150.392   4294967296    536870912
     8388608            1         633.717     16777216      2097152
     8388608            2         974.687     33554432      4194304
     8388608            4         902.784     67108864      8388608
     8388608            8         695.273    134217728     16777216
     8388608           16         598.729    268435456     33554432
     8388608           32         644.681    536870912     67108864
     8388608           64        2157.037   1073741824    134217728
     8388608          128        1446.775   2147483648    268435456
     8388608          256        2384.169   4294967296    536870912
    16777216            1        1167.458     33554432      4194304
    16777216            2        2071.169     67108864      8388608
    16777216            4        1775.617    134217728     16777216
    16777216            8        1687.522    268435456     33554432
    16777216           16        1830.413    536870912     67108864
    16777216           32        2062.390   1073741824    134217728
    16777216           64        2355.674   2147483648    268435456
    16777216          128        2835.012   4294967296    536870912
    33554432            1        2137.632     67108864      8388608
    33554432            2        4329.184    134217728     16777216
    33554432            4        4226.659    268435456     33554432
    33554432            8        4257.370    536870912     67108864
    33554432           16        4294.593   1073741824    134217728
    33554432           32        4853.042   2147483648    268435456
    33554432           64        5823.131   4294967296    536870912
    67108864            1        4727.824    134217728     16777216
    67108864            2        8168.350    268435456     33554432
    67108864            4        8243.731    536870912     67108864
    67108864            8        8189.781   1073741824    134217728
    67108864           16        9136.765   2147483648    268435456
    67108864           32        9975.698   4294967296    536870912
   134217728            1        7927.681    268435456     33554432
   134217728            2       16028.288    536870912     67108864
   134217728            4       16891.219   1073741824    134217728
   134217728            8       17720.687   2147483648    268435456
   134217728           16       17683.045   4294967296    536870912
   268435456            1       15127.269    536870912     67108864
   268435456            2       30686.337   1073741824    134217728
   268435456            4       30669.774   2147483648    268435456
   268435456            8       32614.273   4294967296    536870912
   536870912            1       35947.689   1073741824    134217728
   536870912            2       72255.367   2147483648    268435456
   536870912            4       72989.788   4294967296    536870912
  1073741824            1       75885.483   2147483648    268435456
  1073741824            2      151185.675   4294967296    536870912
  2147483648            1      135513.045   4294967296    536870912

META_DATA
FLOPS          2
OPENMP_THREADS 1
ERT_VERSION  1.1.0
HOSTNAME  ('areeba-vm', [], ['127.0.1.1'])
UNAME  uname_result(system='Linux', node='areeba-vm', release='6.17.0-23-generic', version='#23~24.04.1-Ubuntu SMP PREEMPT_DYNAMIC Tue Apr 14 16:11:48 UTC 2', machine='x86_64')
TIMESTAMP_DATA  1778236606.4306376
CONFIG  {'ERT_RESULTS': ['roofline/mylaptop/Results'], 'ERT_DRIVER': ['driver1'], 'ERT_KERNEL': ['kernel1'], 'ERT_MPI': ['False'], 'ERT_MPI_CFLAGS': [], 'ERT_MPI_LDFLAGS': [], 'ERT_MPI_PROCS': ['1'], 'ERT_OPENMP': ['True'], 'ERT_OPENMP_CFLAGS': ['-fopenmp'], 'ERT_OPENMP_LDFLAGS': ['-fopenmp'], 'ERT_OPENMP_THREADS': ['1,2,4'], 'ERT_GPU': ['False'], 'ERT_GPU_CFLAGS': [], 'ERT_GPU_LDFLAGS': [], 'ERT_GPU_BLOCKS': ['1'], 'ERT_GPU_THREADS': ['1'], 'ERT_HIP': ['False'], 'ERT_OCL': ['False'], 'ERT_SYCL': ['False'], 'ERT_FLOPS': ['1,2,4,8'], 'ERT_ALIGN': ['32'], 'ERT_CC': ['g++'], 'ERT_CFLAGS': ['-O3', '-march=native', '-mavx2', '-mfma', '-ffast-math'], 'ERT_LD': ['g++'], 'ERT_LDFLAGS': [], 'ERT_LDLIBS': [], 'ERT_PRECISION': ['FP64'], 'ERT_PROCS_THREADS': ['6'], 'ERT_BLOCKS_THREADS': ['1'], 'ERT_WORKING_SET_MIN': ['1'], 'ERT_MEMORY_MAX': ['2147483648'], 'ERT_WSS_MULT': ['2.0'], 'ERT_TRIALS_MIN': ['1'], 'ERT_NUM_EXPERIMENTS': ['1'], 'ERT_RUN': ['OMP_NUM_THREADS=ERT_OPENMP_THREADS', './ERT_CODE'], 'ERT_GNUPLOT': ['False']}
