fp64
 8 268435456 43130.704 43130.704 43130.704 99.58027339409995 99.58027339409995 99.58027339409995 6.223767087131247 6.223767087131247 6.223767087131247
 16 134217728 21915.381 21915.381 21915.381 195.97958602681834 195.97958602681834 195.97958602681834 12.248724126676146 12.248724126676146 12.248724126676146
 32 67108864 16445.925 16445.925 16445.925 261.1569307290408 261.1569307290408 261.1569307290408 16.32230817056505 16.32230817056505 16.32230817056505
 64 33554432 8809.877 8809.877 8809.877 487.517282704401 487.517282704401 487.517282704401 30.469830169025062 30.469830169025062 30.469830169025062
 128 16777216 5419.698 5419.698 5419.698 792.4735466810143 792.4735466810143 792.4735466810143 49.529596667563396 49.529596667563396 49.529596667563396
 256 8388608 4891.445 4891.445 4891.445 878.0569537222642 878.0569537222642 878.0569537222642 54.87855960764151 54.87855960764151 54.87855960764151
 512 4194304 3474.86 3474.86 3474.86 1236.011607949673 1236.011607949673 1236.011607949673 77.25072549685456 77.25072549685456 77.25072549685456
 1024 2097152 7719.207 7719.207 7719.207 556.400067519889 556.400067519889 556.400067519889 34.775004219993065 34.775004219993065 34.775004219993065
 2048 1048576 4808.68 4808.68 4808.68 893.1697047838493 893.1697047838493 893.1697047838493 55.82310654899058 55.82310654899058 55.82310654899058
 4096 524288 4972.289 4972.289 4972.289 863.7807046211515 863.7807046211515 863.7807046211515 53.98629403882197 53.98629403882197 53.98629403882197
 8192 262144 3489.126 3489.126 3489.126 1230.9579235602268 1230.9579235602268 1230.9579235602268 76.93487022251418 76.93487022251418 76.93487022251418
 16384 131072 2748.039 2748.039 2748.039 1562.920794064422 1562.920794064422 1562.920794064422 97.68254962902637 97.68254962902637 97.68254962902637
 32768 65536 2490.07 2490.07 2490.07 1724.837974836049 1724.837974836049 1724.837974836049 107.80237342725306 107.80237342725306 107.80237342725306
 65536 32768 2315.087 2315.087 2315.087 1855.2077291263786 1855.2077291263786 1855.2077291263786 115.95048307039866 115.95048307039866 115.95048307039866
 131072 16384 2133.409 2133.409 2133.409 2013.1945145070636 2013.1945145070636 2013.1945145070636 125.82465715669147 125.82465715669147 125.82465715669147
 262144 8192 1953.529 1953.529 1953.529 2198.5684860577962 2198.5684860577962 2198.5684860577962 137.41053037861226 137.41053037861226 137.41053037861226
 524288 4096 3054.718 3054.718 3054.718 1406.0110609228088 1406.0110609228088 1406.0110609228088 87.87569130767555 87.87569130767555 87.87569130767555
 1048576 2048 1922.119 1922.119 1922.119 2234.496041087987 2234.496041087987 2234.496041087987 139.6560025679992 139.6560025679992 139.6560025679992
 2097152 1024 2150.868 2150.868 2150.868 1996.8530360765983 1996.8530360765983 1996.8530360765983 124.8033147547874 124.8033147547874 124.8033147547874
 4194304 512 2355.094 2355.094 2355.094 1823.6925133349243 1823.6925133349243 1823.6925133349243 113.98078208343277 113.98078208343277 113.98078208343277
 8388608 256 2482.838 2482.838 2482.838 1729.8620755764168 1729.8620755764168 1729.8620755764168 108.11637972352605 108.11637972352605 108.11637972352605
 16777216 128 3112.518 3112.518 3112.518 1379.901191254155 1379.901191254155 1379.901191254155 86.24382445338469 86.24382445338469 86.24382445338469
 33554432 64 5728.805 5728.805 5728.805 749.714346360192 749.714346360192 749.714346360192 46.857146647512 46.857146647512 46.857146647512
 67108864 32 8954.337 8954.337 8954.337 479.6521837406835 479.6521837406835 479.6521837406835 29.978261483792718 29.978261483792718 29.978261483792718
 134217728 16 16847.103 16847.103 16847.103 254.93803272883181 254.93803272883181 254.93803272883181 15.933627045551988 15.933627045551988 15.933627045551988
 268435456 8 33250.56 33250.56 33250.56 129.16977326096165 129.16977326096165 129.16977326096165 8.073110828810103 8.073110828810103 8.073110828810103
 536870912 4 74167.22 74167.22 74167.22 57.90923936477597 57.90923936477597 57.90923936477597 3.619327460298498 3.619327460298498 3.619327460298498
 1073741824 2 150967.658 150967.658 150967.658 28.449585513209723 28.449585513209723 28.449585513209723 1.7780990945756077 1.7780990945756077 1.7780990945756077
 2147483648 1 136096.74 136096.74 136096.74 31.558193796559717 31.558193796559717 31.558193796559717 1.9723871122849823 1.9723871122849823 1.9723871122849823
 
META_DATA
 FLOPS          1
 OPENMP_THREADS 1
 ERT_VERSION  1.1.0
 HOSTNAME  ('areeba-vm', [], ['127.0.1.1'])
 UNAME  uname_result(system='Linux', node='areeba-vm', release='6.17.0-23-generic', version='#23~24.04.1-Ubuntu SMP PREEMPT_DYNAMIC Tue Apr 14 16:11:48 UTC 2', machine='x86_64')
 TIMESTAMP_DATA  1778236592.7161233
 CONFIG  {'ERT_RESULTS': ['roofline/mylaptop/Results'], 'ERT_DRIVER': ['driver1'], 'ERT_KERNEL': ['kernel1'], 'ERT_MPI': ['False'], 'ERT_MPI_CFLAGS': [], 'ERT_MPI_LDFLAGS': [], 'ERT_MPI_PROCS': ['1'], 'ERT_OPENMP': ['True'], 'ERT_OPENMP_CFLAGS': ['-fopenmp'], 'ERT_OPENMP_LDFLAGS': ['-fopenmp'], 'ERT_OPENMP_THREADS': ['1,2,4'], 'ERT_GPU': ['False'], 'ERT_GPU_CFLAGS': [], 'ERT_GPU_LDFLAGS': [], 'ERT_GPU_BLOCKS': ['1'], 'ERT_GPU_THREADS': ['1'], 'ERT_HIP': ['False'], 'ERT_OCL': ['False'], 'ERT_SYCL': ['False'], 'ERT_FLOPS': ['1,2,4,8'], 'ERT_ALIGN': ['32'], 'ERT_CC': ['g++'], 'ERT_CFLAGS': ['-O3', '-march=native', '-mavx2', '-mfma', '-ffast-math'], 'ERT_LD': ['g++'], 'ERT_LDFLAGS': [], 'ERT_LDLIBS': [], 'ERT_PRECISION': ['FP64'], 'ERT_PROCS_THREADS': ['6'], 'ERT_BLOCKS_THREADS': ['1'], 'ERT_WORKING_SET_MIN': ['1'], 'ERT_MEMORY_MAX': ['2147483648'], 'ERT_WSS_MULT': ['2.0'], 'ERT_TRIALS_MIN': ['1'], 'ERT_NUM_EXPERIMENTS': ['1'], 'ERT_RUN': ['OMP_NUM_THREADS=ERT_OPENMP_THREADS', './ERT_CODE'], 'ERT_GNUPLOT': ['False']}
 