fp64

8 1 1.607 1.607 1.607 0.009956440572495333 0.009956440572495333 0.009956440572495333 0.0006222775357809583 0.0006222775357809583 0.0006222775357809583
8 2 0.509 0.509 0.509 0.06286836935166994 0.06286836935166994 0.06286836935166994 0.003929273084479371 0.003929273084479371 0.003929273084479371
8 4 0.509 0.509 0.509 0.12573673870333987 0.12573673870333987 0.12573673870333987 0.007858546168958742 0.007858546168958742 0.007858546168958742
8 8 0.484 0.484 0.484 0.26446280991735543 0.26446280991735543 0.26446280991735543 0.016528925619834715 0.016528925619834715 0.016528925619834715
8 16 0.471 0.471 0.471 0.5435244161358812 0.5435244161358812 0.5435244161358812 0.033970276008492575 0.033970276008492575 0.033970276008492575
8 32 0.477 0.477 0.477 1.0733752620545076 1.0733752620545076 1.0733752620545076 0.06708595387840673 0.06708595387840673 0.06708595387840673
8 64 0.477 0.477 0.477 2.1467505241090152 2.1467505241090152 2.1467505241090152 0.13417190775681345 0.13417190775681345 0.13417190775681345
8 128 0.471 0.471 0.471 4.34819532908705 4.34819532908705 4.34819532908705 0.2717622080679406 0.2717622080679406 0.2717622080679406
8 256 0.482 0.482 0.482 8.49792531120332 8.49792531120332 8.49792531120332 0.5311203319502075 0.5311203319502075 0.5311203319502075
8 512 0.513 0.513 0.513 15.968810916179338 15.968810916179338 15.968810916179338 0.9980506822612086 0.9980506822612086 0.9980506822612086
8 1024 0.564 0.564 0.564 29.04964539007093 29.04964539007093 29.04964539007093 1.815602836879433 1.815602836879433 1.815602836879433
8 2048 0.676 0.676 0.676 48.47337278106509 48.47337278106509 48.47337278106509 3.029585798816568 3.029585798816568 3.029585798816568
8 4096 0.897 0.897 0.897 73.0613154960981 73.0613154960981 73.0613154960981 4.5663322185061315 4.5663322185061315 4.5663322185061315
8 8192 1.346 1.346 1.346 97.37890044576523 97.37890044576523 97.37890044576523 6.086181277860327 6.086181277860327 6.086181277860327
8 16384 2.235 2.235 2.235 117.29038031319912 117.29038031319912 117.29038031319912 7.330648769574945 7.330648769574945 7.330648769574945
8 32768 4.026 4.026 4.026 130.22553402881272 130.22553402881272 130.22553402881272 8.139095876800795 8.139095876800795 8.139095876800795
8 65536 7.605 7.605 7.605 137.87981591058514 137.87981591058514 137.87981591058514 8.617488494411571 8.617488494411571 8.617488494411571
8 131072 42.394 42.394 42.394 49.46813228287022 49.46813228287022 49.46813228287022 3.091758267679389 3.091758267679389 3.091758267679389
8 262144 29.018 29.018 29.018 144.5414570266731 144.5414570266731 144.5414570266731 9.033841064167069 9.033841064167069 9.033841064167069
8 524288 57.566 57.566 57.566 145.72157176110898 145.72157176110898 145.72157176110898 9.107598235069311 9.107598235069311 9.107598235069311
8 1048576 114.681 114.681 114.681 146.2946434021329 146.2946434021329 146.2946434021329 9.143415212633306 9.143415212633306 9.143415212633306
8 2097152 229.715 229.715 229.715 146.0698343599678 146.0698343599678 146.0698343599678 9.129364647497988 9.129364647497988 9.129364647497988
8 4194304 452.012 452.012 452.012 148.46699645142164 148.46699645142164 148.46699645142164 9.279187278213852 9.279187278213852 9.279187278213852
8 8388608 1104.152 1104.152 1104.152 121.55729283649354 121.55729283649354 121.55729283649354 7.597330802280847 7.597330802280847 7.597330802280847
8 16777216 1963.096 1963.096 1963.096 136.74087054326432 136.74087054326432 136.74087054326432 8.54630440895402 8.54630440895402 8.54630440895402
8 33554432 4802.119 4802.119 4802.119 111.79875217586238 111.79875217586238 111.79875217586238 6.9874220109913985 6.9874220109913985 6.9874220109913985
8 67108864 9939.926 9939.926 9939.926 108.023120494056 108.023120494056 108.023120494056 6.7514450308785 6.7514450308785 6.7514450308785
8 134217728 22427.115 22427.115 22427.115 95.75389647754515 95.75389647754515 95.75389647754515 5.984618529846572 5.984618529846572 5.984618529846572
8 268435456 43130.704 43130.704 43130.704 99.58027339409995 99.58027339409995 99.58027339409995 6.223767087131247 6.223767087131247 6.223767087131247

16 1 1.093 1.093 1.093 0.0292772186642269 0.0292772186642269 0.0292772186642269 0.0018298261665141812 0.0018298261665141812 0.0018298261665141812
16 2 0.48 0.48 0.48 0.13333333333333336 0.13333333333333336 0.13333333333333336 0.008333333333333335 0.008333333333333335 0.008333333333333335
16 4 0.477 0.477 0.477 0.2683438155136269 0.2683438155136269 0.2683438155136269 0.01677148846960168 0.01677148846960168 0.01677148846960168
16 8 0.482 0.482 0.482 0.5311203319502075 0.5311203319502075 0.5311203319502075 0.03319502074688797 0.03319502074688797 0.03319502074688797
16 16 0.482 0.482 0.482 1.062240663900415 1.062240663900415 1.062240663900415 0.06639004149377593 0.06639004149377593 0.06639004149377593
16 32 0.474 0.474 0.474 2.1603375527426163 2.1603375527426163 2.1603375527426163 0.13502109704641352 0.13502109704641352 0.13502109704641352
16 64 0.477 0.477 0.477 4.2935010482180305 4.2935010482180305 4.2935010482180305 0.2683438155136269 0.2683438155136269 0.2683438155136269
16 128 0.47 0.47 0.47 8.714893617021279 8.714893617021279 8.714893617021279 0.5446808510638299 0.5446808510638299 0.5446808510638299
16 256 0.493 0.493 0.493 16.61663286004057 16.61663286004057 16.61663286004057 1.0385395537525357 1.0385395537525357 1.0385395537525357
16 512 0.519 0.519 0.519 31.56840077071291 31.56840077071291 31.56840077071291 1.9730250481695568 1.9730250481695568 1.9730250481695568
16 1024 0.578 0.578 0.578 56.692041522491365 56.692041522491365 56.692041522491365 3.5432525951557103 3.5432525951557103 3.5432525951557103
16 2048 0.688 0.688 0.688 95.25581395348838 95.25581395348838 95.25581395348838 5.953488372093024 5.953488372093024 5.953488372093024
16 4096 0.916 0.916 0.916 143.09170305676858 143.09170305676858 143.09170305676858 8.943231441048036 8.943231441048036 8.943231441048036
16 8192 1.376 1.376 1.376 190.51162790697677 190.51162790697677 190.51162790697677 11.906976744186048 11.906976744186048 11.906976744186048
16 16384 2.29 2.29 2.29 228.9467248908297 228.9467248908297 228.9467248908297 14.309170305676856 14.309170305676856 14.309170305676856
16 32768 4.119 4.119 4.119 254.57052682689977 254.57052682689977 254.57052682689977 15.910657926681235 15.910657926681235 15.910657926681235
16 65536 7.768 7.768 7.768 269.9732234809475 269.9732234809475 269.9732234809475 16.87332646755922 16.87332646755922 16.87332646755922
16 131072 15.976 15.976 15.976 262.5378067100651 262.5378067100651 262.5378067100651 16.40861291937907 16.40861291937907 16.40861291937907
16 262144 30.997 30.997 30.997 270.6264477207472 270.6264477207472 270.6264477207472 16.9141529825467 16.9141529825467 16.9141529825467
16 524288 57.552 57.552 57.552 291.51403947734224 291.51403947734224 291.51403947734224 18.21962746733389 18.21962746733389 18.21962746733389
16 1048576 120.895 120.895 120.895 277.55020472310684 277.55020472310684 277.55020472310684 17.346887795194178 17.346887795194178 17.346887795194178
16 2097152 228.882 228.882 228.882 293.20289057243474 293.20289057243474 293.20289057243474 18.32518066077717 18.32518066077717 18.32518066077717
16 4194304 458.95 458.95 458.95 292.4452075389476 292.4452075389476 292.4452075389476 18.277825471184226 18.277825471184226 18.277825471184226
16 8388608 940.884 940.884 940.884 285.3013293881074 285.3013293881074 285.3013293881074 17.83133308675671 17.83133308675671 17.83133308675671
16 16777216 2243.468 2243.468 2243.468 239.30402038272894 239.30402038272894 239.30402038272894 14.956501273920559 14.956501273920559 14.956501273920559
16 33554432 4505.606 4505.606 4505.606 238.312409917778 238.312409917778 238.312409917778 14.894525619861126 14.894525619861126 14.894525619861126
16 67108864 10295.551 10295.551 10295.551 208.58365404629632 208.58365404629632 208.58365404629632 13.03647837789352 13.03647837789352 13.03647837789352
16 134217728 21915.381 21915.381 21915.381 195.97958602681834 195.97958602681834 195.97958602681834 12.248724126676146 12.248724126676146 12.248724126676146

32 1 1.337 1.337 1.337 0.047868362004487665 0.047868362004487665 0.047868362004487665 0.002991772625280479 0.002991772625280479 0.002991772625280479
32 2 0.47 0.47 0.47 0.27234042553191495 0.27234042553191495 0.27234042553191495 0.017021276595744685 0.017021276595744685 0.017021276595744685
32 4 0.498 0.498 0.498 0.5140562248995983 0.5140562248995983 0.5140562248995983 0.0321285140562249 0.0321285140562249 0.0321285140562249
32 8 0.477 0.477 0.477 1.0733752620545076 1.0733752620545076 1.0733752620545076 0.06708595387840673 0.06708595387840673 0.06708595387840673
32 16 0.509 0.509 0.509 2.011787819253438 2.011787819253438 2.011787819253438 0.12573673870333987 0.12573673870333987 0.12573673870333987
32 32 0.499 0.499 0.499 4.104208416833668 4.104208416833668 4.104208416833668 0.25651302605210424 0.25651302605210424 0.25651302605210424
32 64 0.478 0.478 0.478 8.569037656903767 8.569037656903767 8.569037656903767 0.5355648535564854 0.5355648535564854 0.5355648535564854
32 128 0.49 0.49 0.49 16.718367346938777 16.718367346938777 16.718367346938777 1.0448979591836736 1.0448979591836736 1.0448979591836736
32 256 0.517 0.517 0.517 31.690522243713737 31.690522243713737 31.690522243713737 1.9806576402321086 1.9806576402321086 1.9806576402321086
32 512 0.574 0.574 0.574 57.087108013937296 57.087108013937296 57.087108013937296 3.567944250871081 3.567944250871081 3.567944250871081
32 1024 0.689 0.689 0.689 95.11756168359943 95.11756168359943 95.11756168359943 5.944847605224965 5.944847605224965 5.944847605224965
32 2048 0.916 0.916 0.916 143.09170305676858 143.09170305676858 143.09170305676858 8.943231441048036 8.943231441048036 8.943231441048036
32 4096 1.369 1.369 1.369 191.4857560262966 191.4857560262966 191.4857560262966 11.967859751643537 11.967859751643537 11.967859751643537
32 8192 2.28 2.28 2.28 229.9508771929825 229.9508771929825 229.9508771929825 14.371929824561406 14.371929824561406 14.371929824561406
32 16384 4.099 4.099 4.099 255.81263722859237 255.81263722859237 255.81263722859237 15.988289826787023 15.988289826787023 15.988289826787023
32 32768 7.762 7.762 7.762 270.18191187838187 270.18191187838187 270.18191187838187 16.886369492398867 16.886369492398867 16.886369492398867
32 65536 15.065 15.065 15.065 278.41380683703954 278.41380683703954 278.41380683703954 17.40086292731497 17.40086292731497 17.40086292731497
32 131072 29.646 29.646 29.646 282.95918505025975 282.95918505025975 282.95918505025975 17.684949065641234 17.684949065641234 17.684949065641234
32 262144 59.614 59.614 59.614 281.4308048444997 281.4308048444997 281.4308048444997 17.58942530278123 17.58942530278123 17.58942530278123
32 524288 117.247 117.247 117.247 286.18584697263043 286.18584697263043 286.18584697263043 17.886615435789402 17.886615435789402 17.886615435789402
32 1048576 239.351 239.351 239.351 280.37845674344373 280.37845674344373 280.37845674344373 17.523653546465233 17.523653546465233 17.523653546465233
32 2097152 463.464 463.464 463.464 289.5968791535049 289.5968791535049 289.5968791535049 18.099804947094057 18.099804947094057 18.099804947094057
32 4194304 1031.367 1031.367 1031.367 260.2715192555124 260.2715192555124 260.2715192555124 16.266969953469523 16.266969953469523 16.266969953469523
32 8388608 2114.984 2114.984 2114.984 253.84159501915858 253.84159501915858 253.84159501915858 15.865099688697411 15.865099688697411 15.865099688697411
32 16777216 4288.306 4288.306 4288.306 250.38834075739936 250.38834075739936 250.38834075739936 15.64927129733746 15.64927129733746 15.64927129733746
32 33554432 8360.016 8360.016 8360.016 256.87554282192764 256.87554282192764 256.87554282192764 16.054721426370477 16.054721426370477 16.054721426370477
32 67108864 16445.925 16445.925 16445.925 261.1569307290408 261.1569307290408 261.1569307290408 16.32230817056505 16.32230817056505 16.32230817056505

64 1 1.453 1.453 1.453 0.088093599449415 0.088093599449415 0.088093599449415 0.0055058499655884375 0.0055058499655884375 0.0055058499655884375
64 2 0.643 0.643 0.643 0.39813374805598756 0.39813374805598756 0.39813374805598756 0.024883359253499222 0.024883359253499222 0.024883359253499222
64 4 0.486 0.486 0.486 1.0534979423868314 1.0534979423868314 1.0534979423868314 0.06584362139917696 0.06584362139917696 0.06584362139917696
64 8 0.483 0.483 0.483 2.12008281573499 2.12008281573499 2.12008281573499 0.13250517598343686 0.13250517598343686 0.13250517598343686
64 16 0.483 0.483 0.483 4.24016563146998 4.24016563146998 4.24016563146998 0.2650103519668737 0.2650103519668737 0.2650103519668737
64 32 0.487 0.487 0.487 8.410677618069817 8.410677618069817 8.410677618069817 0.5256673511293636 0.5256673511293636 0.5256673511293636
64 64 0.488 0.488 0.488 16.78688524590164 16.78688524590164 16.78688524590164 1.0491803278688525 1.0491803278688525 1.0491803278688525
64 128 0.485 0.485 0.485 33.78144329896907 33.78144329896907 33.78144329896907 2.111340206185567 2.111340206185567 2.111340206185567
64 256 0.518 0.518 0.518 63.25868725868725 63.25868725868725 63.25868725868725 3.9536679536679533 3.9536679536679533 3.9536679536679533
64 512 0.573 0.573 0.573 114.3734729493892 114.3734729493892 114.3734729493892 7.148342059336825 7.148342059336825 7.148342059336825
64 1024 0.685 0.685 0.685 191.34598540145987 191.34598540145987 191.34598540145987 11.959124087591242 11.959124087591242 11.959124087591242
64 2048 0.914 0.914 0.914 286.8096280087527 286.8096280087527 286.8096280087527 17.925601750547045 17.925601750547045 17.925601750547045
64 4096 1.366 1.366 1.366 383.8125915080527 383.8125915080527 383.8125915080527 23.988286969253295 23.988286969253295 23.988286969253295
64 8192 2.28 2.28 2.28 459.901754385965 459.901754385965 459.901754385965 28.74385964912281 28.74385964912281 28.74385964912281
64 16384 4.111 4.111 4.111 510.13184140111895 510.13184140111895 510.13184140111895 31.883240087569934 31.883240087569934 31.883240087569934
64 32768 7.769 7.769 7.769 539.8769468400052 539.8769468400052 539.8769468400052 33.742309177500324 33.742309177500324 33.742309177500324
64 65536 15.039 15.039 15.039 557.7902786089501 557.7902786089501 557.7902786089501 34.86189241305938 34.86189241305938 34.86189241305938
64 131072 29.646 29.646 29.646 565.9183701005195 565.9183701005195 565.9183701005195 35.36989813128247 35.36989813128247 35.36989813128247
64 262144 58.839 58.839 58.839 570.2753615799046 570.2753615799046 570.2753615799046 35.64221009874404 35.64221009874404 35.64221009874404
64 524288 117.201 117.201 117.201 572.5963430346159 572.5963430346159 572.5963430346159 35.78727143966349 35.78727143966349 35.78727143966349
64 1048576 242.762 242.762 242.762 552.8778309620122 552.8778309620122 552.8778309620122 34.554864435125765 34.554864435125765 34.554864435125765
64 2097152 459.442 459.442 459.442 584.26407685845 584.26407685845 584.26407685845 36.51650480365313 36.51650480365313 36.51650480365313
64 4194304 1042.223 1042.223 1042.223 515.120959717834 515.120959717834 515.120959717834 32.195059982364626 32.195059982364626 32.195059982364626
64 8388608 2125.119 2125.119 2125.119 505.26197544702205 505.26197544702205 505.26197544702205 31.57887346543888 31.57887346543888 31.57887346543888
64 16777216 4415.153 4415.153 4415.153 486.38940666382337 486.38940666382337 486.38940666382337 30.39933791648896 30.39933791648896 30.39933791648896
64 33554432 8809.877 8809.877 8809.877 487.517282704401 487.517282704401 487.517282704401 30.469830169025062 30.469830169025062 30.469830169025062

128 1 1.206 1.206 1.206 0.21227197346600332 0.21227197346600332 0.21227197346600332 0.013266998341625208 0.013266998341625208 0.013266998341625208
128 2 0.521 0.521 0.521 0.9827255278310941 0.9827255278310941 0.9827255278310941 0.06142034548944338 0.06142034548944338 0.06142034548944338
128 4 0.493 0.493 0.493 2.0770791075050714 2.0770791075050714 2.0770791075050714 0.12981744421906696 0.12981744421906696 0.12981744421906696
128 8 0.569 0.569 0.569 3.599297012302285 3.599297012302285 3.599297012302285 0.2249560632688928 0.2249560632688928 0.2249560632688928
128 16 0.48 0.48 0.48 8.533333333333335 8.533333333333335 8.533333333333335 0.5333333333333334 0.5333333333333334 0.5333333333333334
128 32 0.498 0.498 0.498 16.449799196787147 16.449799196787147 16.449799196787147 1.0281124497991967 1.0281124497991967 1.0281124497991967
128 64 0.491 0.491 0.491 33.36863543788187 33.36863543788187 33.36863543788187 2.085539714867617 2.085539714867617 2.085539714867617
128 128 0.499 0.499 0.499 65.66733466933869 65.66733466933869 65.66733466933869 4.104208416833668 4.104208416833668 4.104208416833668
128 256 0.534 0.534 0.534 122.72659176029964 122.72659176029964 122.72659176029964 7.670411985018728 7.670411985018728 7.670411985018728
128 512 0.61 0.61 0.61 214.872131147541 214.872131147541 214.872131147541 13.429508196721313 13.429508196721313 13.429508196721313
128 1024 0.746 0.746 0.746 351.3994638069705 351.3994638069705 351.3994638069705 21.962466487935657 21.962466487935657 21.962466487935657
128 2048 1.155 1.155 1.155 453.9290043290044 453.9290043290044 453.9290043290044 28.370562770562774 28.370562770562774 28.370562770562774
128 4096 1.638 1.638 1.638 640.1562881562883 640.1562881562883 640.1562881562883 40.00976800976802 40.00976800976802 40.00976800976802
128 8192 2.745 2.745 2.745 763.9897996357013 763.9897996357013 763.9897996357013 47.74936247723133 47.74936247723133 47.74936247723133
128 16384 5.018 5.018 5.018 835.8517337584695 835.8517337584695 835.8517337584695 52.24073335990435 52.24073335990435 52.24073335990435
128 32768 9.588 9.588 9.588 874.9069670421362 874.9069670421362 874.9069670421362 54.68168544013351 54.68168544013351 54.68168544013351
128 65536 24.321 24.321 24.321 689.8242670942806 689.8242670942806 689.8242670942806 43.114016693392536 43.114016693392536 43.114016693392536
128 131072 37.389 37.389 37.389 897.4412795207146 897.4412795207146 897.4412795207146 56.09007997004466 56.09007997004466 56.09007997004466
128 262144 74.136 74.136 74.136 905.2129060105752 905.2129060105752 905.2129060105752 56.57580662566095 56.57580662566095 56.57580662566095
128 524288 146.433 146.433 146.433 916.5811531553682 916.5811531553682 916.5811531553682 57.28632207221051 57.28632207221051 57.28632207221051
128 1048576 286.257 286.257 286.257 937.7428534498721 937.7428534498721 937.7428534498721 58.608928340617005 58.608928340617005 58.608928340617005
128 2097152 602.637 602.637 602.637 890.8694819601187 890.8694819601187 890.8694819601187 55.67934262250742 55.67934262250742 55.67934262250742
128 4194304 1290.377 1290.377 1290.377 832.1148191575022 832.1148191575022 832.1148191575022 52.00717619734389 52.00717619734389 52.00717619734389
128 8388608 2663.668 2663.668 2663.668 806.2129544672985 806.2129544672985 806.2129544672985 50.388309654206154 50.388309654206154 50.388309654206154
128 16777216 5419.698 5419.698 5419.698 792.4735466810143 792.4735466810143 792.4735466810143 49.529596667563396 49.529596667563396 49.529596667563396

256 1 1.371 1.371 1.371 0.37345003646973013 0.37345003646973013 0.37345003646973013 0.023340627279358133 0.023340627279358133 0.023340627279358133
256 2 0.577 0.577 0.577 1.7746967071057196 1.7746967071057196 1.7746967071057196 0.11091854419410747 0.11091854419410747 0.11091854419410747
256 4 0.559 0.559 0.559 3.6636851520572447 3.6636851520572447 3.6636851520572447 0.2289803220035778 0.2289803220035778 0.2289803220035778
256 8 0.556 0.556 0.556 7.366906474820143 7.366906474820143 7.366906474820143 0.46043165467625896 0.46043165467625896 0.46043165467625896
256 16 0.539 0.539 0.539 15.198515769944342 15.198515769944342 15.198515769944342 0.9499072356215214 0.9499072356215214 0.9499072356215214
256 32 0.551 0.551 0.551 29.735027223230492 29.735027223230492 29.735027223230492 1.8584392014519058 1.8584392014519058 1.8584392014519058
256 64 0.552 0.552 0.552 59.362318840579704 59.362318840579704 59.362318840579704 3.7101449275362315 3.7101449275362315 3.7101449275362315
256 128 0.572 0.572 0.572 114.57342657342659 114.57342657342659 114.57342657342659 7.160839160839162 7.160839160839162 7.160839160839162
256 256 0.621 0.621 0.621 211.06602254428344 211.06602254428344 211.06602254428344 13.191626409017715 13.191626409017715 13.191626409017715
256 512 0.73 0.73 0.73 359.1013698630137 359.1013698630137 359.1013698630137 22.443835616438356 22.443835616438356 22.443835616438356
256 1024 0.948 0.948 0.948 553.0464135021098 553.0464135021098 553.0464135021098 34.56540084388186 34.56540084388186 34.56540084388186
256 2048 1.389 1.389 1.389 754.9143268538518 754.9143268538518 754.9143268538518 47.182145428365736 47.182145428365736 47.182145428365736
256 4096 2.26 2.26 2.26 927.9433628318585 927.9433628318585 927.9433628318585 57.99646017699116 57.99646017699116 57.99646017699116
256 8192 4.018 4.018 4.018 1043.8785465405676 1043.8785465405676 1043.8785465405676 65.24240915878548 65.24240915878548 65.24240915878548
256 16384 7.528 7.528 7.528 1114.3209351753455 1114.3209351753455 1114.3209351753455 69.6450584484591 69.6450584484591 69.6450584484591
256 32768 14.508 14.508 14.508 1156.4113592500692 1156.4113592500692 1156.4113592500692 72.27570995312932 72.27570995312932 72.27570995312932
256 65536 28.541 28.541 28.541 1175.6571949125819 1175.6571949125819 1175.6571949125819 73.47857468203637 73.47857468203637 73.47857468203637
256 131072 57.385 57.385 57.385 1169.449577415701 1169.449577415701 1169.449577415701 73.09059858848131 73.09059858848131 73.09059858848131
256 262144 115.451 115.451 115.451 1162.5514547297123 1162.5514547297123 1162.5514547297123 72.65946592060702 72.65946592060702 72.65946592060702
256 524288 230.377 230.377 230.377 1165.2007622288684 1165.2007622288684 1165.2007622288684 72.82504763930427 72.82504763930427 72.82504763930427
256 1048576 525.025 525.025 525.025 1022.5625674967861 1022.5625674967861 1022.5625674967861 63.91016046854913 63.91016046854913 63.91016046854913
256 2097152 982.006 982.006 982.006 1093.4167652743467 1093.4167652743467 1093.4167652743467 68.33854782964667 68.33854782964667 68.33854782964667
256 4194304 2221.749 2221.749 2221.749 966.5734734211652 966.5734734211652 966.5734734211652 60.410842088822825 60.410842088822825 60.410842088822825
256 8388608 4891.445 4891.445 4891.445 878.0569537222642 878.0569537222642 878.0569537222642 54.87855960764151 54.87855960764151 54.87855960764151

512 1 1.334 1.334 1.334 0.767616191904048 0.767616191904048 0.767616191904048 0.047976011994003 0.047976011994003 0.047976011994003
512 2 0.654 0.654 0.654 3.1314984709480123 3.1314984709480123 3.1314984709480123 0.19571865443425077 0.19571865443425077 0.19571865443425077
512 4 0.644 0.644 0.644 6.360248447204969 6.360248447204969 6.360248447204969 0.3975155279503106 0.3975155279503106 0.3975155279503106
512 8 0.676 0.676 0.676 12.118343195266272 12.118343195266272 12.118343195266272 0.757396449704142 0.757396449704142 0.757396449704142
512 16 0.636 0.636 0.636 25.761006289308177 25.761006289308177 25.761006289308177 1.610062893081761 1.610062893081761 1.610062893081761
512 32 0.625 0.625 0.625 52.4288 52.4288 52.4288 3.2768 3.2768 3.2768
512 64 0.637 0.637 0.637 102.88226059654632 102.88226059654632 102.88226059654632 6.430141287284145 6.430141287284145 6.430141287284145
512 128 0.686 0.686 0.686 191.067055393586 191.067055393586 191.067055393586 11.941690962099125 11.941690962099125 11.941690962099125
512 256 0.78 0.78 0.78 336.0820512820513 336.0820512820513 336.0820512820513 21.005128205128205 21.005128205128205 21.005128205128205
512 512 0.976 0.976 0.976 537.1803278688525 537.1803278688525 537.1803278688525 33.57377049180328 33.57377049180328 33.57377049180328
512 1024 1.368 1.368 1.368 766.5029239766081 766.5029239766081 766.5029239766081 47.90643274853801 47.90643274853801 47.90643274853801
512 2048 2.149 2.149 2.149 975.873429502094 975.873429502094 975.873429502094 60.99208934388088 60.99208934388088 60.99208934388088
512 4096 3.724 3.724 3.724 1126.2900107411385 1126.2900107411385 1126.2900107411385 70.39312567132116 70.39312567132116 70.39312567132116
512 8192 6.865 6.865 6.865 1221.9385287691186 1221.9385287691186 1221.9385287691186 76.37115804806992 76.37115804806992 76.37115804806992
512 16384 13.125 13.125 13.125 1278.2640761904763 1278.2640761904763 1278.2640761904763 79.89150476190477 79.89150476190477 79.89150476190477
512 32768 25.678 25.678 25.678 1306.7385310382429 1306.7385310382429 1306.7385310382429 81.67115818989018 81.67115818989018 81.67115818989018
512 65536 50.756 50.756 50.756 1322.1858302466703 1322.1858302466703 1322.1858302466703 82.6366143904169 82.6366143904169 82.6366143904169
512 131072 100.897 100.897 100.897 1330.244982506913 1330.244982506913 1330.244982506913 83.14031140668206 83.14031140668206 83.14031140668206
512 262144 203.482 203.482 203.482 1319.2098367423164 1319.2098367423164 1319.2098367423164 82.45061479639477 82.45061479639477 82.45061479639477
512 524288 412.277 412.277 412.277 1302.2092234104741 1302.2092234104741 1302.2092234104741 81.38807646315463 81.38807646315463 81.38807646315463
512 1048576 813.954 813.954 813.954 1319.1676974374475 1319.1676974374475 1319.1676974374475 82.44798108984047 82.44798108984047 82.44798108984047
512 2097152 1748.606 1748.606 1748.606 1228.1117919073822 1228.1117919073822 1228.1117919073822 76.75698699421139 76.75698699421139 76.75698699421139
512 4194304 3474.86 3474.86 3474.86 1236.011607949673 1236.011607949673 1236.011607949673 77.25072549685456 77.25072549685456 77.25072549685456

1024 1 1.309 1.309 1.309 1.5645530939648589 1.5645530939648589 1.5645530939648589 0.09778456837280368 0.09778456837280368 0.09778456837280368
1024 2 0.503 0.503 0.503 8.143141153081512 8.143141153081512 8.143141153081512 0.5089463220675945 0.5089463220675945 0.5089463220675945
1024 4 0.503 0.503 0.503 16.286282306163024 16.286282306163024 16.286282306163024 1.017892644135189 1.017892644135189 1.017892644135189
1024 8 0.502 0.502 0.502 32.63745019920319 32.63745019920319 32.63745019920319 2.039840637450199 2.039840637450199 2.039840637450199
1024 16 0.491 0.491 0.491 66.73727087576374 66.73727087576374 66.73727087576374 4.171079429735234 4.171079429735234 4.171079429735234
1024 32 0.514 0.514 0.514 127.50194552529184 127.50194552529184 127.50194552529184 7.96887159533074 7.96887159533074 7.96887159533074
1024 64 0.579 0.579 0.579 226.37651122625218 226.37651122625218 226.37651122625218 14.148531951640761 14.148531951640761 14.148531951640761
1024 128 0.699 0.699 0.699 375.0271816881259 375.0271816881259 375.0271816881259 23.43919885550787 23.43919885550787 23.43919885550787
1024 256 0.977 0.977 0.977 536.6305015353123 536.6305015353123 536.6305015353123 33.53940634595702 33.53940634595702 33.53940634595702
1024 512 1.502 1.502 1.502 698.1198402130493 698.1198402130493 698.1198402130493 43.63249001331558 43.63249001331558 43.63249001331558
1024 1024 2.603 2.603 2.603 805.6673069535151 805.6673069535151 805.6673069535151 50.35420668459469 50.35420668459469 50.35420668459469
1024 2048 4.727 4.727 4.727 887.3078062195896 887.3078062195896 887.3078062195896 55.45673788872435 55.45673788872435 55.45673788872435
1024 4096 9.033 9.033 9.033 928.6624598693679 928.6624598693679 928.6624598693679 58.041403741835495 58.041403741835495 58.041403741835495
1024 8192 17.587 17.587 17.587 953.9555353386024 953.9555353386024 953.9555353386024 59.62222095866265 59.62222095866265 59.62222095866265
1024 16384 34.735 34.735 34.735 966.0121491291205 966.0121491291205 966.0121491291205 60.37575932057003 60.37575932057003 60.37575932057003
1024 32768 74.651 74.651 74.651 898.9680513321993 898.9680513321993 898.9680513321993 56.18550320826245 56.18550320826245 56.18550320826245
1024 65536 216.228 216.228 216.228 620.723162587639 620.723162587639 620.723162587639 38.795197661727435 38.795197661727435 38.795197661727435
1024 131072 545.795 545.795 545.795 491.8246887567677 491.8246887567677 491.8246887567677 30.739043047297983 30.739043047297983 30.739043047297983
1024 262144 880.019 880.019 880.019 610.0674099081951 610.0674099081951 610.0674099081951 38.1292131192622 38.1292131192622 38.1292131192622
1024 524288 1687.818 1687.818 1687.818 636.1715682615069 636.1715682615069 636.1715682615069 39.76072301634418 39.76072301634418 39.76072301634418
1024 1048576 3604.502 3604.502 3604.502 595.7781818403763 595.7781818403763 595.7781818403763 37.23613636502352 37.23613636502352 37.23613636502352
1024 2097152 7719.207 7719.207 7719.207 556.400067519889 556.400067519889 556.400067519889 34.775004219993065 34.775004219993065 34.775004219993065

2048 1 1.426 1.426 1.426 2.8723702664796638 2.8723702664796638 2.8723702664796638 0.17952314165497898 0.17952314165497898 0.17952314165497898
2048 2 0.493 0.493 0.493 16.61663286004057 16.61663286004057 16.61663286004057 1.0385395537525357 1.0385395537525357 1.0385395537525357
2048 4 0.547 0.547 0.547 29.952468007312614 29.952468007312614 29.952468007312614 1.8720292504570384 1.8720292504570384 1.8720292504570384
2048 8 0.533 0.533 0.533 61.47842401500938 61.47842401500938 61.47842401500938 3.8424015009380863 3.8424015009380863 3.8424015009380863
2048 16 0.542 0.542 0.542 120.91512915129151 120.91512915129151 120.91512915129151 7.557195571955719 7.557195571955719 7.557195571955719
2048 32 0.61 0.61 0.61 214.872131147541 214.872131147541 214.872131147541 13.429508196721313 13.429508196721313 13.429508196721313
2048 64 0.712 0.712 0.712 368.1797752808989 368.1797752808989 368.1797752808989 23.011235955056183 23.011235955056183 23.011235955056183
2048 128 0.965 0.965 0.965 543.3036269430053 543.3036269430053 543.3036269430053 33.95647668393783 33.95647668393783 33.95647668393783
2048 256 1.435 1.435 1.435 730.7149825783972 730.7149825783972 730.7149825783972 45.669686411149826 45.669686411149826 45.669686411149826
2048 512 2.451 2.451 2.451 855.6311709506325 855.6311709506325 855.6311709506325 53.47694818441453 53.47694818441453 53.47694818441453
2048 1024 4.35 4.35 4.35 964.2078160919541 964.2078160919541 964.2078160919541 60.26298850574713 60.26298850574713 60.26298850574713
2048 2048 8.209 8.209 8.209 1021.8794006578148 1021.8794006578148 1021.8794006578148 63.867462541113426 63.867462541113426 63.867462541113426
2048 4096 15.967 15.967 15.967 1050.7431577628859 1050.7431577628859 1050.7431577628859 65.67144736018037 65.67144736018037 65.67144736018037
2048 8192 31.427 31.427 31.427 1067.6944029019633 1067.6944029019633 1067.6944029019633 66.7309001813727 66.7309001813727 66.7309001813727
2048 16384 62.358 62.358 62.358 1076.1869206837937 1076.1869206837937 1076.1869206837937 67.2616825427371 67.2616825427371 67.2616825427371
2048 32768 125.888 125.888 125.888 1066.1677681748856 1066.1677681748856 1066.1677681748856 66.63548551093035 66.63548551093035 66.63548551093035
2048 65536 278.723 278.723 278.723 963.090437459413 963.090437459413 963.090437459413 60.19315234121331 60.19315234121331 60.19315234121331
2048 131072 538.471 538.471 538.471 997.0284602141992 997.0284602141992 997.0284602141992 62.31427876338745 62.31427876338745 62.31427876338745
2048 262144 1133.22 1133.22 1133.22 947.5140078713754 947.5140078713754 947.5140078713754 59.21962549196096 59.21962549196096 59.21962549196096
2048 524288 2416.319 2416.319 2416.319 888.7417795415258 888.7417795415258 888.7417795415258 55.546361221345364 55.546361221345364 55.546361221345364
2048 1048576 4808.68 4808.68 4808.68 893.1697047838493 893.1697047838493 893.1697047838493 55.82310654899058 55.82310654899058 55.82310654899058

4096 1 2.234 2.234 2.234 3.666965085049239 3.666965085049239 3.666965085049239 0.22918531781557744 0.22918531781557744 0.22918531781557744
4096 2 0.649 0.649 0.649 25.244992295839754 25.244992295839754 25.244992295839754 1.5778120184899846 1.5778120184899846 1.5778120184899846
4096 4 0.737 0.737 0.737 44.46132971506106 44.46132971506106 44.46132971506106 2.7788331071913164 2.7788331071913164 2.7788331071913164
4096 8 0.646 0.646 0.646 101.44891640866874 101.44891640866874 101.44891640866874 6.340557275541796 6.340557275541796 6.340557275541796
4096 16 0.685 0.685 0.685 191.34598540145987 191.34598540145987 191.34598540145987 11.959124087591242 11.959124087591242 11.959124087591242
4096 32 0.822 0.822 0.822 318.9099756690998 318.9099756690998 318.9099756690998 19.93187347931874 19.93187347931874 19.93187347931874
4096 64 1.087 1.087 1.087 482.3256669733211 482.3256669733211 482.3256669733211 30.14535418583257 30.14535418583257 30.14535418583257
4096 128 1.65 1.65 1.65 635.5006060606062 635.5006060606062 635.5006060606062 39.718787878787886 39.718787878787886 39.718787878787886
4096 256 2.771 2.771 2.771 756.8213641284735 756.8213641284735 756.8213641284735 47.301335258029596 47.301335258029596 47.301335258029596
4096 512 4.991 4.991 4.991 840.3734722500502 840.3734722500502 840.3734722500502 52.52334201562814 52.52334201562814 52.52334201562814
4096 1024 9.455 9.455 9.455 887.213960867266 887.213960867266 887.213960867266 55.450872554204125 55.450872554204125 55.450872554204125
4096 2048 18.433 18.433 18.433 910.1728421852113 910.1728421852113 910.1728421852113 56.885802636575704 56.885802636575704 56.885802636575704
4096 4096 36.818 36.818 36.818 911.3594437503396 911.3594437503396 911.3594437503396 56.95996523439622 56.95996523439622 56.95996523439622
4096 8192 70.382 70.382 70.382 953.4947003495212 953.4947003495212 953.4947003495212 59.59341877184507 59.59341877184507 59.59341877184507
4096 16384 140.388 140.388 140.388 956.0484371883638 956.0484371883638 956.0484371883638 59.753027324272736 59.753027324272736 59.753027324272736
4096 32768 284.674 284.674 284.674 942.9574039076278 942.9574039076278 942.9574039076278 58.93483774422674 58.93483774422674 58.93483774422674
4096 65536 585.648 585.648 585.648 916.7126191842199 916.7126191842199 916.7126191842199 57.29453869901374 57.29453869901374 57.29453869901374
4096 131072 1218.392 1218.392 1218.392 881.2778022180054 881.2778022180054 881.2778022180054 55.079862638625336 55.079862638625336 55.079862638625336
4096 262144 2534.79 2534.79 2534.79 847.2037715155892 847.2037715155892 847.2037715155892 52.950235719724326 52.950235719724326 52.950235719724326
4096 524288 4972.289 4972.289 4972.289 863.7807046211515 863.7807046211515 863.7807046211515 53.98629403882197 53.98629403882197 53.98629403882197

8192 1 2.399 2.399 2.399 6.82951229679033 6.82951229679033 6.82951229679033 0.42684451854939565 0.42684451854939565 0.42684451854939565
8192 2 0.644 0.644 0.644 50.881987577639755 50.881987577639755 50.881987577639755 3.1801242236024847 3.1801242236024847 3.1801242236024847
8192 4 0.714 0.714 0.714 91.78711484593839 91.78711484593839 91.78711484593839 5.736694677871149 5.736694677871149 5.736694677871149
8192 8 0.735 0.735 0.735 178.3292517006803 178.3292517006803 178.3292517006803 11.145578231292518 11.145578231292518 11.145578231292518
8192 16 0.811 0.811 0.811 323.2355117139334 323.2355117139334 323.2355117139334 20.20221948212084 20.20221948212084 20.20221948212084
8192 32 0.992 0.992 0.992 528.516129032258 528.516129032258 528.516129032258 33.03225806451613 33.03225806451613 33.03225806451613
8192 64 1.372 1.372 1.372 764.268221574344 764.268221574344 764.268221574344 47.7667638483965 47.7667638483965 47.7667638483965
8192 128 2.136 2.136 2.136 981.8127340823971 981.8127340823971 981.8127340823971 61.36329588014982 61.36329588014982 61.36329588014982
8192 256 3.671 3.671 3.671 1142.5508035957507 1142.5508035957507 1142.5508035957507 71.40942522473442 71.40942522473442 71.40942522473442
8192 512 6.733 6.733 6.733 1245.8945492351108 1245.8945492351108 1245.8945492351108 77.86840932719443 77.86840932719443 77.86840932719443
8192 1024 12.85 12.85 12.85 1305.6199221789884 1305.6199221789884 1305.6199221789884 81.60124513618678 81.60124513618678 81.60124513618678
8192 2048 24.991 24.991 24.991 1342.6606378296187 1342.6606378296187 1342.6606378296187 83.91628986435117 83.91628986435117 83.91628986435117
8192 4096 50.272 50.272 50.272 1334.9153405474221 1334.9153405474221 1334.9153405474221 83.43220878421388 83.43220878421388 83.43220878421388
8192 8192 105.646 105.646 105.646 1270.4477973609983 1270.4477973609983 1270.4477973609983 79.40298733506239 79.40298733506239 79.40298733506239
8192 16384 213.572 213.572 213.572 1256.8850598393049 1256.8850598393049 1256.8850598393049 78.55531623995655 78.55531623995655 78.55531623995655
8192 32768 398.084 398.084 398.084 1348.6372524391838 1348.6372524391838 1348.6372524391838 84.28982827744899 84.28982827744899 84.28982827744899
8192 65536 839.567 839.567 839.567 1278.9233307169052 1278.9233307169052 1278.9233307169052 79.93270816980657 79.93270816980657 79.93270816980657
8192 131072 1799.484 1799.484 1799.484 1193.3885758361844 1193.3885758361844 1193.3885758361844 74.58678598976152 74.58678598976152 74.58678598976152
8192 262144 3489.126 3489.126 3489.126 1230.9579235602268 1230.9579235602268 1230.9579235602268 76.93487022251418 76.93487022251418 76.93487022251418

16384 1 3.03 3.03 3.03 10.814521452145216 10.814521452145216 10.814521452145216 0.675907590759076 0.675907590759076 0.675907590759076
16384 2 0.819 0.819 0.819 80.01953601953603 80.01953601953603 80.01953601953603 5.001221001221002 5.001221001221002 5.001221001221002
16384 4 0.867 0.867 0.867 151.17877739331027 151.17877739331027 151.17877739331027 9.448673587081892 9.448673587081892 9.448673587081892
16384 8 0.923 0.923 0.923 284.01300108342366 284.01300108342366 284.01300108342366 17.75081256771398 17.75081256771398 17.75081256771398
16384 16 1.064 1.064 1.064 492.7518796992481 492.7518796992481 492.7518796992481 30.796992481203006 30.796992481203006 30.796992481203006
16384 32 1.347 1.347 1.347 778.4528582034151 778.4528582034151 778.4528582034151 48.65330363771344 48.65330363771344 48.65330363771344
16384 64 1.933 1.933 1.933 1084.920848422142 1084.920848422142 1084.920848422142 67.80755302638387 67.80755302638387 67.80755302638387
16384 128 3.12 3.12 3.12 1344.3282051282051 1344.3282051282051 1344.3282051282051 84.02051282051282 84.02051282051282 84.02051282051282
16384 256 5.487 5.487 5.487 1528.8150173136505 1528.8150173136505 1528.8150173136505 95.55093858210316 95.55093858210316 95.55093858210316
16384 512 10.263 10.263 10.263 1634.7282471012377 1634.7282471012377 1634.7282471012377 102.17051544382736 102.17051544382736 102.17051544382736
16384 1024 19.774 19.774 19.774 1696.8965307980177 1696.8965307980177 1696.8965307980177 106.0560331748761 106.0560331748761 106.0560331748761
16384 2048 38.477 38.477 38.477 1744.1293240117475 1744.1293240117475 1744.1293240117475 109.00808275073422 109.00808275073422 109.00808275073422
16384 4096 82.023 82.023 82.023 1636.3425868354 1636.3425868354 1636.3425868354 102.2714116772125 102.2714116772125 102.2714116772125
16384 8192 155.459 155.459 155.459 1726.7283077853326 1726.7283077853326 1726.7283077853326 107.92051923658329 107.92051923658329 107.92051923658329
16384 16384 316.756 316.756 316.756 1694.9036861180218 1694.9036861180218 1694.9036861180218 105.93148038237636 105.93148038237636 105.93148038237636
16384 32768 638.814 638.814 638.814 1680.8363999536643 1680.8363999536643 1680.8363999536643 105.05227499710402 105.05227499710402 105.05227499710402
16384 65536 1380.418 1380.418 1380.418 1555.6763588999856 1555.6763588999856 1555.6763588999856 97.2297724312491 97.2297724312491 97.2297724312491
16384 131072 2748.039 2748.039 2748.039 1562.920794064422 1562.920794064422 1562.920794064422 97.68254962902637 97.68254962902637 97.68254962902637

32768 1 3.949 3.949 3.949 16.595593821220564 16.595593821220564 16.595593821220564 1.0372246138262853 1.0372246138262853 1.0372246138262853
32768 2 1.22 1.22 1.22 107.4360655737705 107.4360655737705 107.4360655737705 6.714754098360657 6.714754098360657 6.714754098360657
32768 4 1.301 1.301 1.301 201.4942352036895 201.4942352036895 201.4942352036895 12.593389700230594 12.593389700230594 12.593389700230594
32768 8 1.377 1.377 1.377 380.7465504720407 380.7465504720407 380.7465504720407 23.796659404502545 23.796659404502545 23.796659404502545
32768 16 1.632 1.632 1.632 642.5098039215687 642.5098039215687 642.5098039215687 40.156862745098046 40.156862745098046 40.156862745098046
32768 32 2.128 2.128 2.128 985.5037593984962 985.5037593984962 985.5037593984962 61.59398496240601 61.59398496240601 61.59398496240601
32768 64 3.144 3.144 3.144 1334.0661577608141 1334.0661577608141 1334.0661577608141 83.37913486005088 83.37913486005088 83.37913486005088
32768 128 5.161 5.161 5.161 1625.3842278628176 1625.3842278628176 1625.3842278628176 101.5865142414261 101.5865142414261 101.5865142414261
32768 256 9.185 9.185 9.185 1826.5885683179094 1826.5885683179094 1826.5885683179094 114.16178551986934 114.16178551986934 114.16178551986934
32768 512 17.352 17.352 17.352 1933.7501152604889 1933.7501152604889 1933.7501152604889 120.85938220378056 120.85938220378056 120.85938220378056
32768 1024 33.473 33.473 33.473 2004.8655334149914 2004.8655334149914 2004.8655334149914 125.30409583843696 125.30409583843696 125.30409583843696
32768 2048 65.817 65.817 65.817 2039.2562407888543 2039.2562407888543 2039.2562407888543 127.45351504930339 127.45351504930339 127.45351504930339
32768 4096 132.546 132.546 132.546 2025.2248728743232 2025.2248728743232 2025.2248728743232 126.5765545546452 126.5765545546452 126.5765545546452
32768 8192 278.775 278.775 278.775 1925.8215837144653 1925.8215837144653 1925.8215837144653 120.36384898215408 120.36384898215408 120.36384898215408
32768 16384 550.06 550.06 550.06 1952.0449114642045 1952.0449114642045 1952.0449114642045 122.00280696651278 122.00280696651278 122.00280696651278
32768 32768 1188.847 1188.847 1188.847 1806.3583017831563 1806.3583017831563 1806.3583017831563 112.89739386144727 112.89739386144727 112.89739386144727
32768 65536 2490.07 2490.07 2490.07 1724.837974836049 1724.837974836049 1724.837974836049 107.80237342725306 107.80237342725306 107.80237342725306

65536 1 7.411 7.411 7.411 17.686142221022806 17.686142221022806 17.686142221022806 1.1053838888139254 1.1053838888139254 1.1053838888139254
65536 2 2.499 2.499 2.499 104.89955982392958 104.89955982392958 104.89955982392958 6.556222488995599 6.556222488995599 6.556222488995599
65536 4 2.634 2.634 2.634 199.04631738800305 199.04631738800305 199.04631738800305 12.44039483675019 12.44039483675019 12.44039483675019
65536 8 2.833 2.833 2.833 370.1291916696082 370.1291916696082 370.1291916696082 23.133074479350512 23.133074479350512 23.133074479350512
65536 16 3.304 3.304 3.304 634.7312348668282 634.7312348668282 634.7312348668282 39.670702179176764 39.670702179176764 39.670702179176764
65536 32 4.303 4.303 4.303 974.7394840808738 974.7394840808738 974.7394840808738 60.92121775505461 60.92121775505461 60.92121775505461
65536 64 6.234 6.234 6.234 1345.6220725056144 1345.6220725056144 1345.6220725056144 84.1013795316009 84.1013795316009 84.1013795316009
65536 128 10.184 10.184 10.184 1647.4092694422625 1647.4092694422625 1647.4092694422625 102.9630793401414 102.9630793401414 102.9630793401414
65536 256 17.993 17.993 17.993 1864.860334574557 1864.860334574557 1864.860334574557 116.55377091090982 116.55377091090982 116.55377091090982
65536 512 33.608 33.608 33.608 1996.8121875743875 1996.8121875743875 1996.8121875743875 124.80076172339922 124.80076172339922 124.80076172339922
65536 1024 64.793 64.793 64.793 2071.4850060963377 2071.4850060963377 2071.4850060963377 129.4678128810211 129.4678128810211 129.4678128810211
65536 2048 127.321 127.321 127.321 2108.3360639643106 2108.3360639643106 2108.3360639643106 131.7710039977694 131.7710039977694 131.7710039977694
65536 4096 258.686 258.686 258.686 2075.376757922733 2075.376757922733 2075.376757922733 129.7110473701708 129.7110473701708 129.7110473701708
65536 8192 522.652 522.652 522.652 2054.4106288696876 2054.4106288696876 2054.4106288696876 128.40066430435547 128.40066430435547 128.40066430435547
65536 16384 1126.109 1126.109 1126.109 1906.9944809960673 1906.9944809960673 1906.9944809960673 119.1871550622542 119.1871550622542 119.1871550622542
65536 32768 2315.087 2315.087 2315.087 1855.2077291263786 1855.2077291263786 1855.2077291263786 115.95048307039866 115.95048307039866 115.95048307039866

131072 1 11.466 11.466 11.466 22.862724577010294 22.862724577010294 22.862724577010294 1.4289202860631434 1.4289202860631434 1.4289202860631434
131072 2 4.403 4.403 4.403 119.07517601635251 119.07517601635251 119.07517601635251 7.442198501022032 7.442198501022032 7.442198501022032
131072 4 4.526 4.526 4.526 231.67830313742823 231.67830313742823 231.67830313742823 14.479893946089264 14.479893946089264 14.479893946089264
131072 8 4.953 4.953 4.953 423.41045830809605 423.41045830809605 423.41045830809605 26.463153644256003 26.463153644256003 26.463153644256003
131072 16 5.854 5.854 5.854 716.4851383669286 716.4851383669286 716.4851383669286 44.78032114793304 44.78032114793304 44.78032114793304
131072 32 7.699 7.699 7.699 1089.5711131315757 1089.5711131315757 1089.5711131315757 68.09819457072348 68.09819457072348 68.09819457072348
131072 64 11.364 11.364 11.364 1476.3477648715243 1476.3477648715243 1476.3477648715243 92.27173530447027 92.27173530447027 92.27173530447027
131072 128 18.645 18.645 18.645 1799.6477339769378 1799.6477339769378 1799.6477339769378 112.47798337355862 112.47798337355862 112.47798337355862
131072 256 33.285 33.285 33.285 2016.1893946222024 2016.1893946222024 2016.1893946222024 126.01183716388765 126.01183716388765 126.01183716388765
131072 512 62.535 62.535 62.535 2146.281730231071 2146.281730231071 2146.281730231071 134.14260813944193 134.14260813944193 134.14260813944193
131072 1024 121.093 121.093 121.093 2216.771043743239 2216.771043743239 2216.771043743239 138.54819023395243 138.54819023395243 138.54819023395243
131072 2048 238.038 238.038 238.038 2255.4000285668676 2255.4000285668676 2255.4000285668676 140.96250178542923 140.96250178542923 140.96250178542923
131072 4096 488.253 488.253 488.253 2199.150489602727 2199.150489602727 2199.150489602727 137.44690560017042 137.44690560017042 137.44690560017042
131072 8192 1038.585 1038.585 1038.585 2067.701389871797 2067.701389871797 2067.701389871797 129.2313368669873 129.2313368669873 129.2313368669873
131072 16384 2133.409 2133.409 2133.409 2013.1945145070636 2013.1945145070636 2013.1945145070636 125.82465715669147 125.82465715669147 125.82465715669147

262144 1 20.396 20.396 20.396 25.70543243773289 25.70543243773289 25.70543243773289 1.6065895273583057 1.6065895273583057 1.6065895273583057
262144 2 7.859 7.859 7.859 133.423590787632 133.423590787632 133.423590787632 8.338974424227 8.338974424227 8.338974424227
262144 4 8.329 8.329 8.329 251.78917036859164 251.78917036859164 251.78917036859164 15.736823148036978 15.736823148036978 15.736823148036978
262144 8 9.181 9.181 9.181 456.84609519660177 456.84609519660177 456.84609519660177 28.55288094978761 28.55288094978761 28.55288094978761
262144 16 11.086 11.086 11.086 756.684827710626 756.684827710626 756.684827710626 47.292801731914125 47.292801731914125 47.292801731914125
262144 32 14.401 14.401 14.401 1165.0035414207348 1165.0035414207348 1165.0035414207348 72.81272133879592 72.81272133879592 72.81272133879592
262144 64 21.412 21.412 21.412 1567.0853726882126 1567.0853726882126 1567.0853726882126 97.94283579301329 97.94283579301329 97.94283579301329
262144 128 35.433 35.433 35.433 1893.9650608190107 1893.9650608190107 1893.9650608190107 118.37281630118817 118.37281630118817 118.37281630118817
262144 256 63.455 63.455 63.455 2115.1639429516986 2115.1639429516986 2115.1639429516986 132.19774643448116 132.19774643448116 132.19774643448116
262144 512 124.102 124.102 124.102 2163.022803822662 2163.022803822662 2163.022803822662 135.18892523891637 135.18892523891637 135.18892523891637
262144 1024 236.548 236.548 236.548 2269.6066422036965 2269.6066422036965 2269.6066422036965 141.85041513773103 141.85041513773103 141.85041513773103
262144 2048 460.883 460.883 460.883 2329.749250894479 2329.749250894479 2329.749250894479 145.60932818090492 145.60932818090492 145.60932818090492
262144 4096 940.444 940.444 940.444 2283.4784931372847 2283.4784931372847 2283.4784931372847 142.7174058210803 142.7174058210803 142.7174058210803
262144 8192 1953.529 1953.529 1953.529 2198.5684860577962 2198.5684860577962 2198.5684860577962 137.41053037861226 137.41053037861226 137.41053037861226

524288 1 41.156 41.156 41.156 25.47808339002819 25.47808339002819 25.47808339002819 1.5923802118767618 1.5923802118767618 1.5923802118767618
524288 2 28.693 28.693 28.693 73.08932492245495 73.08932492245495 73.08932492245495 4.568082807653434 4.568082807653434 4.568082807653434
524288 4 16.542 16.542 16.542 253.55483012936764 253.55483012936764 253.55483012936764 15.847176883085478 15.847176883085478 15.847176883085478
524288 8 18.177 18.177 18.177 461.49573637013816 461.49573637013816 461.49573637013816 28.843483523133635 28.843483523133635 28.843483523133635
524288 16 21.681 21.681 21.681 773.8211337115447 773.8211337115447 773.8211337115447 48.36382085697154 48.36382085697154 48.36382085697154
524288 32 28.77 28.77 28.77 1166.2993395898507 1166.2993395898507 1166.2993395898507 72.89370872436567 72.89370872436567 72.89370872436567
524288 64 42.945 42.945 42.945 1562.6700197927582 1562.6700197927582 1562.6700197927582 97.66687623704739 97.66687623704739 97.66687623704739
524288 128 71.184 71.184 71.184 1885.5041582378062 1885.5041582378062 1885.5041582378062 117.84400988986289 117.84400988986289 117.84400988986289
524288 256 127.771 127.771 127.771 2100.9106604785125 2100.9106604785125 2100.9106604785125 131.30691627990703 131.30691627990703 131.30691627990703
524288 512 245.759 245.759 245.759 2184.542222258392 2184.542222258392 2184.542222258392 136.5338888911495 136.5338888911495 136.5338888911495
524288 1024 484.577 484.577 484.577 2215.8332401248927 2215.8332401248927 2215.8332401248927 138.4895775078058 138.4895775078058 138.4895775078058
524288 2048 994.065 994.065 994.065 2160.30505852233 2160.30505852233 2160.30505852233 135.01906615764563 135.01906615764563 135.01906615764563
524288 4096 3054.718 3054.718 3054.718 1406.0110609228088 1406.0110609228088 1406.0110609228088 87.87569130767555 87.87569130767555 87.87569130767555

1048576 1 79.532 79.532 79.532 26.36865664135191 26.36865664135191 26.36865664135191 1.6480410400844945 1.6480410400844945 1.6480410400844945
1048576 2 31.421 31.421 31.421 133.4872855733427 133.4872855733427 133.4872855733427 8.342955348333918 8.342955348333918 8.342955348333918
1048576 4 32.331 32.331 32.331 259.46020846865235 259.46020846865235 259.46020846865235 16.216263029290772 16.216263029290772 16.216263029290772
1048576 8 35.851 35.851 35.851 467.97065632757807 467.97065632757807 467.97065632757807 29.24816602047363 29.24816602047363 29.24816602047363
1048576 16 48.777 48.777 48.777 687.9150419254977 687.9150419254977 687.9150419254977 42.994690120343606 42.994690120343606 42.994690120343606
1048576 32 57.825 57.825 57.825 1160.5510419368786 1160.5510419368786 1160.5510419368786 72.53444012105491 72.53444012105491 72.53444012105491
1048576 64 134.41 134.41 134.41 998.5695111970836 998.5695111970836 998.5695111970836 62.41059444981772 62.41059444981772 62.41059444981772
1048576 128 144.454 144.454 144.454 1858.2763786395672 1858.2763786395672 1858.2763786395672 116.14227366497295 116.14227366497295 116.14227366497295
1048576 256 260.936 260.936 260.936 2057.4811907900794 2057.4811907900794 2057.4811907900794 128.59257442437996 128.59257442437996 128.59257442437996
1048576 512 523.5 523.5 523.5 2051.0827583572113 2051.0827583572113 2051.0827583572113 128.1926723973257 128.1926723973257 128.1926723973257
1048576 1024 1053.084 1053.084 1053.084 2039.2330032552009 2039.2330032552009 2039.2330032552009 127.45206270345005 127.45206270345005 127.45206270345005
1048576 2048 1922.119 1922.119 1922.119 2234.496041087987 2234.496041087987 2234.496041087987 139.6560025679992 139.6560025679992 139.6560025679992

2097152 1 152.299 152.299 152.299 27.539931319312668 27.539931319312668 27.539931319312668 1.7212457074570418 1.7212457074570418 1.7212457074570418
2097152 2 135.307 135.307 135.307 61.99685160412988 61.99685160412988 61.99685160412988 3.8748032252581175 3.8748032252581175 3.8748032252581175
2097152 4 107.033 107.033 107.033 156.74806835275103 156.74806835275103 156.74806835275103 9.79675427204694 9.79675427204694 9.79675427204694
2097152 8 120.965 120.965 120.965 277.3895920307527 277.3895920307527 277.3895920307527 17.336849501922043 17.336849501922043 17.336849501922043
2097152 16 137.199 137.199 137.199 489.13522693314087 489.13522693314087 489.13522693314087 30.570951683321304 30.570951683321304 30.570951683321304
2097152 32 159.809 159.809 159.809 839.8633869181336 839.8633869181336 839.8633869181336 52.49146168238335 52.49146168238335 52.49146168238335
2097152 64 199.337 199.337 199.337 1346.6413962284978 1346.6413962284978 1346.6413962284978 84.16508726428111 84.16508726428111 84.16508726428111
2097152 128 317.763 317.763 317.763 1689.5324880492697 1689.5324880492697 1689.5324880492697 105.59578050307935 105.59578050307935 105.59578050307935
2097152 256 572.781 572.781 572.781 1874.611455338079 1874.611455338079 1874.611455338079 117.16321595862993 117.16321595862993 117.16321595862993
2097152 512 1085.638 1085.638 1085.638 1978.0844517233188 1978.0844517233188 1978.0844517233188 123.63027823270743 123.63027823270743 123.63027823270743
2097152 1024 2150.868 2150.868 2150.868 1996.8530360765983 1996.8530360765983 1996.8530360765983 124.8033147547874 124.8033147547874 124.8033147547874

4194304 1 285.69 285.69 285.69 29.362623823024958 29.362623823024958 29.362623823024958 1.8351639889390599 1.8351639889390599 1.8351639889390599
4194304 2 373.987 373.987 373.987 44.860425629767875 44.860425629767875 44.860425629767875 2.803776601860492 2.803776601860492 2.803776601860492
4194304 4 260.064 260.064 260.064 129.0237480004922 129.0237480004922 129.0237480004922 8.063984250030762 8.063984250030762 8.063984250030762
4194304 8 276.089 276.089 276.089 243.0696768071166 243.0696768071166 243.0696768071166 15.191854800444787 15.191854800444787 15.191854800444787
4194304 16 303.543 303.543 303.543 442.1703943098671 442.1703943098671 442.1703943098671 27.635649644366694 27.635649644366694 27.635649644366694
4194304 32 369.89 369.89 369.89 725.7169861310119 725.7169861310119 725.7169861310119 45.357311633188246 45.357311633188246 45.357311633188246
4194304 64 491.912 491.912 491.912 1091.3962497357252 1091.3962497357252 1091.3962497357252 68.21226560848282 68.21226560848282 68.21226560848282
4194304 128 689.339 689.339 689.339 1557.6397447409765 1557.6397447409765 1557.6397447409765 97.35248404631103 97.35248404631103 97.35248404631103
4194304 256 1211.743 1211.743 1211.743 1772.2269887261575 1772.2269887261575 1772.2269887261575 110.76418679538484 110.76418679538484 110.76418679538484
4194304 512 2355.094 2355.094 2355.094 1823.6925133349243 1823.6925133349243 1823.6925133349243 113.98078208343277 113.98078208343277 113.98078208343277

8388608 1 550.292 550.292 550.292 30.487842817994807 30.487842817994807 30.487842817994807 1.9054901761246754 1.9054901761246754 1.9054901761246754
8388608 2 806.651 806.651 806.651 41.5972111855065 41.5972111855065 41.5972111855065 2.5998256990941564 2.5998256990941564 2.5998256990941564
8388608 4 592.557 592.557 592.557 113.25301025892867 113.25301025892867 113.25301025892867 7.078313141183042 7.078313141183042 7.078313141183042
8388608 8 515.145 515.145 515.145 260.5435906395287 260.5435906395287 260.5435906395287 16.283974414970544 16.283974414970544 16.283974414970544
8388608 16 511.151 511.151 511.151 525.1588199964394 525.1588199964394 525.1588199964394 32.822426249777465 32.822426249777465 32.822426249777465
8388608 32 633.266 633.266 633.266 847.7810461954377 847.7810461954377 847.7810461954377 52.98631538721486 52.98631538721486 52.98631538721486
8388608 64 921.825 921.825 921.825 1164.8000694274945 1164.8000694274945 1164.8000694274945 72.8000043392184 72.8000043392184 72.8000043392184
8388608 128 1379.423 1379.423 1379.423 1556.7984932830611 1556.7984932830611 1556.7984932830611 97.29990583019132 97.29990583019132 97.29990583019132
8388608 256 2482.838 2482.838 2482.838 1729.8620755764168 1729.8620755764168 1729.8620755764168 108.11637972352605 108.11637972352605 108.11637972352605

16777216 1 991.605 991.605 991.605 33.83850626005315 33.83850626005315 33.83850626005315 2.114906641253322 2.114906641253322 2.114906641253322
16777216 2 1784.426 1784.426 1784.426 37.60809582465174 37.60809582465174 37.60809582465174 2.350505989040734 2.350505989040734 2.350505989040734
16777216 4 1795.858 1795.858 1795.858 74.73738346795794 74.73738346795794 74.73738346795794 4.671086466747371 4.671086466747371 4.671086466747371
16777216 8 1657.265 1657.265 1657.265 161.97497443076395 161.97497443076395 161.97497443076395 10.123435901922747 10.123435901922747 10.123435901922747
16777216 16 1697.758 1697.758 1697.758 316.2234617654578 316.2234617654578 316.2234617654578 19.76396636034111 19.76396636034111 19.76396636034111
16777216 32 1823.98 1823.98 1823.98 588.6807004462769 588.6807004462769 588.6807004462769 36.792543777892305 36.792543777892305 36.792543777892305
16777216 64 2274.479 2274.479 2274.479 944.1650804425982 944.1650804425982 944.1650804425982 59.01031752766239 59.01031752766239 59.01031752766239
16777216 128 3112.518 3112.518 3112.518 1379.901191254155 1379.901191254155 1379.901191254155 86.24382445338469 86.24382445338469 86.24382445338469

33554432 1 1970.165 1970.165 1970.165 34.06256024241625 34.06256024241625 34.06256024241625 2.1289100151510154 2.1289100151510154 2.1289100151510154
33554432 2 3608.487 3608.487 3608.487 37.195014974420026 37.195014974420026 37.195014974420026 2.3246884359012516 2.3246884359012516 2.3246884359012516
33554432 4 4099.378 4099.378 4099.378 65.48199653703563 65.48199653703563 65.48199653703563 4.092624783564727 4.092624783564727 4.092624783564727
33554432 8 4431.823 4431.823 4431.823 121.1399715196207 121.1399715196207 121.1399715196207 7.571248219976294 7.571248219976294 7.571248219976294
33554432 16 4911.183 4911.183 4911.183 218.63201269429382 218.63201269429382 218.63201269429382 13.664500793393364 13.664500793393364 13.664500793393364
33554432 32 4521.531 4521.531 4521.531 474.9461295300199 474.9461295300199 474.9461295300199 29.684133095626244 29.684133095626244 29.684133095626244
33554432 64 5728.805 5728.805 5728.805 749.714346360192 749.714346360192 749.714346360192 46.857146647512 46.857146647512 46.857146647512

67108864 1 3792.823 3792.823 3792.823 35.387290153007406 35.387290153007406 35.387290153007406 2.211705634562963 2.211705634562963 2.211705634562963
67108864 2 7374.691 7374.691 7374.691 36.39955301178043 36.39955301178043 36.39955301178043 2.2749720632362767 2.2749720632362767 2.2749720632362767
67108864 4 7312.73 7312.73 7312.73 73.41593522528522 73.41593522528522 73.41593522528522 4.5884959515803265 4.5884959515803265 4.5884959515803265
67108864 8 8049.447 8049.447 8049.447 133.3932410512176 133.3932410512176 133.3932410512176 8.3370775657011 8.3370775657011 8.3370775657011
67108864 16 8025.469 8025.469 8025.469 267.5835702561433 267.5835702561433 267.5835702561433 16.723973141008955 16.723973141008955 16.723973141008955
67108864 32 8954.337 8954.337 8954.337 479.6521837406835 479.6521837406835 479.6521837406835 29.978261483792718 29.978261483792718 29.978261483792718

134217728 1 7838.604 7838.604 7838.604 34.24531408909035 34.24531408909035 34.24531408909035 2.140332130568147 2.140332130568147 2.140332130568147
134217728 2 14752.054 14752.054 14752.054 36.392960058307814 36.392960058307814 36.392960058307814 2.2745600036442384 2.2745600036442384 2.2745600036442384
134217728 4 14994.853 14994.853 14994.853 71.60735913849906 71.60735913849906 71.60735913849906 4.4754599461561915 4.4754599461561915 4.4754599461561915
134217728 8 15569.702 15569.702 15569.702 137.9270873649348 137.9270873649348 137.9270873649348 8.620442960308425 8.620442960308425 8.620442960308425
134217728 16 16847.103 16847.103 16847.103 254.93803272883181 254.93803272883181 254.93803272883181 15.933627045551988 15.933627045551988 15.933627045551988

268435456 1 15487.381 15487.381 15487.381 34.66505485982427 34.66505485982427 34.66505485982427 2.1665659287390167 2.1665659287390167 2.1665659287390167
268435456 2 31756.523 31756.523 31756.523 33.81169355347876 33.81169355347876 33.81169355347876 2.1132308470924226 2.1132308470924226 2.1132308470924226
268435456 4 33436.169 33436.169 33436.169 64.22636660318352 64.22636660318352 64.22636660318352 4.01414791269897 4.01414791269897 4.01414791269897
268435456 8 33250.56 33250.56 33250.56 129.16977326096165 129.16977326096165 129.16977326096165 8.073110828810103 8.073110828810103 8.073110828810103

536870912 1 35537.549 35537.549 35537.549 30.214290355252132 30.214290355252132 30.214290355252132 1.8883931472032582 1.8883931472032582 1.8883931472032582
536870912 2 75770.52 75770.52 75770.52 28.341941536101373 28.341941536101373 28.341941536101373 1.7713713460063358 1.7713713460063358 1.7713713460063358
536870912 4 74167.22 74167.22 74167.22 57.90923936477597 57.90923936477597 57.90923936477597 3.619327460298498 3.619327460298498 3.619327460298498

1073741824 1 74864.538 74864.538 74864.538 28.6849248705709 28.6849248705709 28.6849248705709 1.7928078044106812 1.7928078044106812 1.7928078044106812
1073741824 2 150967.658 150967.658 150967.658 28.449585513209723 28.449585513209723 28.449585513209723 1.7780990945756077 1.7780990945756077 1.7780990945756077

2147483648 1 136096.74 136096.74 136096.74 31.558193796559717 31.558193796559717 31.558193796559717 1.9723871122849823 1.9723871122849823 1.9723871122849823

META_DATA
FLOPS          1
OPENMP_THREADS 1
ERT_VERSION  1.1.0
HOSTNAME  ('areeba-vm', [], ['127.0.1.1'])
UNAME  uname_result(system='Linux', node='areeba-vm', release='6.17.0-23-generic', version='#23~24.04.1-Ubuntu SMP PREEMPT_DYNAMIC Tue Apr 14 16:11:48 UTC 2', machine='x86_64')
TIMESTAMP_DATA  1778236592.7161233
CONFIG  {'ERT_RESULTS': ['roofline/mylaptop/Results'], 'ERT_DRIVER': ['driver1'], 'ERT_KERNEL': ['kernel1'], 'ERT_MPI': ['False'], 'ERT_MPI_CFLAGS': [], 'ERT_MPI_LDFLAGS': [], 'ERT_MPI_PROCS': ['1'], 'ERT_OPENMP': ['True'], 'ERT_OPENMP_CFLAGS': ['-fopenmp'], 'ERT_OPENMP_LDFLAGS': ['-fopenmp'], 'ERT_OPENMP_THREADS': ['1,2,4'], 'ERT_GPU': ['False'], 'ERT_GPU_CFLAGS': [], 'ERT_GPU_LDFLAGS': [], 'ERT_GPU_BLOCKS': ['1'], 'ERT_GPU_THREADS': ['1'], 'ERT_HIP': ['False'], 'ERT_OCL': ['False'], 'ERT_SYCL': ['False'], 'ERT_FLOPS': ['1,2,4,8'], 'ERT_ALIGN': ['32'], 'ERT_CC': ['g++'], 'ERT_CFLAGS': ['-O3', '-march=native', '-mavx2', '-mfma', '-ffast-math'], 'ERT_LD': ['g++'], 'ERT_LDFLAGS': [], 'ERT_LDLIBS': [], 'ERT_PRECISION': ['FP64'], 'ERT_PROCS_THREADS': ['6'], 'ERT_BLOCKS_THREADS': ['1'], 'ERT_WORKING_SET_MIN': ['1'], 'ERT_MEMORY_MAX': ['2147483648'], 'ERT_WSS_MULT': ['2.0'], 'ERT_TRIALS_MIN': ['1'], 'ERT_NUM_EXPERIMENTS': ['1'], 'ERT_RUN': ['OMP_NUM_THREADS=ERT_OPENMP_THREADS', './ERT_CODE'], 'ERT_GNUPLOT': ['False']}
