fp64
           8            1           1.607           16            1
           8            2           0.509           32            2
           8            4           0.509           64            4
           8            8           0.484          128            8
           8           16           0.471          256           16
           8           32           0.477          512           32
           8           64           0.477         1024           64
           8          128           0.471         2048          128
           8          256           0.482         4096          256
           8          512           0.513         8192          512
           8         1024           0.564        16384         1024
           8         2048           0.676        32768         2048
           8         4096           0.897        65536         4096
           8         8192           1.346       131072         8192
           8        16384           2.235       262144        16384
           8        32768           4.026       524288        32768
           8        65536           7.605      1048576        65536
           8       131072          42.394      2097152       131072
           8       262144          29.018      4194304       262144
           8       524288          57.566      8388608       524288
           8      1048576         114.681     16777216      1048576
           8      2097152         229.715     33554432      2097152
           8      4194304         452.012     67108864      4194304
           8      8388608        1104.152    134217728      8388608
           8     16777216        1963.096    268435456     16777216
           8     33554432        4802.119    536870912     33554432
           8     67108864        9939.926   1073741824     67108864
           8    134217728       22427.115   2147483648    134217728
           8    268435456       43130.704   4294967296    268435456
          16            1           1.093           32            2
          16            2           0.480           64            4
          16            4           0.477          128            8
          16            8           0.482          256           16
          16           16           0.482          512           32
          16           32           0.474         1024           64
          16           64           0.477         2048          128
          16          128           0.470         4096          256
          16          256           0.493         8192          512
          16          512           0.519        16384         1024
          16         1024           0.578        32768         2048
          16         2048           0.688        65536         4096
          16         4096           0.916       131072         8192
          16         8192           1.376       262144        16384
          16        16384           2.290       524288        32768
          16        32768           4.119      1048576        65536
          16        65536           7.768      2097152       131072
          16       131072          15.976      4194304       262144
          16       262144          30.997      8388608       524288
          16       524288          57.552     16777216      1048576
          16      1048576         120.895     33554432      2097152
          16      2097152         228.882     67108864      4194304
          16      4194304         458.950    134217728      8388608
          16      8388608         940.884    268435456     16777216
          16     16777216        2243.468    536870912     33554432
          16     33554432        4505.606   1073741824     67108864
          16     67108864       10295.551   2147483648    134217728
          16    134217728       21915.381   4294967296    268435456
          32            1           1.337           64            4
          32            2           0.470          128            8
          32            4           0.498          256           16
          32            8           0.477          512           32
          32           16           0.509         1024           64
          32           32           0.499         2048          128
          32           64           0.478         4096          256
          32          128           0.490         8192          512
          32          256           0.517        16384         1024
          32          512           0.574        32768         2048
          32         1024           0.689        65536         4096
          32         2048           0.916       131072         8192
          32         4096           1.369       262144        16384
          32         8192           2.280       524288        32768
          32        16384           4.099      1048576        65536
          32        32768           7.762      2097152       131072
          32        65536          15.065      4194304       262144
          32       131072          29.646      8388608       524288
          32       262144          59.614     16777216      1048576
          32       524288         117.247     33554432      2097152
          32      1048576         239.351     67108864      4194304
          32      2097152         463.464    134217728      8388608
          32      4194304        1031.367    268435456     16777216
          32      8388608        2114.984    536870912     33554432
          32     16777216        4288.306   1073741824     67108864
          32     33554432        8360.016   2147483648    134217728
          32     67108864       16445.925   4294967296    268435456
          64            1           1.453          128            8
          64            2           0.643          256           16
          64            4           0.486          512           32
          64            8           0.483         1024           64
          64           16           0.483         2048          128
          64           32           0.487         4096          256
          64           64           0.488         8192          512
          64          128           0.485        16384         1024
          64          256           0.518        32768         2048
          64          512           0.573        65536         4096
          64         1024           0.685       131072         8192
          64         2048           0.914       262144        16384
          64         4096           1.366       524288        32768
          64         8192           2.280      1048576        65536
          64        16384           4.111      2097152       131072
          64        32768           7.769      4194304       262144
          64        65536          15.039      8388608       524288
          64       131072          29.646     16777216      1048576
          64       262144          58.839     33554432      2097152
          64       524288         117.201     67108864      4194304
          64      1048576         242.762    134217728      8388608
          64      2097152         459.442    268435456     16777216
          64      4194304        1042.223    536870912     33554432
          64      8388608        2125.119   1073741824     67108864
          64     16777216        4415.153   2147483648    134217728
          64     33554432        8809.877   4294967296    268435456
         128            1           1.206          256           16
         128            2           0.521          512           32
         128            4           0.493         1024           64
         128            8           0.569         2048          128
         128           16           0.480         4096          256
         128           32           0.498         8192          512
         128           64           0.491        16384         1024
         128          128           0.499        32768         2048
         128          256           0.534        65536         4096
         128          512           0.610       131072         8192
         128         1024           0.746       262144        16384
         128         2048           1.155       524288        32768
         128         4096           1.638      1048576        65536
         128         8192           2.745      2097152       131072
         128        16384           5.018      4194304       262144
         128        32768           9.588      8388608       524288
         128        65536          24.321     16777216      1048576
         128       131072          37.389     33554432      2097152
         128       262144          74.136     67108864      4194304
         128       524288         146.433    134217728      8388608
         128      1048576         286.257    268435456     16777216
         128      2097152         602.637    536870912     33554432
         128      4194304        1290.377   1073741824     67108864
         128      8388608        2663.668   2147483648    134217728
         128     16777216        5419.698   4294967296    268435456
         256            1           1.371          512           32
         256            2           0.577         1024           64
         256            4           0.559         2048          128
         256            8           0.556         4096          256
         256           16           0.539         8192          512
         256           32           0.551        16384         1024
         256           64           0.552        32768         2048
         256          128           0.572        65536         4096
         256          256           0.621       131072         8192
         256          512           0.730       262144        16384
         256         1024           0.948       524288        32768
         256         2048           1.389      1048576        65536
         256         4096           2.260      2097152       131072
         256         8192           4.018      4194304       262144
         256        16384           7.528      8388608       524288
         256        32768          14.508     16777216      1048576
         256        65536          28.541     33554432      2097152
         256       131072          57.385     67108864      4194304
         256       262144         115.451    134217728      8388608
         256       524288         230.377    268435456     16777216
         256      1048576         525.025    536870912     33554432
         256      2097152         982.006   1073741824     67108864
         256      4194304        2221.749   2147483648    134217728
         256      8388608        4891.445   4294967296    268435456
         512            1           1.334         1024           64
         512            2           0.654         2048          128
         512            4           0.644         4096          256
         512            8           0.676         8192          512
         512           16           0.636        16384         1024
         512           32           0.625        32768         2048
         512           64           0.637        65536         4096
         512          128           0.686       131072         8192
         512          256           0.780       262144        16384
         512          512           0.976       524288        32768
         512         1024           1.368      1048576        65536
         512         2048           2.149      2097152       131072
         512         4096           3.724      4194304       262144
         512         8192           6.865      8388608       524288
         512        16384          13.125     16777216      1048576
         512        32768          25.678     33554432      2097152
         512        65536          50.756     67108864      4194304
         512       131072         100.897    134217728      8388608
         512       262144         203.482    268435456     16777216
         512       524288         412.277    536870912     33554432
         512      1048576         813.954   1073741824     67108864
         512      2097152        1748.606   2147483648    134217728
         512      4194304        3474.860   4294967296    268435456
        1024            1           1.309         2048          128
        1024            2           0.503         4096          256
        1024            4           0.503         8192          512
        1024            8           0.502        16384         1024
        1024           16           0.491        32768         2048
        1024           32           0.514        65536         4096
        1024           64           0.579       131072         8192
        1024          128           0.699       262144        16384
        1024          256           0.977       524288        32768
        1024          512           1.502      1048576        65536
        1024         1024           2.603      2097152       131072
        1024         2048           4.727      4194304       262144
        1024         4096           9.033      8388608       524288
        1024         8192          17.587     16777216      1048576
        1024        16384          34.735     33554432      2097152
        1024        32768          74.651     67108864      4194304
        1024        65536         216.228    134217728      8388608
        1024       131072         545.795    268435456     16777216
        1024       262144         880.019    536870912     33554432
        1024       524288        1687.818   1073741824     67108864
        1024      1048576        3604.502   2147483648    134217728
        1024      2097152        7719.207   4294967296    268435456
        2048            1           1.426         4096          256
        2048            2           0.493         8192          512
        2048            4           0.547        16384         1024
        2048            8           0.533        32768         2048
        2048           16           0.542        65536         4096
        2048           32           0.610       131072         8192
        2048           64           0.712       262144        16384
        2048          128           0.965       524288        32768
        2048          256           1.435      1048576        65536
        2048          512           2.451      2097152       131072
        2048         1024           4.350      4194304       262144
        2048         2048           8.209      8388608       524288
        2048         4096          15.967     16777216      1048576
        2048         8192          31.427     33554432      2097152
        2048        16384          62.358     67108864      4194304
        2048        32768         125.888    134217728      8388608
        2048        65536         278.723    268435456     16777216
        2048       131072         538.471    536870912     33554432
        2048       262144        1133.220   1073741824     67108864
        2048       524288        2416.319   2147483648    134217728
        2048      1048576        4808.680   4294967296    268435456
        4096            1           2.234         8192          512
        4096            2           0.649        16384         1024
        4096            4           0.737        32768         2048
        4096            8           0.646        65536         4096
        4096           16           0.685       131072         8192
        4096           32           0.822       262144        16384
        4096           64           1.087       524288        32768
        4096          128           1.650      1048576        65536
        4096          256           2.771      2097152       131072
        4096          512           4.991      4194304       262144
        4096         1024           9.455      8388608       524288
        4096         2048          18.433     16777216      1048576
        4096         4096          36.818     33554432      2097152
        4096         8192          70.382     67108864      4194304
        4096        16384         140.388    134217728      8388608
        4096        32768         284.674    268435456     16777216
        4096        65536         585.648    536870912     33554432
        4096       131072        1218.392   1073741824     67108864
        4096       262144        2534.790   2147483648    134217728
        4096       524288        4972.289   4294967296    268435456
        8192            1           2.399        16384         1024
        8192            2           0.644        32768         2048
        8192            4           0.714        65536         4096
        8192            8           0.735       131072         8192
        8192           16           0.811       262144        16384
        8192           32           0.992       524288        32768
        8192           64           1.372      1048576        65536
        8192          128           2.136      2097152       131072
        8192          256           3.671      4194304       262144
        8192          512           6.733      8388608       524288
        8192         1024          12.850     16777216      1048576
        8192         2048          24.991     33554432      2097152
        8192         4096          50.272     67108864      4194304
        8192         8192         105.646    134217728      8388608
        8192        16384         213.572    268435456     16777216
        8192        32768         398.084    536870912     33554432
        8192        65536         839.567   1073741824     67108864
        8192       131072        1799.484   2147483648    134217728
        8192       262144        3489.126   4294967296    268435456
       16384            1           3.030        32768         2048
       16384            2           0.819        65536         4096
       16384            4           0.867       131072         8192
       16384            8           0.923       262144        16384
       16384           16           1.064       524288        32768
       16384           32           1.347      1048576        65536
       16384           64           1.933      2097152       131072
       16384          128           3.120      4194304       262144
       16384          256           5.487      8388608       524288
       16384          512          10.263     16777216      1048576
       16384         1024          19.774     33554432      2097152
       16384         2048          38.477     67108864      4194304
       16384         4096          82.023    134217728      8388608
       16384         8192         155.459    268435456     16777216
       16384        16384         316.756    536870912     33554432
       16384        32768         638.814   1073741824     67108864
       16384        65536        1380.418   2147483648    134217728
       16384       131072        2748.039   4294967296    268435456
       32768            1           3.949        65536         4096
       32768            2           1.220       131072         8192
       32768            4           1.301       262144        16384
       32768            8           1.377       524288        32768
       32768           16           1.632      1048576        65536
       32768           32           2.128      2097152       131072
       32768           64           3.144      4194304       262144
       32768          128           5.161      8388608       524288
       32768          256           9.185     16777216      1048576
       32768          512          17.352     33554432      2097152
       32768         1024          33.473     67108864      4194304
       32768         2048          65.817    134217728      8388608
       32768         4096         132.546    268435456     16777216
       32768         8192         278.775    536870912     33554432
       32768        16384         550.060   1073741824     67108864
       32768        32768        1188.847   2147483648    134217728
       32768        65536        2490.070   4294967296    268435456
       65536            1           7.411       131072         8192
       65536            2           2.499       262144        16384
       65536            4           2.634       524288        32768
       65536            8           2.833      1048576        65536
       65536           16           3.304      2097152       131072
       65536           32           4.303      4194304       262144
       65536           64           6.234      8388608       524288
       65536          128          10.184     16777216      1048576
       65536          256          17.993     33554432      2097152
       65536          512          33.608     67108864      4194304
       65536         1024          64.793    134217728      8388608
       65536         2048         127.321    268435456     16777216
       65536         4096         258.686    536870912     33554432
       65536         8192         522.652   1073741824     67108864
       65536        16384        1126.109   2147483648    134217728
       65536        32768        2315.087   4294967296    268435456
      131072            1          11.466       262144        16384
      131072            2           4.403       524288        32768
      131072            4           4.526      1048576        65536
      131072            8           4.953      2097152       131072
      131072           16           5.854      4194304       262144
      131072           32           7.699      8388608       524288
      131072           64          11.364     16777216      1048576
      131072          128          18.645     33554432      2097152
      131072          256          33.285     67108864      4194304
      131072          512          62.535    134217728      8388608
      131072         1024         121.093    268435456     16777216
      131072         2048         238.038    536870912     33554432
      131072         4096         488.253   1073741824     67108864
      131072         8192        1038.585   2147483648    134217728
      131072        16384        2133.409   4294967296    268435456
      262144            1          20.396       524288        32768
      262144            2           7.859      1048576        65536
      262144            4           8.329      2097152       131072
      262144            8           9.181      4194304       262144
      262144           16          11.086      8388608       524288
      262144           32          14.401     16777216      1048576
      262144           64          21.412     33554432      2097152
      262144          128          35.433     67108864      4194304
      262144          256          63.455    134217728      8388608
      262144          512         124.102    268435456     16777216
      262144         1024         236.548    536870912     33554432
      262144         2048         460.883   1073741824     67108864
      262144         4096         940.444   2147483648    134217728
      262144         8192        1953.529   4294967296    268435456
      524288            1          41.156      1048576        65536
      524288            2          28.693      2097152       131072
      524288            4          16.542      4194304       262144
      524288            8          18.177      8388608       524288
      524288           16          21.681     16777216      1048576
      524288           32          28.770     33554432      2097152
      524288           64          42.945     67108864      4194304
      524288          128          71.184    134217728      8388608
      524288          256         127.771    268435456     16777216
      524288          512         245.759    536870912     33554432
      524288         1024         484.577   1073741824     67108864
      524288         2048         994.065   2147483648    134217728
      524288         4096        3054.718   4294967296    268435456
     1048576            1          79.532      2097152       131072
     1048576            2          31.421      4194304       262144
     1048576            4          32.331      8388608       524288
     1048576            8          35.851     16777216      1048576
     1048576           16          48.777     33554432      2097152
     1048576           32          57.825     67108864      4194304
     1048576           64         134.410    134217728      8388608
     1048576          128         144.454    268435456     16777216
     1048576          256         260.936    536870912     33554432
     1048576          512         523.500   1073741824     67108864
     1048576         1024        1053.084   2147483648    134217728
     1048576         2048        1922.119   4294967296    268435456
     2097152            1         152.299      4194304       262144
     2097152            2         135.307      8388608       524288
     2097152            4         107.033     16777216      1048576
     2097152            8         120.965     33554432      2097152
     2097152           16         137.199     67108864      4194304
     2097152           32         159.809    134217728      8388608
     2097152           64         199.337    268435456     16777216
     2097152          128         317.763    536870912     33554432
     2097152          256         572.781   1073741824     67108864
     2097152          512        1085.638   2147483648    134217728
     2097152         1024        2150.868   4294967296    268435456
     4194304            1         285.690      8388608       524288
     4194304            2         373.987     16777216      1048576
     4194304            4         260.064     33554432      2097152
     4194304            8         276.089     67108864      4194304
     4194304           16         303.543    134217728      8388608
     4194304           32         369.890    268435456     16777216
     4194304           64         491.912    536870912     33554432
     4194304          128         689.339   1073741824     67108864
     4194304          256        1211.743   2147483648    134217728
     4194304          512        2355.094   4294967296    268435456
     8388608            1         550.292     16777216      1048576
     8388608            2         806.651     33554432      2097152
     8388608            4         592.557     67108864      4194304
     8388608            8         515.145    134217728      8388608
     8388608           16         511.151    268435456     16777216
     8388608           32         633.266    536870912     33554432
     8388608           64         921.825   1073741824     67108864
     8388608          128        1379.423   2147483648    134217728
     8388608          256        2482.838   4294967296    268435456
    16777216            1         991.605     33554432      2097152
    16777216            2        1784.426     67108864      4194304
    16777216            4        1795.858    134217728      8388608
    16777216            8        1657.265    268435456     16777216
    16777216           16        1697.758    536870912     33554432
    16777216           32        1823.980   1073741824     67108864
    16777216           64        2274.479   2147483648    134217728
    16777216          128        3112.518   4294967296    268435456
    33554432            1        1970.165     67108864      4194304
    33554432            2        3608.487    134217728      8388608
    33554432            4        4099.378    268435456     16777216
    33554432            8        4431.823    536870912     33554432
    33554432           16        4911.183   1073741824     67108864
    33554432           32        4521.531   2147483648    134217728
    33554432           64        5728.805   4294967296    268435456
    67108864            1        3792.823    134217728      8388608
    67108864            2        7374.691    268435456     16777216
    67108864            4        7312.730    536870912     33554432
    67108864            8        8049.447   1073741824     67108864
    67108864           16        8025.469   2147483648    134217728
    67108864           32        8954.337   4294967296    268435456
   134217728            1        7838.604    268435456     16777216
   134217728            2       14752.054    536870912     33554432
   134217728            4       14994.853   1073741824     67108864
   134217728            8       15569.702   2147483648    134217728
   134217728           16       16847.103   4294967296    268435456
   268435456            1       15487.381    536870912     33554432
   268435456            2       31756.523   1073741824     67108864
   268435456            4       33436.169   2147483648    134217728
   268435456            8       33250.560   4294967296    268435456
   536870912            1       35537.549   1073741824     67108864
   536870912            2       75770.520   2147483648    134217728
   536870912            4       74167.220   4294967296    268435456
  1073741824            1       74864.538   2147483648    134217728
  1073741824            2      150967.658   4294967296    268435456
  2147483648            1      136096.740   4294967296    268435456

META_DATA
FLOPS          1
OPENMP_THREADS 1
ERT_VERSION  1.1.0
HOSTNAME  ('areeba-vm', [], ['127.0.1.1'])
UNAME  uname_result(system='Linux', node='areeba-vm', release='6.17.0-23-generic', version='#23~24.04.1-Ubuntu SMP PREEMPT_DYNAMIC Tue Apr 14 16:11:48 UTC 2', machine='x86_64')
TIMESTAMP_DATA  1778236592.7161233
CONFIG  {'ERT_RESULTS': ['roofline/mylaptop/Results'], 'ERT_DRIVER': ['driver1'], 'ERT_KERNEL': ['kernel1'], 'ERT_MPI': ['False'], 'ERT_MPI_CFLAGS': [], 'ERT_MPI_LDFLAGS': [], 'ERT_MPI_PROCS': ['1'], 'ERT_OPENMP': ['True'], 'ERT_OPENMP_CFLAGS': ['-fopenmp'], 'ERT_OPENMP_LDFLAGS': ['-fopenmp'], 'ERT_OPENMP_THREADS': ['1,2,4'], 'ERT_GPU': ['False'], 'ERT_GPU_CFLAGS': [], 'ERT_GPU_LDFLAGS': [], 'ERT_GPU_BLOCKS': ['1'], 'ERT_GPU_THREADS': ['1'], 'ERT_HIP': ['False'], 'ERT_OCL': ['False'], 'ERT_SYCL': ['False'], 'ERT_FLOPS': ['1,2,4,8'], 'ERT_ALIGN': ['32'], 'ERT_CC': ['g++'], 'ERT_CFLAGS': ['-O3', '-march=native', '-mavx2', '-mfma', '-ffast-math'], 'ERT_LD': ['g++'], 'ERT_LDFLAGS': [], 'ERT_LDLIBS': [], 'ERT_PRECISION': ['FP64'], 'ERT_PROCS_THREADS': ['6'], 'ERT_BLOCKS_THREADS': ['1'], 'ERT_WORKING_SET_MIN': ['1'], 'ERT_MEMORY_MAX': ['2147483648'], 'ERT_WSS_MULT': ['2.0'], 'ERT_TRIALS_MIN': ['1'], 'ERT_NUM_EXPERIMENTS': ['1'], 'ERT_RUN': ['OMP_NUM_THREADS=ERT_OPENMP_THREADS', './ERT_CODE'], 'ERT_GNUPLOT': ['False']}
