fp64
 16 33554432 14385.697 25298.354 25794.089 41.627437355899644 42.44314962151293 74.63954120540701 2.6017148347437278 2.652696851344558 4.664971325337938
 32 16777216 6560.467 10734.63 12935.621 83.00659272562176 100.02597425342096 163.66850469638825 5.18791204535136 6.25162339083881 10.229281543524266
 64 8388608 4869.727 5669.224 9962.28 107.78073131853351 189.39837692072143 220.49322764910642 6.7362957074083445 11.83739855754509 13.780826728069151
 128 4194304 2911.182 3592.107 4030.177 266.425475605662 298.9169932855564 368.8336297764963 16.651592225353873 18.682312080347273 23.05210186103102
 256 2097152 3195.469 3258.851 4111.537 261.1533895961535 329.4847858953969 336.0201034652503 16.322086849759593 20.592799118462306 21.001256466578145
 512 1048576 1272.831 2432.792 2531.674 424.1232575758175 441.3619512066794 843.5855380643621 26.507703598488593 27.585121950417463 52.724096129022634
 1024 524288 1102.5 2671.004 3064.695 350.3584611192957 401.99933208636156 973.9154866213153 21.897403819955983 25.124958255397598 60.869717913832204
 2048 262144 1999.51 2501.565 12295.075 87.331051172929 429.22803285143505 537.0024776070138 5.458190698308062 26.82675205321469 33.56265485043836
 4096 131072 2394.005 2473.489 4298.674 249.78442747693828 434.1001007079474 448.5127742005551 15.611526717308642 27.13125629424671 28.032048387534694
 8192 65536 1878.861 2361.389 2441.763 439.7403941332554 454.7077266812033 571.4855031851744 27.483774633328462 28.419232917575208 35.7178439490734
 16384 32768 936.323 1357.792 1988.207 540.0553483616143 790.7999340105114 1146.7643366658729 33.75345927260089 49.42499587565696 71.67277104161705
 32768 16384 1199.364 1467.914 3640.17 294.9702414997102 731.474612272926 895.2593407839488 18.435640093731887 45.71716326705788 55.9537087989968
 65536 8192 1083.115 1516.659 5001.204 214.69666584286506 707.9652209230948 991.3460934434479 13.418541615179066 44.24782630769342 61.959130840215494
 131072 4096 1031.355 1149.805 1212.457 885.5916737665748 933.8468905597036 1041.098190244872 55.349479610410924 58.36543065998148 65.0686368903045
 262144 2048 918.565 1080.461 1274.567 842.4365482552114 993.781195249065 1168.9339611241446 52.65228426595071 62.111324703066565 73.05837257025904
 524288 1024 1073.85 1670.228 1850.556 580.2266043286451 642.8714067779968 999.8992633980539 36.26416277054032 40.1794629236248 62.49370396237837
 1048576 512 842.683 1065.648 1595.591 672.9430186056452 1007.5952134288246 1274.1942391148273 42.058938662852825 62.97470083930154 79.6371399446767
 2097152 256 1387.438 1510.787 1778.945 603.5834857176586 710.7168806721265 773.9025628532589 37.723967857353664 44.41980504200791 48.36891017832868
 4194304 128 1908.759 2516.409 3723.093 288.40048422104957 426.6960672927175 562.5339940767798 18.025030263815598 26.668504205794843 35.158374629798736
 8388608 64 4167.418 4248.67 4474.69 239.9589298923501 252.72422287445247 257.6515780274501 14.997433118271882 15.795263929653279 16.103223626715632
 16777216 32 8371.72 9927.527 13797.639 77.82069265618561 108.15803613528324 128.25821026025716 4.863793291011601 6.7598772584552025 8.016138141266072
 33554432 16 15503.108 17172.421 17680.311 60.73093533252894 62.52710808802092 69.25977836186138 3.7956834582830585 3.9079442555013073 4.328736147616336
 67108864 8 30331.147 34568.536 35413.077 30.320489349174608 31.061246678193147 35.400633678640645 1.895030584323413 1.9413279173870717 2.2125396049150403
 134217728 4 68743.973 70941.99 73780.539 14.553184871690894 15.135490617052044 15.619432179167184 0.9095740544806808 0.9459681635657528 0.976214511197949
 268435456 2 125027.65 128199.605 131743.105 8.150269602344654 8.37554705414264 8.58803491867599 0.5093918501465409 0.523471690883915 0.5367521824172494
 536870912 1 118370.364 123945.589 138431.922 7.756461143405928 8.663009572692417 9.07103592247127 0.4847788214628705 0.541438098293276 0.5669397451544543
 
META_DATA
 FLOPS          1
 OPENMP_THREADS 2
 ERT_VERSION  1.1.0
 HOSTNAME  ('minahil-k', [], ['2404:3100:104b:39a1:7128:cd83:7620:4e0'])
 UNAME  uname_result(system='Linux', node='minahil-k', release='6.17.0-20-generic', version='#20~24.04.1-Ubuntu SMP PREEMPT_DYNAMIC Thu Mar 19 01:28:37 UTC 2', machine='x86_64')
 TIMESTAMP_DATA  1778178989.8754685
 CONFIG  {'ERT_RESULTS': ['Results'], 'ERT_DRIVER': ['driver1'], 'ERT_KERNEL': ['kernel1'], 'ERT_MPI': ['False'], 'ERT_MPI_CFLAGS': [], 'ERT_MPI_LDFLAGS': [], 'ERT_MPI_PROCS': ['1'], 'ERT_OPENMP': ['True'], 'ERT_OPENMP_CFLAGS': ['-fopenmp'], 'ERT_OPENMP_LDFLAGS': ['-fopenmp'], 'ERT_OPENMP_THREADS': ['1,2,4'], 'ERT_GPU': ['False'], 'ERT_GPU_CFLAGS': [], 'ERT_GPU_LDFLAGS': [], 'ERT_GPU_BLOCKS': ['1'], 'ERT_GPU_THREADS': ['1'], 'ERT_HIP': ['False'], 'ERT_OCL': ['False'], 'ERT_SYCL': ['False'], 'ERT_FLOPS': ['1,2,4,8,16'], 'ERT_ALIGN': ['32'], 'ERT_CC': ['g++'], 'ERT_CFLAGS': ['-O3', '-mavx2', '-march=native', '-ffast-math'], 'ERT_LD': ['g++'], 'ERT_LDFLAGS': [], 'ERT_LDLIBS': [], 'ERT_PRECISION': ['FP64'], 'ERT_PROCS_THREADS': ['4'], 'ERT_BLOCKS_THREADS': ['1'], 'ERT_WORKING_SET_MIN': ['1'], 'ERT_MEMORY_MAX': ['536870912'], 'ERT_WSS_MULT': ['2.0'], 'ERT_TRIALS_MIN': ['1'], 'ERT_NUM_EXPERIMENTS': ['3'], 'ERT_RUN': ['OMP_NUM_THREADS=ERT_OPENMP_THREADS', './ERT_CODE'], 'ERT_GNUPLOT': ['False']}
 TIMESTAMP_DATA  1778178994.9703689
 TIMESTAMP_DATA  1778178999.3181343
 