fp64

16 1 1.93 2.1 2.587 0.012369540007730962 0.015238095238095238 0.016580310880829018 0.0007730962504831851 0.0009523809523809524 0.0010362694300518136
16 2 0.992 1.06 2.115 0.03026004728132388 0.06037735849056604 0.06451612903225806 0.0018912529550827424 0.0037735849056603774 0.004032258064516129
16 4 0.841 0.921 1.403 0.09123307198859587 0.13897937024972856 0.1521997621878716 0.005702066999287242 0.008686210640608035 0.009512485136741975
16 8 0.803 0.839 0.905 0.2828729281767956 0.3051251489868892 0.31880448318804483 0.017679558011049725 0.019070321811680575 0.019925280199252802
16 16 0.813 0.869 0.899 0.5695216907675195 0.5891829689298045 0.6297662976629766 0.035595105672969966 0.03682393555811278 0.03936039360393604
16 32 0.811 0.84 0.881 1.1623155505107832 1.2190476190476192 1.2626387176325524 0.07264472190692395 0.0761904761904762 0.07891491985203453
16 64 0.826 0.846 0.887 2.3089064261555805 2.4208037825059106 2.4794188861985478 0.14430665163472378 0.1513002364066194 0.15496368038740924
16 128 0.857 0.866 0.929 4.409041980624328 4.729792147806005 4.7794632438739795 0.2755651237890205 0.29561200923787534 0.2987164527421237
16 256 0.926 0.933 0.934 8.770877944325482 8.780278670953912 8.846652267818575 0.5481798715203426 0.5487674169346195 0.5529157667386609
16 512 1.076 1.212 2.022 8.102868447082098 13.518151815181518 15.226765799256505 0.5064292779426312 0.8448844884488449 0.9516728624535316
16 1024 1.056 1.398 1.47 22.291156462585036 23.43919885550787 31.030303030303028 1.3931972789115648 1.4649499284692418 1.9393939393939392
16 2048 1.421 2.104 2.13 30.768075117370895 31.14828897338403 46.11963406052076 1.923004694835681 1.946768060836502 2.8824771287825475
16 4096 2.187 3.672 3.674 35.675557974959176 35.694989106753816 59.93232738911752 2.2297223734349485 2.2309368191721135 3.745770461819845
16 8192 3.701 6.712 6.771 38.71569930586324 39.05601907032182 70.83058632801945 2.4197312066164525 2.4410011918951136 4.426911645501216
16 16384 6.745 12.765 13.029 40.24007982193569 41.07230708969839 77.72987398072647 2.5150049888709805 2.5670191931061495 4.858117123795404
16 32768 12.827 25.099 25.789 40.65981620070573 41.77760070122316 81.74756373275123 2.541238512544108 2.6111000438264473 5.109222733296952
16 65536 25.003 49.29 49.721 42.17839544659199 42.54721038750254 83.87601487821462 2.6361497154119995 2.6592006492189086 5.242250929888414
16 131072 49.334 98.413 101.55 41.30284588872477 42.61941003729183 85.01852677666517 2.581427868045298 2.6637131273307393 5.313657923541573
16 262144 97.983 195.511 198.472 42.265951872304406 42.906066666325685 85.61289203229133 2.6416219920190254 2.6816291666453553 5.350805752018208
16 524288 195.307 392.883 393.535 42.63208100931302 42.70283010463675 85.90176491369998 2.6645050630820637 2.668926881539797 5.368860307106249
16 1048576 401.441 791.757 810.437 41.40288757793635 42.3797099362557 83.58496516300029 2.5876804736210217 2.6487318710159813 5.224060322687518
16 2097152 786.947 1587.567 2057.805 32.61186749959302 42.271516099792954 85.27748882707476 2.0382417187245636 2.6419697562370597 5.329843051692173
16 4194304 1817.441 3269.652 3565.543 37.6429979949758 41.04954533387651 73.84984051751887 2.3526873746859875 2.565596583367282 4.615615032344929
16 8388608 3512.789 6399.197 6434.237 41.719858314202604 41.94830320116728 76.41661824834911 2.6074911446376627 2.621768950072955 4.776038640521819
16 16777216 6417.182 12745.41 12763.732 42.06222067338926 42.12268667700764 83.66147508361148 2.628888792086829 2.6326679173129777 5.228842192725717
16 33554432 14385.697 25298.354 25794.089 41.627437355899644 42.44314962151293 74.63954120540701 2.6017148347437278 2.652696851344558 4.664971325337938

32 1 1.996 21.287 41.23 0.0015522677661896679 0.0030065298069244144 0.03206412825651303 9.701673538685424e-05 0.0001879081129327759 0.0020040080160320644
32 2 0.677 0.887 0.92 0.1391304347826087 0.14430665163472378 0.18906942392909898 0.008695652173913044 0.009019165727170236 0.011816838995568686
32 4 0.691 0.871 1.032 0.24806201550387597 0.2939150401836969 0.3704775687409552 0.015503875968992248 0.018369690011481057 0.0231548480463097
32 8 0.685 0.838 0.838 0.6109785202863962 0.6109785202863962 0.7474452554744526 0.03818615751789976 0.03818615751789976 0.04671532846715329
32 16 0.695 0.813 0.919 1.1142546245919478 1.2595325953259533 1.473381294964029 0.06964091403699674 0.07872078720787208 0.09208633093525181
32 32 0.679 0.812 0.946 2.1649048625792817 2.522167487684729 3.01620029455081 0.1353065539112051 0.15763546798029557 0.18851251840942562
32 64 0.711 0.827 0.828 4.946859903381643 4.952841596130593 5.760900140646977 0.3091787439613527 0.3095525997581621 0.36005625879043607
32 128 0.711 0.869 0.908 9.022026431718063 9.426927502876872 11.521800281293954 0.5638766519823789 0.5891829689298045 0.7201125175808721
32 256 0.752 0.909 0.921 17.789359391965256 18.024202420242027 21.787234042553195 1.1118349619978285 1.1265126512651267 1.3617021276595747
32 512 0.858 1.067 1.312 24.975609756097562 30.710402999062797 38.19114219114219 1.5609756097560976 1.9194001874414248 2.386946386946387
32 1024 1.044 1.195 1.405 46.64483985765124 54.841841004184104 62.77394636015325 2.9153024911032026 3.4276150627615065 3.9233716475095783
32 2048 1.426 1.919 2.163 60.597318539066116 68.30224075039082 91.91584852734924 3.7873324086916322 4.268890046899426 5.7447405329593275
32 4096 2.186 2.429 3.671 71.40942522473442 107.92260189378347 119.91948764867338 4.463089076545901 6.745162618361467 7.494967978042086
32 8192 3.702 4.043 6.68 78.4862275449102 129.67796190947317 141.62290653700703 4.905389221556887 8.104872619342073 8.85143165856294
32 16384 6.741 7.521 13.053 80.33218417222095 139.41975801090283 155.55199525292986 5.020761510763809 8.713734875681427 9.721999703308116
32 32768 12.833 18.696 25.229 83.12465813151533 112.1711596063329 163.41868619964154 5.195291133219708 7.010697475395807 10.213667887477596
32 65536 25.004 30.181 50.396 83.22692277164855 138.97167091878998 167.74532074868023 5.201682673228034 8.685729432424374 10.484082546792514
32 131072 58.574 70.844 100.283 83.6493523328979 118.40957596973635 143.21384914808618 5.228084520806119 7.400598498108522 8.950865571755386
32 262144 99.844 131.771 199.63 84.04155688022844 127.32100386276194 168.03429349785668 5.252597305014278 7.957562741422621 10.502143343616043
32 524288 195.321 271.554 413.385 81.1699311779576 123.56449177695782 171.79121548630204 5.07312069862235 7.722780736059864 10.736950967893877
32 1048576 402.448 588.352 836.629 80.21340881083492 114.06243881213967 166.75163996342388 5.0133380506771825 7.12890242575873 10.421977497713993
32 2097152 960.53 1497.741 1614.043 83.15622817979448 89.61344317876056 139.732989078946 5.197264261237155 5.600840198672535 8.733311817434124
32 4194304 1734.89 3039.334 3295.013 81.46719178346187 88.32048600120949 154.72765189723845 5.091699486466367 5.520030375075593 9.670478243577403
32 8388608 3169.012 5587.759 6549.029 81.97717738003603 96.07982591947864 169.41271033369392 5.123573586252252 6.004989119967415 10.58829439585587
32 16777216 6560.467 10734.63 12935.621 83.00659272562176 100.02597425342096 163.66850469638825 5.18791204535136 6.25162339083881 10.229281543524266

64 1 1.505 2.147 3.746 0.034169781099839834 0.05961807172799255 0.0850498338870432 0.0021356113187399896 0.0037261294829995344 0.0053156146179402
64 2 0.812 0.812 1.12 0.22857142857142856 0.31527093596059114 0.31527093596059114 0.014285714285714285 0.019704433497536946 0.019704433497536946
64 4 0.709 0.792 0.821 0.6236297198538369 0.6464646464646465 0.7221438645980254 0.038976857490864804 0.04040404040404041 0.045133991537376586
64 8 0.708 0.819 0.865 1.1838150289017342 1.2503052503052505 1.4463276836158194 0.07398843930635839 0.07814407814407816 0.09039548022598871
64 16 0.696 0.828 0.928 2.206896551724138 2.4734299516908216 2.9425287356321843 0.13793103448275862 0.15458937198067635 0.18390804597701152
64 32 0.75 0.857 0.886 4.623024830699775 4.7794632438739795 5.461333333333333 0.2889390519187359 0.2987164527421237 0.3413333333333333
64 64 0.706 0.894 0.903 9.071982281284608 9.16331096196868 11.603399433427763 0.566998892580288 0.5727069351230425 0.7252124645892352
64 128 0.741 0.911 0.922 17.77006507592191 17.98463227222832 22.110661268556008 1.1106290672451193 1.12403951701427 1.3819163292847505
64 256 0.818 1.069 1.802 18.1842397336293 30.65294667913939 40.058679706601474 1.1365149833518313 1.9158091674462119 2.503667481662592
64 512 0.954 0.965 1.234 53.10858995137764 67.91295336787566 68.69601677148849 3.3192868719611024 4.244559585492229 4.2935010482180305
64 1024 1.365 1.69 1.922 68.19562955254943 77.55739644970416 96.02344322344322 4.26222684703434 4.84733727810651 6.0014652014652015
64 2048 1.607 2.411 2.93 89.46894197952219 108.72832849440067 163.12632233976353 5.591808873720137 6.795520530900042 10.19539514623522
64 4096 3.565 4.196 5.23 100.24627151051624 124.94947569113442 147.06535764375877 6.265391969407265 7.8093422306959015 9.191584852734923
64 8192 6.526 7.429 9.748 107.56832170701685 141.14631848162605 160.67667790376956 6.723020106688553 8.821644905101628 10.042292368985597
64 16384 12.464 15.126 19.214 109.14708025398149 138.64551104059237 168.25673940949937 6.821692515873843 8.665344440037023 10.516046213093711
64 32768 27.423 27.825 37.871 110.75239629267777 150.738688230009 152.94840097728186 6.922024768292361 9.421168014375562 9.559275061080116
64 65536 43.219 45.017 74.676 112.33338689806632 186.34311482328897 194.0953747194521 7.020836681129145 11.64644467645556 12.130960919965757
64 131072 73.663 101.181 151.885 110.45999275767852 165.8138978662002 227.75634986356786 6.9037495473549075 10.363368616637512 14.234771866472991
64 262144 146.664 355.806 358.993 93.46820690097022 94.30541362427842 228.78437789778 5.8417629313106385 5.894088351517401 14.29902361861125
64 524288 313.294 457.085 613.54 109.37976986015583 146.81922180776007 214.20411498464702 6.8362356162597395 9.176201362985005 13.387757186540439
64 1048576 584.597 729.102 1354.357 99.10070092302104 184.086352801117 229.59017579631782 6.193793807688815 11.505397050069812 14.349385987269864
64 2097152 1204.524 1391.341 3250.303 82.58782519660475 192.93290142387815 222.85604603976347 5.161739074787797 12.058306338992384 13.928502877485217
64 4194304 2384.486 2655.198 4944.587 108.57750343961993 202.19618725232547 225.15163100139821 6.786093964976246 12.637261703270342 14.071976937587388
64 8388608 4869.727 5669.224 9962.28 107.78073131853351 189.39837692072143 220.49322764910642 6.7362957074083445 11.83739855754509 13.780826728069151

128 1 2.428 4.884 1770.94 0.00014455599850926625 0.05241605241605242 0.1054365733113674 9.03474990682914e-06 0.003276003276003276 0.006589785831960462
128 2 0.979 1.11 1.664 0.3076923076923077 0.4612612612612612 0.5229826353421859 0.019230769230769232 0.028828828828828826 0.03268641470888662
128 4 0.715 0.885 1.016 1.0078740157480315 1.1570621468926554 1.4321678321678324 0.06299212598425197 0.07231638418079096 0.08951048951048952
128 8 0.703 0.892 1.005 2.037810945273632 2.295964125560538 2.9132290184921765 0.127363184079602 0.14349775784753363 0.18207681365576103
128 16 0.694 0.91 0.949 4.316122233930454 4.501098901098901 5.902017291066283 0.26975763962065336 0.2813186813186813 0.3688760806916427
128 32 0.694 0.878 0.925 8.856216216216216 9.330296127562644 11.804034582132566 0.5535135135135135 0.5831435079726652 0.7377521613832854
128 64 0.717 0.861 0.875 18.72457142857143 19.02903600464576 22.85076708507671 1.1702857142857144 1.18931475029036 1.4281729428172945
128 128 0.743 1.007 1.927 17.00467047223664 32.54021847070507 44.10228802153432 1.06279190451479 2.033763654419067 2.756393001345895
128 256 0.809 0.811 1.064 61.59398496240601 80.80887792848335 81.00865265760198 3.8496240601503757 5.05055487053021 5.063040791100124
128 512 0.95 0.959 1.198 109.40901502504174 136.6757038581856 137.9705263157895 6.838063439065109 8.5422314911366 8.623157894736844
128 1024 1.242 1.243 1.414 185.39179632248943 210.89621882542238 211.06602254428344 11.58698727015559 13.181013676588899 13.191626409017715
128 2048 1.507 1.806 2.224 235.7410071942446 290.30343300110746 347.901791639018 14.733812949640287 18.143964562569217 21.743861977438623
128 4096 2.957 3.488 4.242 247.1890617633192 300.6238532110092 354.6080486980048 15.44931636020745 18.788990825688074 22.1630030436253
128 8192 5.242 5.923 7.987 262.5706773506949 354.06922167820363 400.06714994276996 16.41066733441843 22.129326354887727 25.004196871423122
128 16384 10.182 11.848 13.06 321.1565084226646 354.0094530722485 411.93321547829504 20.07228177641654 22.12559081701553 25.74582596739344
128 32768 21.148 26.722 27.261 307.7146106158982 313.92141306788415 396.66200113485917 19.232163163493638 19.62008831674276 24.791375070928698
128 65536 49.999 52.256 56.512 296.8788221970555 321.0581751377832 335.5510310206204 18.55492638731597 20.06613594611145 20.971939438788777
128 131072 88.465 97.818 123.129 272.5144523223611 343.02921752642663 379.2961284123665 17.032153270147568 21.439326095401665 23.706008025772906
128 262144 176.328 197.581 249.011 269.50160434679594 339.65241597117137 380.59108025951633 16.843850271674746 21.22827599819821 23.78694251621977
128 524288 304.72 378.748 489.569 274.15487500229796 354.37211021576354 440.4624835914938 17.134679687643622 22.14825688848522 27.528905224468364
128 1048576 662.053 1066.135 1420.986 188.90788227329472 251.78373845713725 405.4591641454687 11.80674264208092 15.736483653571078 25.341197759091795
128 2097152 1245.02 1899.282 2047.879 262.1594889151166 282.6704575729144 431.21468892065997 16.384968057194786 17.66690359830715 26.950918057541248
128 4194304 2911.182 3592.107 4030.177 266.425475605662 298.9169932855564 368.8336297764963 16.651592225353873 18.682312080347273 23.05210186103102

256 1 1.524 2.421 154.023 0.0033241788564045633 0.21148285832300706 0.3359580052493439 0.0002077611785252852 0.013217678645187941 0.020997375328083993
256 2 1.153 1.172 1.952 0.5245901639344263 0.8737201365187715 0.8881179531656549 0.03278688524590164 0.054607508532423216 0.05550737207285343
256 4 0.935 0.95 0.972 2.1069958847736627 2.155789473684211 2.190374331550802 0.13168724279835392 0.13473684210526318 0.13689839572192514
256 8 0.824 0.943 0.949 4.316122233930454 4.343584305408272 4.9708737864077674 0.26975763962065336 0.271474019088017 0.31067961165048547
256 16 0.817 0.833 0.871 9.405281285878301 9.834333733493398 10.026927784577724 0.5878300803673938 0.6146458583433374 0.6266829865361078
256 32 0.85 0.855 0.928 17.655172413793103 19.162573099415205 19.27529411764706 1.103448275862069 1.1976608187134503 1.2047058823529413
256 64 0.869 0.877 1.03 31.813592233009707 37.36374002280502 37.70771001150749 1.9883495145631067 2.3352337514253136 2.356731875719218
256 128 0.944 0.955 1.213 54.0280296784831 68.62408376963351 69.42372881355932 3.376751854905194 4.289005235602095 4.338983050847458
256 256 1.088 1.178 1.349 97.16234247590809 111.2665534804754 120.47058823529413 6.072646404744256 6.954159592529712 7.529411764705883
256 512 1.41 1.434 1.725 151.96753623188405 182.8061366806137 185.91773049645394 9.497971014492753 11.425383542538356 11.619858156028371
256 1024 2.203 2.232 2.455 213.559266802444 234.89605734767022 237.9881979119383 13.34745417515275 14.681003584229389 14.874262369496144
256 2048 3.636 3.696 3.843 272.8534998698933 283.7056277056277 288.38723872387243 17.053343741868332 17.73160173160173 18.024202420242027
256 4096 5.934 6.779 6.792 308.7679623085984 309.3600826080543 353.4128749578699 19.2979976442874 19.335005163003395 22.08830468486687
256 8192 12.104 12.817 12.909 324.91316136029127 327.245377233362 346.52214144084604 20.307072585018204 20.452836077085124 21.657633840052878
256 16384 22.385 24.998 25.554 328.26985990451595 335.57116569325547 374.74237212419035 20.516866244032247 20.973197855828467 23.421398257761897
256 32768 46.185 49.597 49.905 336.18306782887487 338.2707825070065 363.2611453935261 21.01144173930468 21.141923906687907 22.70382158709538
256 65536 96.163 104.767 110.576 303.45130950658375 320.27672835912074 348.9328743903581 18.965706844161485 20.017295522445046 21.808304649397382
256 131072 180.438 197.153 210.84 318.2928476569911 340.38976835249787 371.9220119930392 19.893302978561945 21.274360522031117 23.24512574956495
256 262144 357.052 363.061 401.179 334.5582096769771 369.68368400902335 375.9052687003574 20.90988810481107 23.10523025056396 23.494079293772337
256 524288 722.175 788.699 807.092 332.59585772130066 340.35222055562394 371.70416588776965 20.78724110758129 21.272013784726497 23.231510367985603
256 1048576 1510.789 1634.774 1720.325 312.07528344934826 328.4068085252151 355.3579699084386 19.504705215584266 20.525425532825945 22.20987311927741
256 2097152 3195.469 3258.851 4111.537 261.1533895961535 329.4847858953969 336.0201034652503 16.322086849759593 20.592799118462306 21.001256466578145

512 1 2.386 3.607 18.883 0.05422867129163799 0.28389243138342113 0.4291701592623638 0.0033892919557273744 0.01774327696146382 0.026823134953897737
512 2 0.94 3.498 5.802 0.35298173043778014 0.5854774156660949 2.1787234042553196 0.02206135815236126 0.03659233847913093 0.13617021276595748
512 4 0.926 1.003 2.905 1.4099827882960416 4.083748753738784 4.4233261339092875 0.0881239242685026 0.255234297108674 0.27645788336933047
512 8 0.882 1.072 11.639 0.7038405361285335 7.641791044776119 9.287981859410431 0.04399003350803334 0.47761194029850745 0.5804988662131519
512 16 0.894 1.122 3.648 4.491228070175439 14.602495543672015 18.32662192393736 0.28070175438596495 0.912655971479501 1.145413870246085
512 32 0.896 0.927 7.313 4.480787638452072 35.34843581445523 36.57142857142858 0.2800492274032545 2.209277238403452 2.285714285714286
512 64 1.037 1.055 3.544 18.4920993227991 62.11943127962087 63.1976856316297 1.1557562076749437 3.8824644549763043 3.9498553519768564
512 128 1.117 1.521 8.661 15.133587345572108 86.17488494411572 117.34288272157565 0.9458492090982568 5.385930309007232 7.333930170098478
512 256 1.298 1.388 5.216 50.25766871165644 188.86455331412105 201.95993836671803 3.1411042944785277 11.804034582132566 12.622496147919877
512 512 1.874 1.99 4.067 128.91271207278092 263.46130653266334 279.76947705442905 8.057044504548807 16.46633165829146 17.485592315901815
512 1024 2.427 3.138 5.276 198.74450341167554 334.15423836838755 432.04614750721055 12.421531463229721 20.884639898024222 27.00288421920066
512 2048 3.889 5.467 6.024 348.13280212483403 383.6019754892995 539.2522499357162 21.758300132802127 23.975123468081218 33.703265620982265
512 4096 8.363 10.226 12.841 326.6337512654778 410.16076667318595 501.531029534856 20.414609454092364 25.63504791707412 31.3456893459285
512 8192 12.853 19.536 24.293 345.30967768492985 429.3923013923014 652.6575896677818 21.581854855308116 26.83701883701884 40.791099354236366
512 16384 22.772 38.602 38.743 433.03863923805585 434.6203823636082 736.7475847532058 27.06491495237849 27.163773897725513 46.046724047075365
512 32768 41.958 54.477 76.48 438.73472803347283 615.9375883400335 799.7147623814291 27.420920502092052 38.49609927125209 49.98217264883932
512 65536 85.562 116.646 152.294 440.6533678280169 575.3207482468324 784.3302400598398 27.540835489251055 35.957546765427026 49.020640003739985
512 131072 146.657 205.422 317.748 422.4030615456274 653.3756267585751 915.1811914876207 26.400191346601712 40.83597667241094 57.198824467976294
512 262144 292.709 392.207 544.226 493.2426161190388 684.4229093310421 917.072778766625 30.827663507439926 42.77643183319013 57.31704867291406
512 524288 623.246 1153.971 3111.886 172.5226798153917 465.2377850049958 861.4109228137847 10.782667488461982 29.07736156281224 53.838182675861546
512 1048576 1272.831 2432.792 2531.674 424.1232575758175 441.3619512066794 843.5855380643621 26.507703598488593 27.585121950417463 52.724096129022634

1024 1 25.482 44.803 1539.18 0.0013305786197845607 0.045711224694774906 0.08037045757789812 8.316116373653504e-05 0.0028569515434234316 0.005023153598618633
1024 2 1.102 1.251 1.695 2.416519174041298 3.27418065547562 3.7168784029038116 0.15103244837758112 0.20463629096722624 0.23230490018148822
1024 4 1.005 1.108 1.302 6.291858678955454 7.393501805054152 8.151243781094529 0.3932411674347159 0.4620938628158845 0.509452736318408
1024 8 0.906 1.109 1.224 13.38562091503268 14.773669972948605 18.083885209713024 0.8366013071895425 0.9233543733092878 1.130242825607064
1024 16 0.97 1.048 1.089 30.08999081726355 31.267175572519086 33.78144329896907 1.880624426078972 1.954198473282443 2.111340206185567
1024 32 1.029 1.03 1.146 57.1867364746946 63.627184466019415 63.68901846452867 3.5741710296684124 3.9766990291262134 3.980563654033042
1024 64 1.205 1.23 1.421 92.23926812104152 106.56260162601626 108.77344398340249 5.764954257565095 6.660162601626016 6.798340248962655
1024 128 1.319 1.447 1.478 177.3640054127199 181.16378714581893 198.74450341167554 11.085250338294994 11.322736696613683 12.421531463229721
1024 256 1.899 1.941 2.161 242.61360481258677 270.11231324059764 276.0863612427594 15.163350300786673 16.882019577537353 17.25539757767246
1024 512 3.089 3.158 3.171 330.6767581204668 332.03799873337556 339.4548397539657 20.667297382529174 20.752374920835972 21.215927484622856
1024 1024 5.062 5.232 5.457 384.30492944841495 400.83180428134557 414.2931647570131 24.019058090525935 25.051987767584098 25.893322797313317
1024 2048 9.466 9.582 9.902 423.58149868713394 437.7274055520768 443.0914853158674 26.47384366794587 27.3579628470048 27.69321783224171
1024 4096 18.001 18.11 18.6 451.0004301075269 463.2030922142463 466.0078884506416 28.18752688172043 28.950193263390393 29.1254930281651
1024 8192 36.342 37.139 132.367 126.74772413063681 451.74118850803734 461.64812063177595 7.921732758164801 28.233824281752334 28.853007539485997
1024 16384 68.698 73.186 73.288 457.84346687042904 458.4815675129123 488.43389909458796 28.615216679401815 28.65509796955702 30.527118693411747
1024 32768 144.624 151.423 174.286 385.0502277865118 443.18804937162787 464.0230113950659 24.06563923665699 27.699253085726742 29.00143821219162
1024 65536 273.177 298.004 379.848 353.34588572271014 450.3890149125515 491.3214802124629 22.084117857669384 28.149313432034468 30.707592513278932
1024 131072 306.726 566.851 4609.284 58.23799444772768 473.5555833896385 875.1636835481831 3.63987465298298 29.597223961852407 54.69773022176145
1024 262144 501.299 1241.638 3497.917 153.48303347392178 432.3892406643483 1070.9594712935793 9.592689592120111 27.024327541521767 66.93496695584871
1024 524288 1102.5 2671.004 3064.695 350.3584611192957 401.99933208636156 973.9154866213153 21.897403819955983 25.124958255397598 60.869717913832204

2048 1 2.665 2.888 4.86 0.8427983539094651 1.4182825484764545 1.5369606003752347 0.05267489711934157 0.08864265927977841 0.09606003752345217
2048 2 0.929 1.064 1.143 7.167104111986002 7.6992481203007515 8.818083961248655 0.4479440069991251 0.48120300751879697 0.551130247578041
2048 4 0.96 1.103 1.296 12.641975308641976 14.85403445149592 17.06666666666667 0.7901234567901235 0.928377153218495 1.0666666666666669
2048 8 0.949 1.034 1.086 30.173112338858196 31.690522243713737 34.52897787144363 1.8858195211786373 1.9806576402321086 2.158061116965227
2048 16 1.065 1.114 1.168 56.1095890410959 58.829443447037704 61.53615023474179 3.506849315068494 3.6768402154398565 3.846009389671362
2048 32 1.115 1.115 1.194 109.77554438860973 117.55336322869957 117.55336322869957 6.860971524288108 7.347085201793723 7.347085201793723
2048 64 1.318 1.358 1.412 185.6543909348442 193.03681885125184 198.89529590288316 11.603399433427763 12.06480117820324 12.430955993930198
2048 128 1.774 1.921 1.97 266.1360406091371 272.9245184799584 295.5400225479143 16.63350253807107 17.0577824049974 18.471251409244644
2048 256 2.759 2.851 3.0 349.5253333333333 367.79235356015437 380.05654222544405 21.845333333333333 22.987022097509648 23.753533889090253
2048 512 4.534 4.615 4.781 438.6429617234889 454.42080173347784 462.5390383767093 27.415185107718056 28.401300108342365 28.90868989854433
2048 1024 8.244 8.74 8.936 469.3715308863026 479.89748283752857 508.7704997573994 29.335720680393912 29.993592677345536 31.798156234837464
2048 2048 15.753 16.515 17.945 467.4621342992477 507.9387223735998 532.5086015362153 29.21638339370298 31.746170148349986 33.28178759601346
2048 4096 33.989 36.136 88.21 190.19630427389185 464.2798317467346 493.6072258671924 11.887269017118241 29.017489484170913 30.850451616699527
2048 8192 65.065 67.269 75.632 443.6539031097948 498.8097340528326 515.706324444786 27.728368944362174 31.175608378302037 32.231645277799124
2048 16384 127.572 140.559 149.493 448.9097415932519 477.4426682033879 526.0469695544477 28.056858849578244 29.840166762711743 32.877935597152984
2048 32768 261.69 265.638 313.043 428.7517305929218 505.2655418276001 512.8882570980932 26.79698316205761 31.579096364225006 32.05551606863082
2048 65536 528.192 536.448 621.945 431.60642178970807 500.3941780004772 508.21567914697687 26.975401361856754 31.274636125029826 31.763479946686054
2048 131072 1012.769 1096.206 6805.105 78.89237741372104 489.7536703867704 530.102039063202 4.930773588357565 30.60960439917315 33.13137744145013
2048 262144 1999.51 2501.565 12295.075 87.331051172929 429.22803285143505 537.0024776070138 5.458190698308062 26.82675205321469 33.56265485043836

4096 1 2.321 2.656 3909.998 0.0020951417366453897 3.0843373493975905 3.5295131408875484 0.00013094635854033685 0.1927710843373494 0.22059457130547178
4096 2 2.601 8.143 10.22 1.6031311154598826 2.0120348765811125 6.299115724721261 0.10019569471624266 0.12575217978631953 0.39369473279507883
4096 4 1.035 6.41 7.807 4.197258870244653 5.11201248049922 31.65990338164252 0.2623286793902908 0.31950078003120125 1.9787439613526574
4096 8 1.14 3.753 3.931 16.671584838463495 17.462296829203304 57.48771929824562 1.0419740524039685 1.0913935518252065 3.5929824561403514
4096 16 1.181 2.376 5.5 23.83127272727273 55.16498316498318 110.98391193903473 1.4894545454545456 3.4478114478114485 6.93649449618967
4096 32 1.401 1.67 6.819 38.44317348584836 156.9724550898204 187.11206281227695 2.4026983428655226 9.810778443113774 11.69450392576731
4096 64 1.784 1.814 3.719 140.9755310567357 289.0231532524807 293.8834080717489 8.81097069104598 18.063947078280044 18.367713004484305
4096 128 2.742 2.761 5.361 195.59335944786423 379.7812386816371 382.41283734500365 12.224584965491514 23.73632741760232 23.90080233406273
4096 256 4.523 4.616 4.714 444.8773865082733 454.3223570190642 463.6639398629229 27.80483665676708 28.395147313691513 28.978996241432682
4096 512 7.724 7.961 8.29 505.94740651387224 526.8564250722271 543.0222682547902 31.621712907117015 32.928526567014195 33.93889176592439
4096 1024 16.3 16.695 16.777 500.00643738451447 502.4622941000299 514.638527607362 31.250402336532154 31.40389338125187 32.164907975460125
4096 2048 33.865 34.412 34.498 486.32430865557427 487.5396954550738 495.414616861066 30.395269290973392 30.471230965942112 30.963413553816626
4096 4096 68.441 69.249 70.431 476.4156692365578 484.5475313722942 490.2679972531085 29.775979327284862 30.284220710768388 30.64174982831928
4096 8192 139.009 152.401 160.07 419.24697944649216 440.3439872441782 482.7663244825875 26.20293621540576 27.521499202761138 30.17289528016172
4096 16384 287.054 289.827 317.475 422.76629025907556 463.0960124488057 467.56961407958096 26.422893141192223 28.943500778050357 29.22310087997381
4096 32768 569.765 576.859 932.294 287.930047817534 465.33980747461686 471.1336357972147 17.995627988595874 29.083737967163554 29.44585223732592
4096 65536 1157.067 1209.83 1946.302 275.84152510761436 443.7573146640438 463.99293385776286 17.240095319225897 27.734832166502738 28.99955836611018
4096 131072 2394.005 2473.489 4298.674 249.78442747693828 434.1001007079474 448.5127742005551 15.611526717308642 27.13125629424671 28.032048387534694

8192 1 3.276 3.373 1200.775 0.013644521246694843 4.857396975985769 5.001221001221002 0.0008527825779184277 0.30358731099911057 0.31257631257631263
8192 2 1.349 7.088 2144.016 0.015283468033820646 4.623024830699775 24.290585618977023 0.0009552167521137904 0.2889390519187359 1.518161601186064
8192 4 1.41 2.543 8.056 8.135054617676268 25.77113645300826 46.479432624113485 0.5084409136047667 1.6106960283130163 2.904964539007093
8192 8 1.362 2.128 8.182 16.01955512099731 61.59398496240601 96.23494860499267 1.001222195062332 3.8496240601503757 6.014684287812042
8192 16 1.519 1.69 4.585 57.174263904034895 155.11479289940831 172.57669519420674 3.573391494002181 9.69467455621302 10.786043449637921
8192 32 2.368 4.239 6.885 76.14931009440814 123.6820004718094 221.40540540540542 4.7593318809005085 7.730125029488088 13.837837837837839
8192 64 2.742 3.037 4.943 212.13352215253897 345.2670398419493 382.41283734500365 13.258345134533686 21.579189990121833 23.90080233406273
8192 128 4.031 9.795 654.623 3.203602684293097 214.1043389484431 520.2560158769536 0.20022516776831856 13.381521184277693 32.5160009923096
8192 256 7.165 8.694 11.193 374.7256320914858 482.43662295836214 585.3878576413119 23.420352005717863 30.152288934897634 36.586741102581996
8192 512 13.62 14.722 16.825 498.579970282318 569.8008422768646 615.903671071953 31.161248142644876 35.61255264230404 38.49397944199706
8192 1024 24.898 34.777 75.296 222.8168295792605 482.4227506685453 673.8378986263957 13.926051848703782 30.15142191678408 42.11486866414973
8192 2048 49.438 55.169 56.408 594.852361367182 608.2117130997481 678.7174238440066 37.17827258544887 38.013232068734254 42.41983899025041
8192 4096 99.021 117.77 126.469 530.6348907637446 569.8298717839858 677.7235535896426 33.164680672734036 35.614366986499114 42.357722099352664
8192 8192 201.301 203.802 1453.855 92.31851044292588 658.569238770964 666.7514219998908 5.769906902682868 41.16057742318525 41.671963874993175
8192 16384 443.502 574.67 1797.943 149.30142724213172 467.1123531766057 605.2632366934084 9.331339202633233 29.194522073537858 37.82895229333803
8192 32768 946.904 1456.723 2563.763 209.4073875003267 368.5470140857253 566.9750175308162 13.08796171877042 23.034188380357833 35.435938595676014
8192 65536 1878.861 2361.389 2441.763 439.7403941332554 454.7077266812033 571.4855031851744 27.483774633328462 28.419232917575208 35.7178439490734

16384 1 31.647 2035.006 3932.322 0.008332990024723305 0.016102163826544 1.0354219989256488 0.0005208118765452066 0.001006385239159 0.06471387493285305
16384 2 1.798 2.245 4.394 14.914883932635414 29.191982182628063 36.449388209121246 0.9321802457897134 1.824498886414254 2.278086763070078
16384 4 1.603 1.735 14.118 9.284034565802521 75.54582132564842 81.76668746101062 0.5802521603626576 4.721613832853026 5.110417966313164
16384 8 1.699 1.822 18.667 14.043177800396421 143.87705817782657 154.29311359623307 0.8776986125247763 8.99231613611416 9.643319599764567
16384 16 1.903 2.02 5.361 97.79667972393212 259.54851485148515 275.5060430898581 6.112292482745757 16.221782178217822 17.219127693116132
16384 32 2.444 2.783 5.768 181.79195561719837 376.7790154509523 429.0409165302783 11.361997226074898 23.548688465684517 26.815057283142394
16384 64 3.93 5.018 9.99 209.9251251251251 417.9258668792348 533.6264631043257 13.12032032032032 26.120366679952173 33.351653944020356
16384 128 5.788 8.335 8.605 487.4263800116212 503.21583683263344 724.6551485832757 30.464148750726324 31.45098980203959 45.29094678645473
16384 256 11.38 15.849 17.138 489.47415100945267 529.2831093444381 737.1360281195078 30.592134438090792 33.08019433402738 46.07100175746924
16384 512 20.785 24.592 27.547 609.0396776418486 682.2225113858167 807.1790233341352 38.06497985261554 42.63890696161354 50.44868895838345
16384 1024 39.359 47.73 53.84 623.2249628528974 703.0050701864656 852.5224726237964 38.95156017830609 43.9378168866541 53.28265453898727
16384 2048 76.076 89.885 105.844 634.035599561619 746.608043611281 882.1292391818708 39.62722497260119 46.66300272570506 55.13307744886693
16384 4096 153.698 178.504 250.081 536.6970221648187 751.9031954466008 873.2561776991242 33.54356388530117 46.99394971541255 54.578511106195265
16384 8192 324.94 326.076 474.996 565.1320347960825 823.2297255854463 826.1077614328799 35.32075217475516 51.451857849090395 51.631735089554994
16384 16384 649.038 1451.456 3202.23 167.65532519525456 369.88438643679183 827.1794748535525 10.47845782470341 23.11777415229949 51.69871717834703
16384 32768 936.323 1357.792 1988.207 540.0553483616143 790.7999340105114 1146.7643366658729 33.75345927260089 49.42499587565696 71.67277104161705

32768 1 5.638 12.308 41.033 1.5971535105890382 5.324666883327917 11.623980134799575 0.09982209441181489 0.3327916802079948 0.7264987584249735
32768 2 2.227 2.683 2.898 45.22843340234645 48.852776742452484 58.8558599012124 2.826777087646653 3.0532985464032802 3.678491243825775
32768 4 1.825 2.396 2.632 99.59878419452889 109.40901502504174 143.6405479452055 6.224924012158056 6.838063439065109 8.977534246575344
32768 8 1.967 2.571 2.776 188.86455331412105 203.92376507195644 266.5419420437214 11.804034582132566 12.745235316997277 16.658871377732588
32768 16 1.922 3.202 3.369 311.2425051944197 327.47532792005 545.5650364203955 19.452656574651233 20.467207995003125 34.09781477627472
32768 32 3.879 4.286 5.091 411.93321547829504 489.30284647690166 540.6424336169117 25.74582596739344 30.581427904806354 33.79015210105698
32768 64 6.717 7.762 8.322 504.00192261475615 540.3638237567637 624.4311448563348 31.50012016342226 33.77273898479773 39.02694655352092
32768 128 8.983 11.343 14.475 579.5238687392056 739.5405095653708 933.8314594233552 36.22024179620035 46.22128184783568 58.3644662139597
32768 256 17.49 20.754 26.988 621.654661330962 808.3846969258938 959.2461978273301 38.85341633318512 50.52404355786836 59.95288736420813
32768 512 32.884 66.401 1496.572 22.420860473134606 505.3302209304078 1020.3877873737989 1.401303779570913 31.583138808150487 63.77423671086243
32768 1024 69.385 105.519 194.642 344.78100307230716 635.988438101195 967.1955610002162 21.548812692019197 39.74927738132469 60.449722562513514
32768 2048 132.98 142.449 216.102 621.0850801936123 942.2160071323773 1009.3076252067981 38.81781751210077 58.88850044577358 63.08172657542488
32768 4096 277.409 403.316 404.905 662.9591039873552 665.571055946206 967.6522967892174 41.4349439992097 41.598190996637875 60.47826854932609
32768 8192 547.662 548.872 5551.318 96.71053108469016 978.1349968663005 980.2960804291697 6.044408192793135 61.13343730414378 61.26850502682311
32768 16384 1199.364 1467.914 3640.17 294.9702414997102 731.474612272926 895.2593407839488 18.435640093731887 45.71716326705788 55.9537087989968

65536 1 9.44 28.763 931.212 0.14075419990292223 4.556965546013976 13.884745762711866 0.00879713749393264 0.2848103466258735 0.8677966101694916
65536 2 5.235 5.9 8.36 31.356937799043067 44.43118644067797 50.07526265520534 1.9598086124401917 2.776949152542373 3.129703915950334
65536 4 4.302 4.439 11.479 45.67366495339316 118.1094841180446 121.8707577870758 2.8546040595870723 7.381842757377788 7.616922361692238
65536 8 4.622 4.91 9.549 109.81003246413238 213.559266802444 226.86629164863697 6.8631270290082735 13.34745417515275 14.17914322803981
65536 16 5.786 5.996 10.845 193.37501152604887 349.75850567044694 362.4528171448324 12.085938220378054 21.859906604402934 22.653301071552026
65536 32 6.857 8.492 10.44 401.75325670498086 493.9123881300047 611.6820767099315 25.109578544061304 30.869524258125292 38.23012979437072
65536 64 11.998 14.509 17.289 485.1991439643704 578.1658281066924 699.1671945324222 30.32494649777315 36.135364256668275 43.697949658276386
65536 128 19.125 20.768 29.952 560.1367521367522 807.8397534668721 877.2400522875818 35.00854700854701 50.48998459167951 54.82750326797386
65536 256 38.607 41.587 53.963 621.8044215480978 806.8490634092385 869.1281891884893 38.862776346756114 50.42806646307741 54.32051182428058
65536 512 78.242 80.55 103.569 647.9628460253551 833.133010552452 857.7089542700852 40.497677876584696 52.07081315952825 53.606809641880325
65536 1024 142.643 150.199 203.424 659.7929841120025 893.5993448691403 940.9345569007944 41.237061507000156 55.84995905432127 58.80840980629965
65536 2048 263.423 282.918 403.821 664.7387233452446 948.8101004531349 1019.0281638277601 41.546170209077786 59.30063127832093 63.689260239235004
65536 4096 525.61 540.657 4059.568 132.24828651718607 992.9972459433615 1021.4244630048895 8.26551790732413 62.06232787146009 63.839028937805594
65536 8192 1083.115 1516.659 5001.204 214.69666584286506 707.9652209230948 991.3460934434479 13.418541615179066 44.24782630769342 61.959130840215494

131072 1 23.463 46.518 3704.939 0.07075528099113103 5.635323960617396 11.172654818224439 0.004422205061945689 0.35220774753858725 0.6982909261390274
131072 2 22.991 23.288 515.499 1.0170494996110566 22.51322569563724 22.804053760167022 0.06356559372569104 1.4070766059773274 1.425253360010439
131072 4 9.303 12.613 3436.196 0.3051560504697637 83.13454372472846 112.71374825325164 0.01907225315436023 5.195908982795529 7.044609265828227
131072 8 9.93 11.436 17.796 117.84400988986289 183.38160195872683 211.19355488418935 7.365250618116431 11.461350122420427 13.199597180261835
131072 16 12.141 13.568 14.187 295.6441812927328 309.13207547169816 345.46610658100656 18.4777613307958 19.320754716981135 21.59163166131291
131072 32 16.056 17.028 17.723 473.3176098854596 492.636128729152 522.4593921275535 29.582350617841225 30.789758045572 32.653712007972096
131072 64 23.219 23.454 27.858 602.240505420346 715.3242943634349 722.5641069813514 37.64003158877163 44.70776839771468 45.16025668633446
131072 128 38.454 38.885 56.804 590.7054432786424 862.9145428828598 872.5862589067458 36.91909020491515 53.93215893017874 54.53664118167161
131072 256 70.562 71.463 90.952 737.849239159117 939.0714635545669 951.0623848530372 46.115577447444814 58.69196647216043 59.441399053314825
131072 512 128.264 173.428 179.969 745.7824847612645 773.910372027585 1046.4177633630636 46.61140529757903 48.369398251724064 65.40111021019148
131072 1024 273.906 282.802 296.68 904.7979506539032 949.1992843049201 980.027659123933 56.54987191586895 59.324955269057504 61.25172869524581
131072 2048 503.545 580.608 615.959 871.601700762551 924.6701940035275 1066.1825894408644 54.47510629765944 57.79188712522047 66.63641184005402
131072 4096 1031.355 1149.805 1212.457 885.5916737665748 933.8468905597036 1041.098190244872 55.349479610410924 58.36543065998148 65.0686368903045

262144 1 18.704 29.393 488.041 1.0742703994131642 17.83717211580989 28.030795551753638 0.06714189996332276 1.114823257238118 1.7519247219846024
262144 2 17.798 35.197 36.802 28.492364545405145 29.791629968463223 58.91538375098327 1.7807727840878216 1.8619768730289514 3.682211484436454
262144 4 16.323 22.513 22.523 93.1115748346135 93.15293386043619 128.47834344176928 5.819473427163344 5.822058366277262 8.02989646511058
262144 8 16.572 21.198 23.108 181.50874156136405 197.8631946410039 253.09582428192132 11.344296347585253 12.366449665062744 15.818489017620083
262144 16 22.431 24.857 26.025 322.32883765609995 337.4746751418112 373.97387544023894 20.145552353506247 21.0921671963632 23.373367215014934
262144 32 26.056 30.378 33.253 504.5324030914504 552.2817828691817 643.890696960393 31.53327519321565 34.51761142932386 40.243168560024564
262144 64 39.407 45.0 66.414 505.23130665221186 745.6540444444445 851.4840510569189 31.57695666576324 46.60337777777778 53.21775319105743
262144 128 66.352 92.178 94.741 708.3402539555209 728.0355833279091 1011.4068000964553 44.271265872220056 45.50222395799432 63.212925006028456
262144 256 120.182 135.668 188.255 712.9570423096333 989.3101394580889 1116.7872726365015 44.55981514435208 61.831883716130555 69.79920453978134
262144 512 228.906 405.647 456.049 588.6109957482639 661.7464347080097 1172.6885970660446 36.788187234266495 41.359152169250606 73.29303731662779
262144 1024 519.816 532.709 693.961 773.6326854102753 1007.8127307779672 1032.8095172137835 48.352042838142204 62.98829567362295 64.55059482586147
262144 2048 918.565 1080.461 1274.567 842.4365482552114 993.781195249065 1168.9339611241446 52.65228426595071 62.111324703066565 73.05837257025904

524288 1 48.387 113.518 3131.005 0.33490077467139145 9.237090153103473 21.67061400789468 0.020931298416961966 0.5773181345689671 1.3544133754934176
524288 2 137.14 508.183 1651.637 1.2697414746702818 4.126765358148542 15.29205191774829 0.07935884216689261 0.25792283488428386 0.9557532448592682
524288 4 47.052 80.137 95.901 43.73576917863213 52.3391691727916 89.14188557340815 2.7334855736645083 3.271198073299475 5.571367848338009
524288 8 51.664 71.044 73.234 114.54526586011963 118.07623444625868 162.36853515020132 7.159079116257477 7.379764652891168 10.148033446887583
524288 16 55.245 79.453 84.851 197.7256131336107 211.15899966017648 303.68750113132415 12.357850820850668 13.19743747876103 18.98046882070776
524288 32 72.763 103.302 108.156 310.24105921076966 324.81880312094637 461.14690158459655 19.390066200673104 20.301175195059148 28.821681349037284
524288 64 109.759 154.972 158.093 424.48978765663253 433.03863923805585 611.4201477783143 26.530611728539533 27.06491495237849 38.21375923614465
524288 128 180.367 309.445 556.243 241.29333402847314 433.736941944449 744.1368321256107 15.080833376779571 27.10855887152806 46.50855200785067
524288 256 407.337 443.874 817.238 328.4666841238415 604.7559803007159 659.0009157037049 20.529167757740094 37.797248768794745 41.187557231481556
524288 512 576.504 869.147 2027.875 264.7455646921038 617.6986309565585 931.2527094348001 16.54659779325649 38.60616443478491 58.203294339675004
524288 1024 1073.85 1670.228 1850.556 580.2266043286451 642.8714067779968 999.8992633980539 36.26416277054032 40.1794629236248 62.49370396237837

1048576 1 150.456 218.823 3042.546 0.689275363462048 9.58378232635509 13.938639868134208 0.043079710216378 0.5989863953971931 0.871164991758388
1048576 2 148.935 179.829 3983.816 1.052835773539742 23.32384654310484 28.16197670124551 0.06580223584623388 1.4577404089440524 1.7601235438278444
1048576 4 174.406 186.082 3742.022 2.241731342039144 45.08016895777131 48.098161760489894 0.1401082088774465 2.817510559860707 3.0061351100306184
1048576 8 121.861 166.446 194.814 86.11914954777379 100.79675089818922 137.67502318215017 5.382446846735862 6.299796931136826 8.604688948884386
1048576 16 100.307 134.618 211.383 158.73760898463925 249.2566521564724 334.51735173018835 9.921100561539953 15.578540759779525 20.907334483136772
1048576 32 136.501 156.859 255.53 262.6261652252182 427.8292224226854 491.6364275719592 16.414135326576137 26.739326401417838 30.72727672324745
1048576 64 192.72 196.476 337.332 397.8802129652687 683.12530792565 696.4390203403902 24.867513310329294 42.69533174535312 43.52743877127439
1048576 128 293.52 310.539 544.057 493.3958316867534 864.4178541181624 914.5388934314528 30.837239480422088 54.02611588238515 57.1586808394658
1048576 256 524.316 617.451 879.984 610.09167439408 869.495574547616 1023.9453154204716 38.13072964963 54.343473409226 63.996582213779476
1048576 512 842.683 1065.648 1595.591 672.9430186056452 1007.5952134288246 1274.1942391148273 42.058938662852825 62.97470083930154 79.6371399446767

2097152 1 247.298 488.373 558.871 7.504959105052866 8.588320812166112 16.960525358070022 0.46905994406580415 0.536770050760382 1.0600328348793764
2097152 2 389.053 555.298 606.67 13.827299850000827 15.106497772367272 21.56160728743899 0.8642062406250517 0.9441561107729545 1.3476004554649368
2097152 4 312.098 360.587 506.321 33.13553259690987 46.52751208446228 53.756243231292736 2.070970787306867 2.9079695052788925 3.359765201955796
2097152 8 323.316 448.299 452.726 74.11642362046801 74.84833113613905 103.78215739400464 4.632276476279251 4.678020696008691 6.48638483712529
2097152 16 388.243 504.664 1029.289 65.199243361194 132.97731560008245 172.85273398361338 4.074952710074625 8.311082225005153 10.803295873975836
2097152 32 444.814 522.807 1048.06 128.0630192927886 256.72519304446956 301.7389920281286 8.003938705799287 16.045324565279348 18.85868700175804
2097152 64 710.087 816.819 818.538 327.9450141593915 328.6351762140695 378.0317848376326 20.49656338496197 20.539698513379342 23.626986552352037
2097152 128 857.512 1000.312 1030.327 521.0684685541581 536.7034605203178 626.0797656475945 32.56677928463488 33.54396628251986 39.12998535297466
2097152 256 1387.438 1510.787 1778.945 603.5834857176586 710.7168806721265 773.9025628532589 37.723967857353664 44.41980504200791 48.36891017832868

4194304 1 687.944 859.564 1130.397 7.420939722946894 9.759143007385141 12.193736699498796 0.4638087326841809 0.6099464379615713 0.7621085437186748
4194304 2 1487.759 1997.41 2572.815 6.52095700623636 8.399485333506892 11.276837175913574 0.4075598128897725 0.5249678333441807 0.7048023234945984
4194304 4 1195.385 1738.526 1882.253 17.826738488396618 19.300506290961426 28.069979128063345 1.1141711555247886 1.2062816431850891 1.754373695503959
4194304 8 1311.394 2317.607 2613.599 25.67680198836929 28.956101703179183 51.173685406521614 1.6048001242730807 1.809756356448699 3.198355337907601
4194304 16 1592.014 2114.92 2451.05 54.75927786050876 63.46231914209521 84.30687669832051 3.4224548662817975 3.9663949463809507 5.269179793645032
4194304 32 1151.691 2312.869 2716.122 98.83041188871489 116.06167750962118 233.07940758415236 6.176900743044681 7.2538548443513235 14.567462974009523
4194304 64 1378.591 2617.417 5081.121 105.65993449083382 205.11477995290778 389.43451103336673 6.603745905677114 12.819673747056736 24.33965693958542
4194304 128 1908.759 2516.409 3723.093 288.40048422104957 426.6960672927175 562.5339940767798 18.025030263815598 26.668504205794843 35.158374629798736

8388608 1 1525.734 1786.864 2373.975 7.067140976632021 9.389195820163147 10.996160536502432 0.4416963110395013 0.5868247387601967 0.687260033531402
8388608 2 3312.663 3343.659 3359.204 9.98880449058765 10.035243426437923 10.129141418852447 0.6243002806617282 0.6272027141523702 0.6330713386782779
8388608 4 2805.179 3590.531 3706.911 18.103716005051105 18.690512350401654 23.923202048781913 1.131482250315694 1.1681570219001034 1.4952001280488696
8388608 8 3360.368 3518.944 3692.238 36.351320797846725 38.14147880727855 39.941377849092724 2.2719575498654203 2.3838424254549095 2.4963361155682953
8388608 16 3065.124 3466.519 3990.001 67.27703978019053 77.43660311684431 87.57735608738832 4.204814986261908 4.839787694802769 5.47358475546177
8388608 32 3358.658 3930.579 4100.625 130.9241669257735 136.58825124746252 159.8468531181204 8.182760432860844 8.536765702966408 9.990428319882525
8388608 64 4167.418 4248.67 4474.69 239.9589298923501 252.72422287445247 257.6515780274501 14.997433118271882 15.795263929653279 16.103223626715632

16777216 1 3192.136 3494.575 4320.476 7.766373890284313 9.601863459791248 10.5115922379247 0.48539836814276954 0.600116466236953 0.6569745148702938
16777216 2 6783.257 7277.934 10653.57 6.299190224497517 9.220867350542065 9.893309954200468 0.3936993890310948 0.576304209408879 0.6183318721375293
16777216 4 6942.739 7475.861 11988.073 11.19593849653735 17.953480943532796 19.332100486565896 0.6997461560335844 1.1220925589707997 1.2082562804103685
16777216 8 6697.29 6847.612 14749.702 18.199381655303952 39.201323906786776 40.081205383072856 1.137461353456497 2.4500827441741735 2.5050753364420535
16777216 16 6995.27 7793.927 14294.959 37.55665979874444 68.8832358835283 76.74770409147895 2.3472912374215276 4.305202242720519 4.7967315057174345
16777216 32 8371.72 9927.527 13797.639 77.82069265618561 108.15803613528324 128.25821026025716 4.863793291011601 6.7598772584552025 8.016138141266072

33554432 1 6389.525 8300.631 11639.498 5.765614977553156 8.084790662300254 10.502950375810409 0.36035093609707225 0.5052994163937659 0.6564343984881506
33554432 2 14108.563 21504.075 24678.306 5.438692915145797 6.241502040892249 9.513210381525036 0.3399183071966123 0.3900938775557656 0.5945756488453148
33554432 4 15012.757 18317.604 20398.327 13.159680007090778 14.654506997749271 17.880490305678034 0.8224800004431736 0.9159066873593295 1.1175306441048771
33554432 8 14064.118 16652.605 18021.532 29.79052568893699 32.23945514830863 38.17309496407809 1.861907855558562 2.0149659467692893 2.3858184352548806
33554432 16 15503.108 17172.421 17680.311 60.73093533252894 62.52710808802092 69.25977836186138 3.7956834582830585 3.9079442555013073 4.328736147616336

67108864 1 14190.773 15585.724 21147.512 6.3467384721190845 8.611581213679903 9.458098441853734 0.3966711545074428 0.538223825854994 0.5911311526158584
67108864 2 26391.946 30890.256 38296.174 7.009458856124897 8.689971879805723 10.17111265686888 0.43809117850780604 0.5431232424878577 0.635694541054305
67108864 4 29912.132 30164.006 39358.002 13.640705440281241 17.79839561098085 17.948266342231975 0.8525440900175776 1.1123997256863032 1.1217666463894984
67108864 8 30331.147 34568.536 35413.077 30.320489349174608 31.061246678193147 35.400633678640645 1.895030584323413 1.9413279173870717 2.2125396049150403

134217728 1 33582.108 34153.847 38126.086 7.040729436533296 7.859596489964952 7.9934069653995525 0.440045589783331 0.4912247806228095 0.49958793533747203
134217728 2 67224.918 72116.91 77894.155 6.892313190893464 7.444452514673743 7.986189168724608 0.4307695744308415 0.4652782821671089 0.499136823045288
134217728 4 68743.973 70941.99 73780.539 14.553184871690894 15.135490617052044 15.619432179167184 0.9095740544806808 0.9459681635657528 0.976214511197949

268435456 1 56349.735 64002.318 73320.465 7.322251870606658 8.38830418610776 9.527478913609798 0.45764074191291615 0.524269011631735 0.5954674321006124
268435456 2 125027.65 128199.605 131743.105 8.150269602344654 8.37554705414264 8.58803491867599 0.5093918501465409 0.523471690883915 0.5367521824172494

536870912 1 118370.364 123945.589 138431.922 7.756461143405928 8.663009572692417 9.07103592247127 0.4847788214628705 0.541438098293276 0.5669397451544543

META_DATA
FLOPS          1
OPENMP_THREADS 2
ERT_VERSION  1.1.0
HOSTNAME  ('minahil-k', [], ['2404:3100:104b:39a1:7128:cd83:7620:4e0'])
UNAME  uname_result(system='Linux', node='minahil-k', release='6.17.0-20-generic', version='#20~24.04.1-Ubuntu SMP PREEMPT_DYNAMIC Thu Mar 19 01:28:37 UTC 2', machine='x86_64')
TIMESTAMP_DATA  1778178989.8754685
CONFIG  {'ERT_RESULTS': ['Results'], 'ERT_DRIVER': ['driver1'], 'ERT_KERNEL': ['kernel1'], 'ERT_MPI': ['False'], 'ERT_MPI_CFLAGS': [], 'ERT_MPI_LDFLAGS': [], 'ERT_MPI_PROCS': ['1'], 'ERT_OPENMP': ['True'], 'ERT_OPENMP_CFLAGS': ['-fopenmp'], 'ERT_OPENMP_LDFLAGS': ['-fopenmp'], 'ERT_OPENMP_THREADS': ['1,2,4'], 'ERT_GPU': ['False'], 'ERT_GPU_CFLAGS': [], 'ERT_GPU_LDFLAGS': [], 'ERT_GPU_BLOCKS': ['1'], 'ERT_GPU_THREADS': ['1'], 'ERT_HIP': ['False'], 'ERT_OCL': ['False'], 'ERT_SYCL': ['False'], 'ERT_FLOPS': ['1,2,4,8,16'], 'ERT_ALIGN': ['32'], 'ERT_CC': ['g++'], 'ERT_CFLAGS': ['-O3', '-mavx2', '-march=native', '-ffast-math'], 'ERT_LD': ['g++'], 'ERT_LDFLAGS': [], 'ERT_LDLIBS': [], 'ERT_PRECISION': ['FP64'], 'ERT_PROCS_THREADS': ['4'], 'ERT_BLOCKS_THREADS': ['1'], 'ERT_WORKING_SET_MIN': ['1'], 'ERT_MEMORY_MAX': ['536870912'], 'ERT_WSS_MULT': ['2.0'], 'ERT_TRIALS_MIN': ['1'], 'ERT_NUM_EXPERIMENTS': ['3'], 'ERT_RUN': ['OMP_NUM_THREADS=ERT_OPENMP_THREADS', './ERT_CODE'], 'ERT_GNUPLOT': ['False']}
TIMESTAMP_DATA  1778178994.9703689
TIMESTAMP_DATA  1778178999.3181343
