fp64
          16            1           2.587           32            2
          16            2           2.115           64            4
          16            4           0.841          128            8
          16            8           0.839          256           16
          16           16           0.813          512           32
          16           32           0.811         1024           64
          16           64           0.826         2048          128
          16          128           0.857         4096          256
          16          256           0.926         8192          512
          16          512           1.076        16384         1024
          16         1024           1.398        32768         2048
          16         2048           2.104        65536         4096
          16         4096           3.674       131072         8192
          16         8192           6.712       262144        16384
          16        16384          12.765       524288        32768
          16        32768          25.099      1048576        65536
          16        65536          49.290      2097152       131072
          16       131072          98.413      4194304       262144
          16       262144         195.511      8388608       524288
          16       524288         392.883     16777216      1048576
          16      1048576         791.757     33554432      2097152
          16      2097152        2057.805     67108864      4194304
          16      4194304        3565.543    134217728      8388608
          16      8388608        6399.197    268435456     16777216
          16     16777216       12745.410    536870912     33554432
          16     33554432       25794.089   1073741824     67108864
          32            1          21.287           64            4
          32            2           0.887          128            8
          32            4           1.032          256           16
          32            8           0.838          512           32
          32           16           0.813         1024           64
          32           32           0.812         2048          128
          32           64           0.827         4096          256
          32          128           0.869         8192          512
          32          256           0.921        16384         1024
          32          512           1.067        32768         2048
          32         1024           1.405        65536         4096
          32         2048           2.163       131072         8192
          32         4096           3.671       262144        16384
          32         8192           6.680       524288        32768
          32        16384          13.053      1048576        65536
          32        32768          25.229      2097152       131072
          32        65536          50.396      4194304       262144
          32       131072         100.283      8388608       524288
          32       262144         199.630     16777216      1048576
          32       524288         413.385     33554432      2097152
          32      1048576         836.629     67108864      4194304
          32      2097152        1614.043    134217728      8388608
          32      4194304        3295.013    268435456     16777216
          32      8388608        6549.029    536870912     33554432
          32     16777216       12935.621   1073741824     67108864
          64            1           3.746          128            8
          64            2           0.812          256           16
          64            4           0.821          512           32
          64            8           0.819         1024           64
          64           16           0.828         2048          128
          64           32           0.857         4096          256
          64           64           0.903         8192          512
          64          128           0.911        16384         1024
          64          256           1.069        32768         2048
          64          512           1.234        65536         4096
          64         1024           1.922       131072         8192
          64         2048           2.930       262144        16384
          64         4096           5.230       524288        32768
          64         8192           9.748      1048576        65536
          64        16384          19.214      2097152       131072
          64        32768          37.871      4194304       262144
          64        65536          74.676      8388608       524288
          64       131072         151.885     16777216      1048576
          64       262144         355.806     33554432      2097152
          64       524288         613.540     67108864      4194304
          64      1048576        1354.357    134217728      8388608
          64      2097152        3250.303    268435456     16777216
          64      4194304        4944.587    536870912     33554432
          64      8388608        9962.280   1073741824     67108864
         128            1        1770.940          256           16
         128            2           1.110          512           32
         128            4           0.885         1024           64
         128            8           1.005         2048          128
         128           16           0.910         4096          256
         128           32           0.925         8192          512
         128           64           0.861        16384         1024
         128          128           1.927        32768         2048
         128          256           0.809        65536         4096
         128          512           0.950       131072         8192
         128         1024           1.243       262144        16384
         128         2048           1.507       524288        32768
         128         4096           4.242      1048576        65536
         128         8192           7.987      2097152       131072
         128        16384          13.060      4194304       262144
         128        32768          27.261      8388608       524288
         128        65536          56.512     16777216      1048576
         128       131072         123.129     33554432      2097152
         128       262144         249.011     67108864      4194304
         128       524288         489.569    134217728      8388608
         128      1048576        1066.135    268435456     16777216
         128      2097152        2047.879    536870912     33554432
         128      4194304        4030.177   1073741824     67108864
         256            1           1.524          512           32
         256            2           1.952         1024           64
         256            4           0.935         2048          128
         256            8           0.949         4096          256
         256           16           0.871         8192          512
         256           32           0.928        16384         1024
         256           64           1.030        32768         2048
         256          128           1.213        65536         4096
         256          256           1.349       131072         8192
         256          512           1.725       262144        16384
         256         1024           2.455       524288        32768
         256         2048           3.843      1048576        65536
         256         4096           5.934      2097152       131072
         256         8192          12.104      4194304       262144
         256        16384          22.385      8388608       524288
         256        32768          46.185     16777216      1048576
         256        65536          96.163     33554432      2097152
         256       131072         180.438     67108864      4194304
         256       262144         357.052    134217728      8388608
         256       524288         722.175    268435456     16777216
         256      1048576        1720.325    536870912     33554432
         256      2097152        4111.537   1073741824     67108864
         512            1           3.607         1024           64
         512            2           5.802         2048          128
         512            4           2.905         4096          256
         512            8          11.639         8192          512
         512           16           3.648        16384         1024
         512           32           7.313        32768         2048
         512           64           3.544        65536         4096
         512          128           8.661       131072         8192
         512          256           5.216       262144        16384
         512          512           4.067       524288        32768
         512         1024           5.276      1048576        65536
         512         2048           6.024      2097152       131072
         512         4096          12.841      4194304       262144
         512         8192          12.853      8388608       524288
         512        16384          38.602     16777216      1048576
         512        32768          54.477     33554432      2097152
         512        65536         116.646     67108864      4194304
         512       131072         205.422    134217728      8388608
         512       262144         392.207    268435456     16777216
         512       524288        3111.886    536870912     33554432
         512      1048576        2531.674   1073741824     67108864
        1024            1        1539.180         2048          128
        1024            2           1.695         4096          256
        1024            4           1.005         8192          512
        1024            8           1.224        16384         1024
        1024           16           1.089        32768         2048
        1024           32           1.029        65536         4096
        1024           64           1.421       131072         8192
        1024          128           1.447       262144        16384
        1024          256           1.941       524288        32768
        1024          512           3.089      1048576        65536
        1024         1024           5.062      2097152       131072
        1024         2048           9.582      4194304       262144
        1024         4096          18.001      8388608       524288
        1024         8192          36.342     16777216      1048576
        1024        16384          73.186     33554432      2097152
        1024        32768         144.624     67108864      4194304
        1024        65536         298.004    134217728      8388608
        1024       131072        4609.284    268435456     16777216
        1024       262144        3497.917    536870912     33554432
        1024       524288        2671.004   1073741824     67108864
        2048            1           2.888         4096          256
        2048            2           0.929         8192          512
        2048            4           0.960        16384         1024
        2048            8           0.949        32768         2048
        2048           16           1.065        65536         4096
        2048           32           1.115       131072         8192
        2048           64           1.358       262144        16384
        2048          128           1.970       524288        32768
        2048          256           3.000      1048576        65536
        2048          512           4.615      2097152       131072
        2048         1024           8.936      4194304       262144
        2048         2048          17.945      8388608       524288
        2048         4096          36.136     16777216      1048576
        2048         8192          75.632     33554432      2097152
        2048        16384         149.493     67108864      4194304
        2048        32768         313.043    134217728      8388608
        2048        65536         621.945    268435456     16777216
        2048       131072        6805.105    536870912     33554432
        2048       262144       12295.075   1073741824     67108864
        4096            1           2.656         8192          512
        4096            2           8.143        16384         1024
        4096            4           6.410        32768         2048
        4096            8           3.753        65536         4096
        4096           16           5.500       131072         8192
        4096           32           6.819       262144        16384
        4096           64           3.719       524288        32768
        4096          128           5.361      1048576        65536
        4096          256           4.523      2097152       131072
        4096          512           8.290      4194304       262144
        4096         1024          16.777      8388608       524288
        4096         2048          34.412     16777216      1048576
        4096         4096          70.431     33554432      2097152
        4096         8192         160.070     67108864      4194304
        4096        16384         287.054    134217728      8388608
        4096        32768         576.859    268435456     16777216
        4096        65536        1209.830    536870912     33554432
        4096       131072        4298.674   1073741824     67108864
        8192            1           3.276        16384         1024
        8192            2           7.088        32768         2048
        8192            4           8.056        65536         4096
        8192            8           8.182       131072         8192
        8192           16           4.585       262144        16384
        8192           32           6.885       524288        32768
        8192           64           4.943      1048576        65536
        8192          128           9.795      2097152       131072
        8192          256          11.193      4194304       262144
        8192          512          16.825      8388608       524288
        8192         1024          34.777     16777216      1048576
        8192         2048          55.169     33554432      2097152
        8192         4096         117.770     67108864      4194304
        8192         8192         203.802    134217728      8388608
        8192        16384         443.502    268435456     16777216
        8192        32768        1456.723    536870912     33554432
        8192        65536        1878.861   1073741824     67108864
       16384            1        3932.322        32768         2048
       16384            2           4.394        65536         4096
       16384            4          14.118       131072         8192
       16384            8          18.667       262144        16384
       16384           16           5.361       524288        32768
       16384           32           5.768      1048576        65536
       16384           64           9.990      2097152       131072
       16384          128           8.605      4194304       262144
       16384          256          17.138      8388608       524288
       16384          512          24.592     16777216      1048576
       16384         1024          47.730     33554432      2097152
       16384         2048          89.885     67108864      4194304
       16384         4096         178.504    134217728      8388608
       16384         8192         324.940    268435456     16777216
       16384        16384        3202.230    536870912     33554432
       16384        32768        1357.792   1073741824     67108864
       32768            1          12.308        65536         4096
       32768            2           2.683       131072         8192
       32768            4           2.632       262144        16384
       32768            8           2.776       524288        32768
       32768           16           3.369      1048576        65536
       32768           32           5.091      2097152       131072
       32768           64           8.322      4194304       262144
       32768          128          14.475      8388608       524288
       32768          256          26.988     16777216      1048576
       32768          512          66.401     33554432      2097152
       32768         1024         105.519     67108864      4194304
       32768         2048         216.102    134217728      8388608
       32768         4096         404.905    268435456     16777216
       32768         8192        5551.318    536870912     33554432
       32768        16384        3640.170   1073741824     67108864
       65536            1           9.440       131072         8192
       65536            2           8.360       262144        16384
       65536            4          11.479       524288        32768
       65536            8           9.549      1048576        65536
       65536           16          10.845      2097152       131072
       65536           32          10.440      4194304       262144
       65536           64          17.289      8388608       524288
       65536          128          29.952     16777216      1048576
       65536          256          53.963     33554432      2097152
       65536          512         103.569     67108864      4194304
       65536         1024         203.424    134217728      8388608
       65536         2048         403.821    268435456     16777216
       65536         4096        4059.568    536870912     33554432
       65536         8192        5001.204   1073741824     67108864
      131072            1        3704.939       262144        16384
      131072            2         515.499       524288        32768
      131072            4        3436.196      1048576        65536
      131072            8          17.796      2097152       131072
      131072           16          14.187      4194304       262144
      131072           32          16.056      8388608       524288
      131072           64          23.219     16777216      1048576
      131072          128          38.885     33554432      2097152
      131072          256          71.463     67108864      4194304
      131072          512         128.264    134217728      8388608
      131072         1024         273.906    268435456     16777216
      131072         2048         503.545    536870912     33554432
      131072         4096        1031.355   1073741824     67108864
      262144            1          18.704       524288        32768
      262144            2          17.798      1048576        65536
      262144            4          16.323      2097152       131072
      262144            8          16.572      4194304       262144
      262144           16          22.431      8388608       524288
      262144           32          26.056     16777216      1048576
      262144           64          39.407     33554432      2097152
      262144          128          66.352     67108864      4194304
      262144          256         120.182    134217728      8388608
      262144          512         228.906    268435456     16777216
      262144         1024         519.816    536870912     33554432
      262144         2048         918.565   1073741824     67108864
      524288            1        3131.005      1048576        65536
      524288            2         508.183      2097152       131072
      524288            4          95.901      4194304       262144
      524288            8          73.234      8388608       524288
      524288           16          84.851     16777216      1048576
      524288           32         108.156     33554432      2097152
      524288           64         154.972     67108864      4194304
      524288          128         309.445    134217728      8388608
      524288          256         817.238    268435456     16777216
      524288          512         869.147    536870912     33554432
      524288         1024        1850.556   1073741824     67108864
     1048576            1        3042.546      2097152       131072
     1048576            2        3983.816      4194304       262144
     1048576            4        3742.022      8388608       524288
     1048576            8         194.814     16777216      1048576
     1048576           16         100.307     33554432      2097152
     1048576           32         156.859     67108864      4194304
     1048576           64         192.720    134217728      8388608
     1048576          128         310.539    268435456     16777216
     1048576          256         524.316    536870912     33554432
     1048576          512         842.683   1073741824     67108864
     2097152            1         247.298      4194304       262144
     2097152            2         389.053      8388608       524288
     2097152            4         506.321     16777216      1048576
     2097152            8         448.299     33554432      2097152
     2097152           16         504.664     67108864      4194304
     2097152           32        1048.060    134217728      8388608
     2097152           64         816.819    268435456     16777216
     2097152          128        1000.312    536870912     33554432
     2097152          256        1510.787   1073741824     67108864
     4194304            1         687.944      8388608       524288
     4194304            2        2572.815     16777216      1048576
     4194304            4        1738.526     33554432      2097152
     4194304            8        2613.599     67108864      4194304
     4194304           16        2114.920    134217728      8388608
     4194304           32        2716.122    268435456     16777216
     4194304           64        5081.121    536870912     33554432
     4194304          128        2516.409   1073741824     67108864
     8388608            1        1786.864     16777216      1048576
     8388608            2        3312.663     33554432      2097152
     8388608            4        3590.531     67108864      4194304
     8388608            8        3692.238    134217728      8388608
     8388608           16        3466.519    268435456     16777216
     8388608           32        4100.625    536870912     33554432
     8388608           64        4474.690   1073741824     67108864
    16777216            1        4320.476     33554432      2097152
    16777216            2       10653.570     67108864      4194304
    16777216            4       11988.073    134217728      8388608
    16777216            8       14749.702    268435456     16777216
    16777216           16       14294.959    536870912     33554432
    16777216           32       13797.639   1073741824     67108864
    33554432            1        8300.631     67108864      4194304
    33554432            2       24678.306    134217728      8388608
    33554432            4       20398.327    268435456     16777216
    33554432            8       18021.532    536870912     33554432
    33554432           16       17680.311   1073741824     67108864
    67108864            1       15585.724    134217728      8388608
    67108864            2       30890.256    268435456     16777216
    67108864            4       30164.006    536870912     33554432
    67108864            8       35413.077   1073741824     67108864
   134217728            1       38126.086    268435456     16777216
   134217728            2       67224.918    536870912     33554432
   134217728            4       73780.539   1073741824     67108864
   268435456            1       73320.465    536870912     33554432
   268435456            2      128199.605   1073741824     67108864
   536870912            1      123945.589   1073741824     67108864

META_DATA
FLOPS          1
OPENMP_THREADS 2
ERT_VERSION  1.1.0
HOSTNAME  ('minahil-k', [], ['2404:3100:104b:39a1:7128:cd83:7620:4e0'])
UNAME  uname_result(system='Linux', node='minahil-k', release='6.17.0-20-generic', version='#20~24.04.1-Ubuntu SMP PREEMPT_DYNAMIC Thu Mar 19 01:28:37 UTC 2', machine='x86_64')
TIMESTAMP_DATA  1778178989.8754685
CONFIG  {'ERT_RESULTS': ['Results'], 'ERT_DRIVER': ['driver1'], 'ERT_KERNEL': ['kernel1'], 'ERT_MPI': ['False'], 'ERT_MPI_CFLAGS': [], 'ERT_MPI_LDFLAGS': [], 'ERT_MPI_PROCS': ['1'], 'ERT_OPENMP': ['True'], 'ERT_OPENMP_CFLAGS': ['-fopenmp'], 'ERT_OPENMP_LDFLAGS': ['-fopenmp'], 'ERT_OPENMP_THREADS': ['1,2,4'], 'ERT_GPU': ['False'], 'ERT_GPU_CFLAGS': [], 'ERT_GPU_LDFLAGS': [], 'ERT_GPU_BLOCKS': ['1'], 'ERT_GPU_THREADS': ['1'], 'ERT_HIP': ['False'], 'ERT_OCL': ['False'], 'ERT_SYCL': ['False'], 'ERT_FLOPS': ['1,2,4,8,16'], 'ERT_ALIGN': ['32'], 'ERT_CC': ['g++'], 'ERT_CFLAGS': ['-O3', '-mavx2', '-march=native', '-ffast-math'], 'ERT_LD': ['g++'], 'ERT_LDFLAGS': [], 'ERT_LDLIBS': [], 'ERT_PRECISION': ['FP64'], 'ERT_PROCS_THREADS': ['4'], 'ERT_BLOCKS_THREADS': ['1'], 'ERT_WORKING_SET_MIN': ['1'], 'ERT_MEMORY_MAX': ['536870912'], 'ERT_WSS_MULT': ['2.0'], 'ERT_TRIALS_MIN': ['1'], 'ERT_NUM_EXPERIMENTS': ['3'], 'ERT_RUN': ['OMP_NUM_THREADS=ERT_OPENMP_THREADS', './ERT_CODE'], 'ERT_GNUPLOT': ['False']}
