fp64
          16            1           2.100           32            2
          16            2           1.060           64            4
          16            4           1.403          128            8
          16            8           0.803          256           16
          16           16           0.899          512           32
          16           32           0.840         1024           64
          16           64           0.846         2048          128
          16          128           0.866         4096          256
          16          256           0.934         8192          512
          16          512           1.212        16384         1024
          16         1024           1.470        32768         2048
          16         2048           2.130        65536         4096
          16         4096           3.672       131072         8192
          16         8192           6.771       262144        16384
          16        16384          13.029       524288        32768
          16        32768          25.789      1048576        65536
          16        65536          49.721      2097152       131072
          16       131072         101.550      4194304       262144
          16       262144         198.472      8388608       524288
          16       524288         393.535     16777216      1048576
          16      1048576         810.437     33554432      2097152
          16      2097152        1587.567     67108864      4194304
          16      4194304        3269.652    134217728      8388608
          16      8388608        6434.237    268435456     16777216
          16     16777216       12763.732    536870912     33554432
          16     33554432       25298.354   1073741824     67108864
          32            1           1.996           64            4
          32            2           0.677          128            8
          32            4           0.691          256           16
          32            8           0.685          512           32
          32           16           0.695         1024           64
          32           32           0.679         2048          128
          32           64           0.711         4096          256
          32          128           0.711         8192          512
          32          256           0.752        16384         1024
          32          512           0.858        32768         2048
          32         1024           1.044        65536         4096
          32         2048           1.426       131072         8192
          32         4096           2.186       262144        16384
          32         8192           3.702       524288        32768
          32        16384           6.741      1048576        65536
          32        32768          12.833      2097152       131072
          32        65536          25.004      4194304       262144
          32       131072          70.844      8388608       524288
          32       262144          99.844     16777216      1048576
          32       524288         195.321     33554432      2097152
          32      1048576         402.448     67108864      4194304
          32      2097152         960.530    134217728      8388608
          32      4194304        1734.890    268435456     16777216
          32      8388608        3169.012    536870912     33554432
          32     16777216        6560.467   1073741824     67108864
          64            1           2.147          128            8
          64            2           1.120          256           16
          64            4           0.792          512           32
          64            8           0.865         1024           64
          64           16           0.928         2048          128
          64           32           0.886         4096          256
          64           64           0.894         8192          512
          64          128           0.922        16384         1024
          64          256           1.802        32768         2048
          64          512           0.965        65536         4096
          64         1024           1.690       131072         8192
          64         2048           2.411       262144        16384
          64         4096           3.565       524288        32768
          64         8192           6.526      1048576        65536
          64        16384          12.464      2097152       131072
          64        32768          27.825      4194304       262144
          64        65536          45.017      8388608       524288
          64       131072          73.663     16777216      1048576
          64       262144         146.664     33554432      2097152
          64       524288         313.294     67108864      4194304
          64      1048576         584.597    134217728      8388608
          64      2097152        1204.524    268435456     16777216
          64      4194304        2655.198    536870912     33554432
          64      8388608        4869.727   1073741824     67108864
         128            1           4.884          256           16
         128            2           1.664          512           32
         128            4           1.016         1024           64
         128            8           0.892         2048          128
         128           16           0.949         4096          256
         128           32           0.878         8192          512
         128           64           0.875        16384         1024
         128          128           1.007        32768         2048
         128          256           1.064        65536         4096
         128          512           1.198       131072         8192
         128         1024           1.414       262144        16384
         128         2048           2.224       524288        32768
         128         4096           3.488      1048576        65536
         128         8192           5.923      2097152       131072
         128        16384          11.848      4194304       262144
         128        32768          26.722      8388608       524288
         128        65536          52.256     16777216      1048576
         128       131072          97.818     33554432      2097152
         128       262144         197.581     67108864      4194304
         128       524288         378.748    134217728      8388608
         128      1048576        1420.986    268435456     16777216
         128      2097152        1899.282    536870912     33554432
         128      4194304        3592.107   1073741824     67108864
         256            1         154.023          512           32
         256            2           1.172         1024           64
         256            4           0.972         2048          128
         256            8           0.943         4096          256
         256           16           0.833         8192          512
         256           32           0.855        16384         1024
         256           64           0.869        32768         2048
         256          128           0.944        65536         4096
         256          256           1.178       131072         8192
         256          512           1.410       262144        16384
         256         1024           2.232       524288        32768
         256         2048           3.636      1048576        65536
         256         4096           6.792      2097152       131072
         256         8192          12.909      4194304       262144
         256        16384          25.554      8388608       524288
         256        32768          49.905     16777216      1048576
         256        65536         110.576     33554432      2097152
         256       131072         197.153     67108864      4194304
         256       262144         401.179    134217728      8388608
         256       524288         807.092    268435456     16777216
         256      1048576        1634.774    536870912     33554432
         256      2097152        3258.851   1073741824     67108864
         512            1           2.386         1024           64
         512            2           3.498         2048          128
         512            4           1.003         4096          256
         512            8           1.072         8192          512
         512           16           1.122        16384         1024
         512           32           0.896        32768         2048
         512           64           1.037        65536         4096
         512          128           1.521       131072         8192
         512          256           1.388       262144        16384
         512          512           1.874       524288        32768
         512         1024           2.427      1048576        65536
         512         2048           3.889      2097152       131072
         512         4096           8.363      4194304       262144
         512         8192          24.293      8388608       524288
         512        16384          22.772     16777216      1048576
         512        32768          41.958     33554432      2097152
         512        65536          85.562     67108864      4194304
         512       131072         146.657    134217728      8388608
         512       262144         292.709    268435456     16777216
         512       524288         623.246    536870912     33554432
         512      1048576        1272.831   1073741824     67108864
        1024            1          44.803         2048          128
        1024            2           1.102         4096          256
        1024            4           1.108         8192          512
        1024            8           0.906        16384         1024
        1024           16           0.970        32768         2048
        1024           32           1.030        65536         4096
        1024           64           1.205       131072         8192
        1024          128           1.319       262144        16384
        1024          256           1.899       524288        32768
        1024          512           3.158      1048576        65536
        1024         1024           5.457      2097152       131072
        1024         2048           9.466      4194304       262144
        1024         4096          18.110      8388608       524288
        1024         8192          37.139     16777216      1048576
        1024        16384          73.288     33554432      2097152
        1024        32768         174.286     67108864      4194304
        1024        65536         379.848    134217728      8388608
        1024       131072         566.851    268435456     16777216
        1024       262144        1241.638    536870912     33554432
        1024       524288        3064.695   1073741824     67108864
        2048            1           4.860         4096          256
        2048            2           1.143         8192          512
        2048            4           1.296        16384         1024
        2048            8           1.034        32768         2048
        2048           16           1.114        65536         4096
        2048           32           1.115       131072         8192
        2048           64           1.318       262144        16384
        2048          128           1.774       524288        32768
        2048          256           2.759      1048576        65536
        2048          512           4.534      2097152       131072
        2048         1024           8.244      4194304       262144
        2048         2048          16.515      8388608       524288
        2048         4096          88.210     16777216      1048576
        2048         8192          65.065     33554432      2097152
        2048        16384         127.572     67108864      4194304
        2048        32768         261.690    134217728      8388608
        2048        65536         528.192    268435456     16777216
        2048       131072        1012.769    536870912     33554432
        2048       262144        1999.510   1073741824     67108864
        4096            1           2.321         8192          512
        4096            2          10.220        16384         1024
        4096            4           1.035        32768         2048
        4096            8           1.140        65536         4096
        4096           16           1.181       131072         8192
        4096           32           1.401       262144        16384
        4096           64           1.814       524288        32768
        4096          128           2.761      1048576        65536
        4096          256           4.714      2097152       131072
        4096          512           7.961      4194304       262144
        4096         1024          16.300      8388608       524288
        4096         2048          33.865     16777216      1048576
        4096         4096          68.441     33554432      2097152
        4096         8192         152.401     67108864      4194304
        4096        16384         317.475    134217728      8388608
        4096        32768         932.294    268435456     16777216
        4096        65536        1946.302    536870912     33554432
        4096       131072        2473.489   1073741824     67108864
        8192            1           3.373        16384         1024
        8192            2           1.349        32768         2048
        8192            4           1.410        65536         4096
        8192            8           1.362       131072         8192
        8192           16           1.519       262144        16384
        8192           32           4.239       524288        32768
        8192           64           2.742      1048576        65536
        8192          128           4.031      2097152       131072
        8192          256           7.165      4194304       262144
        8192          512          13.620      8388608       524288
        8192         1024          24.898     16777216      1048576
        8192         2048          49.438     33554432      2097152
        8192         4096          99.021     67108864      4194304
        8192         8192         201.301    134217728      8388608
        8192        16384         574.670    268435456     16777216
        8192        32768         946.904    536870912     33554432
        8192        65536        2361.389   1073741824     67108864
       16384            1          31.647        32768         2048
       16384            2           1.798        65536         4096
       16384            4           1.735       131072         8192
       16384            8           1.699       262144        16384
       16384           16           1.903       524288        32768
       16384           32           2.444      1048576        65536
       16384           64           3.930      2097152       131072
       16384          128           5.788      4194304       262144
       16384          256          11.380      8388608       524288
       16384          512          20.785     16777216      1048576
       16384         1024          39.359     33554432      2097152
       16384         2048          76.076     67108864      4194304
       16384         4096         153.698    134217728      8388608
       16384         8192         326.076    268435456     16777216
       16384        16384         649.038    536870912     33554432
       16384        32768         936.323   1073741824     67108864
       32768            1           5.638        65536         4096
       32768            2           2.227       131072         8192
       32768            4           1.825       262144        16384
       32768            8           1.967       524288        32768
       32768           16           1.922      1048576        65536
       32768           32           3.879      2097152       131072
       32768           64           7.762      4194304       262144
       32768          128           8.983      8388608       524288
       32768          256          17.490     16777216      1048576
       32768          512          32.884     33554432      2097152
       32768         1024         194.642     67108864      4194304
       32768         2048         142.449    134217728      8388608
       32768         4096         277.409    268435456     16777216
       32768         8192         547.662    536870912     33554432
       32768        16384        1199.364   1073741824     67108864
       65536            1         931.212       131072         8192
       65536            2           5.900       262144        16384
       65536            4           4.302       524288        32768
       65536            8           4.622      1048576        65536
       65536           16           5.786      2097152       131072
       65536           32           6.857      4194304       262144
       65536           64          11.998      8388608       524288
       65536          128          19.125     16777216      1048576
       65536          256          41.587     33554432      2097152
       65536          512          78.242     67108864      4194304
       65536         1024         150.199    134217728      8388608
       65536         2048         263.423    268435456     16777216
       65536         4096         540.657    536870912     33554432
       65536         8192        1516.659   1073741824     67108864
      131072            1          46.518       262144        16384
      131072            2          23.288       524288        32768
      131072            4           9.303      1048576        65536
      131072            8           9.930      2097152       131072
      131072           16          12.141      4194304       262144
      131072           32          17.723      8388608       524288
      131072           64          27.858     16777216      1048576
      131072          128          56.804     33554432      2097152
      131072          256          90.952     67108864      4194304
      131072          512         179.969    134217728      8388608
      131072         1024         296.680    268435456     16777216
      131072         2048         615.959    536870912     33554432
      131072         4096        1212.457   1073741824     67108864
      262144            1          29.393       524288        32768
      262144            2          36.802      1048576        65536
      262144            4          22.513      2097152       131072
      262144            8          23.108      4194304       262144
      262144           16          24.857      8388608       524288
      262144           32          30.378     16777216      1048576
      262144           64          45.000     33554432      2097152
      262144          128          94.741     67108864      4194304
      262144          256         135.668    134217728      8388608
      262144          512         405.647    268435456     16777216
      262144         1024         532.709    536870912     33554432
      262144         2048        1080.461   1073741824     67108864
      524288            1         113.518      1048576        65536
      524288            2         137.140      2097152       131072
      524288            4          47.052      4194304       262144
      524288            8          51.664      8388608       524288
      524288           16          55.245     16777216      1048576
      524288           32          72.763     33554432      2097152
      524288           64         109.759     67108864      4194304
      524288          128         180.367    134217728      8388608
      524288          256         407.337    268435456     16777216
      524288          512         576.504    536870912     33554432
      524288         1024        1073.850   1073741824     67108864
     1048576            1         218.823      2097152       131072
     1048576            2         179.829      4194304       262144
     1048576            4         186.082      8388608       524288
     1048576            8         121.861     16777216      1048576
     1048576           16         134.618     33554432      2097152
     1048576           32         136.501     67108864      4194304
     1048576           64         196.476    134217728      8388608
     1048576          128         293.520    268435456     16777216
     1048576          256         617.451    536870912     33554432
     1048576          512        1065.648   1073741824     67108864
     2097152            1         488.373      4194304       262144
     2097152            2         555.298      8388608       524288
     2097152            4         312.098     16777216      1048576
     2097152            8         452.726     33554432      2097152
     2097152           16        1029.289     67108864      4194304
     2097152           32         522.807    134217728      8388608
     2097152           64         818.538    268435456     16777216
     2097152          128        1030.327    536870912     33554432
     2097152          256        1778.945   1073741824     67108864
     4194304            1        1130.397      8388608       524288
     4194304            2        1997.410     16777216      1048576
     4194304            4        1882.253     33554432      2097152
     4194304            8        2317.607     67108864      4194304
     4194304           16        2451.050    134217728      8388608
     4194304           32        2312.869    268435456     16777216
     4194304           64        2617.417    536870912     33554432
     4194304          128        3723.093   1073741824     67108864
     8388608            1        2373.975     16777216      1048576
     8388608            2        3359.204     33554432      2097152
     8388608            4        3706.911     67108864      4194304
     8388608            8        3518.944    134217728      8388608
     8388608           16        3990.001    268435456     16777216
     8388608           32        3930.579    536870912     33554432
     8388608           64        4248.670   1073741824     67108864
    16777216            1        3494.575     33554432      2097152
    16777216            2        7277.934     67108864      4194304
    16777216            4        6942.739    134217728      8388608
    16777216            8        6847.612    268435456     16777216
    16777216           16        6995.270    536870912     33554432
    16777216           32        8371.720   1073741824     67108864
    33554432            1       11639.498     67108864      4194304
    33554432            2       21504.075    134217728      8388608
    33554432            4       18317.604    268435456     16777216
    33554432            8       16652.605    536870912     33554432
    33554432           16       17172.421   1073741824     67108864
    67108864            1       21147.512    134217728      8388608
    67108864            2       38296.174    268435456     16777216
    67108864            4       39358.002    536870912     33554432
    67108864            8       34568.536   1073741824     67108864
   134217728            1       33582.108    268435456     16777216
   134217728            2       77894.155    536870912     33554432
   134217728            4       70941.990   1073741824     67108864
   268435456            1       64002.318    536870912     33554432
   268435456            2      131743.105   1073741824     67108864
   536870912            1      138431.922   1073741824     67108864

META_DATA
FLOPS          1
OPENMP_THREADS 2
ERT_VERSION  1.1.0
HOSTNAME  ('minahil-k', [], ['2404:3100:104b:39a1:7128:cd83:7620:4e0'])
UNAME  uname_result(system='Linux', node='minahil-k', release='6.17.0-20-generic', version='#20~24.04.1-Ubuntu SMP PREEMPT_DYNAMIC Thu Mar 19 01:28:37 UTC 2', machine='x86_64')
TIMESTAMP_DATA  1778178994.9703689
CONFIG  {'ERT_RESULTS': ['Results'], 'ERT_DRIVER': ['driver1'], 'ERT_KERNEL': ['kernel1'], 'ERT_MPI': ['False'], 'ERT_MPI_CFLAGS': [], 'ERT_MPI_LDFLAGS': [], 'ERT_MPI_PROCS': ['1'], 'ERT_OPENMP': ['True'], 'ERT_OPENMP_CFLAGS': ['-fopenmp'], 'ERT_OPENMP_LDFLAGS': ['-fopenmp'], 'ERT_OPENMP_THREADS': ['1,2,4'], 'ERT_GPU': ['False'], 'ERT_GPU_CFLAGS': [], 'ERT_GPU_LDFLAGS': [], 'ERT_GPU_BLOCKS': ['1'], 'ERT_GPU_THREADS': ['1'], 'ERT_HIP': ['False'], 'ERT_OCL': ['False'], 'ERT_SYCL': ['False'], 'ERT_FLOPS': ['1,2,4,8,16'], 'ERT_ALIGN': ['32'], 'ERT_CC': ['g++'], 'ERT_CFLAGS': ['-O3', '-mavx2', '-march=native', '-ffast-math'], 'ERT_LD': ['g++'], 'ERT_LDFLAGS': [], 'ERT_LDLIBS': [], 'ERT_PRECISION': ['FP64'], 'ERT_PROCS_THREADS': ['4'], 'ERT_BLOCKS_THREADS': ['1'], 'ERT_WORKING_SET_MIN': ['1'], 'ERT_MEMORY_MAX': ['536870912'], 'ERT_WSS_MULT': ['2.0'], 'ERT_TRIALS_MIN': ['1'], 'ERT_NUM_EXPERIMENTS': ['3'], 'ERT_RUN': ['OMP_NUM_THREADS=ERT_OPENMP_THREADS', './ERT_CODE'], 'ERT_GNUPLOT': ['False']}
