fp64
          16            1           1.930           32            2
          16            2           0.992           64            4
          16            4           0.921          128            8
          16            8           0.905          256           16
          16           16           0.869          512           32
          16           32           0.881         1024           64
          16           64           0.887         2048          128
          16          128           0.929         4096          256
          16          256           0.933         8192          512
          16          512           2.022        16384         1024
          16         1024           1.056        32768         2048
          16         2048           1.421        65536         4096
          16         4096           2.187       131072         8192
          16         8192           3.701       262144        16384
          16        16384           6.745       524288        32768
          16        32768          12.827      1048576        65536
          16        65536          25.003      2097152       131072
          16       131072          49.334      4194304       262144
          16       262144          97.983      8388608       524288
          16       524288         195.307     16777216      1048576
          16      1048576         401.441     33554432      2097152
          16      2097152         786.947     67108864      4194304
          16      4194304        1817.441    134217728      8388608
          16      8388608        3512.789    268435456     16777216
          16     16777216        6417.182    536870912     33554432
          16     33554432       14385.697   1073741824     67108864
          32            1          41.230           64            4
          32            2           0.920          128            8
          32            4           0.871          256           16
          32            8           0.838          512           32
          32           16           0.919         1024           64
          32           32           0.946         2048          128
          32           64           0.828         4096          256
          32          128           0.908         8192          512
          32          256           0.909        16384         1024
          32          512           1.312        32768         2048
          32         1024           1.195        65536         4096
          32         2048           1.919       131072         8192
          32         4096           2.429       262144        16384
          32         8192           4.043       524288        32768
          32        16384           7.521      1048576        65536
          32        32768          18.696      2097152       131072
          32        65536          30.181      4194304       262144
          32       131072          58.574      8388608       524288
          32       262144         131.771     16777216      1048576
          32       524288         271.554     33554432      2097152
          32      1048576         588.352     67108864      4194304
          32      2097152        1497.741    134217728      8388608
          32      4194304        3039.334    268435456     16777216
          32      8388608        5587.759    536870912     33554432
          32     16777216       10734.630   1073741824     67108864
          64            1           1.505          128            8
          64            2           0.812          256           16
          64            4           0.709          512           32
          64            8           0.708         1024           64
          64           16           0.696         2048          128
          64           32           0.750         4096          256
          64           64           0.706         8192          512
          64          128           0.741        16384         1024
          64          256           0.818        32768         2048
          64          512           0.954        65536         4096
          64         1024           1.365       131072         8192
          64         2048           1.607       262144        16384
          64         4096           4.196       524288        32768
          64         8192           7.429      1048576        65536
          64        16384          15.126      2097152       131072
          64        32768          27.423      4194304       262144
          64        65536          43.219      8388608       524288
          64       131072         101.181     16777216      1048576
          64       262144         358.993     33554432      2097152
          64       524288         457.085     67108864      4194304
          64      1048576         729.102    134217728      8388608
          64      2097152        1391.341    268435456     16777216
          64      4194304        2384.486    536870912     33554432
          64      8388608        5669.224   1073741824     67108864
         128            1           2.428          256           16
         128            2           0.979          512           32
         128            4           0.715         1024           64
         128            8           0.703         2048          128
         128           16           0.694         4096          256
         128           32           0.694         8192          512
         128           64           0.717        16384         1024
         128          128           0.743        32768         2048
         128          256           0.811        65536         4096
         128          512           0.959       131072         8192
         128         1024           1.242       262144        16384
         128         2048           1.806       524288        32768
         128         4096           2.957      1048576        65536
         128         8192           5.242      2097152       131072
         128        16384          10.182      4194304       262144
         128        32768          21.148      8388608       524288
         128        65536          49.999     16777216      1048576
         128       131072          88.465     33554432      2097152
         128       262144         176.328     67108864      4194304
         128       524288         304.720    134217728      8388608
         128      1048576         662.053    268435456     16777216
         128      2097152        1245.020    536870912     33554432
         128      4194304        2911.182   1073741824     67108864
         256            1           2.421          512           32
         256            2           1.153         1024           64
         256            4           0.950         2048          128
         256            8           0.824         4096          256
         256           16           0.817         8192          512
         256           32           0.850        16384         1024
         256           64           0.877        32768         2048
         256          128           0.955        65536         4096
         256          256           1.088       131072         8192
         256          512           1.434       262144        16384
         256         1024           2.203       524288        32768
         256         2048           3.696      1048576        65536
         256         4096           6.779      2097152       131072
         256         8192          12.817      4194304       262144
         256        16384          24.998      8388608       524288
         256        32768          49.597     16777216      1048576
         256        65536         104.767     33554432      2097152
         256       131072         210.840     67108864      4194304
         256       262144         363.061    134217728      8388608
         256       524288         788.699    268435456     16777216
         256      1048576        1510.789    536870912     33554432
         256      2097152        3195.469   1073741824     67108864
         512            1          18.883         1024           64
         512            2           0.940         2048          128
         512            4           0.926         4096          256
         512            8           0.882         8192          512
         512           16           0.894        16384         1024
         512           32           0.927        32768         2048
         512           64           1.055        65536         4096
         512          128           1.117       131072         8192
         512          256           1.298       262144        16384
         512          512           1.990       524288        32768
         512         1024           3.138      1048576        65536
         512         2048           5.467      2097152       131072
         512         4096          10.226      4194304       262144
         512         8192          19.536      8388608       524288
         512        16384          38.743     16777216      1048576
         512        32768          76.480     33554432      2097152
         512        65536         152.294     67108864      4194304
         512       131072         317.748    134217728      8388608
         512       262144         544.226    268435456     16777216
         512       524288        1153.971    536870912     33554432
         512      1048576        2432.792   1073741824     67108864
        1024            1          25.482         2048          128
        1024            2           1.251         4096          256
        1024            4           1.302         8192          512
        1024            8           1.109        16384         1024
        1024           16           1.048        32768         2048
        1024           32           1.146        65536         4096
        1024           64           1.230       131072         8192
        1024          128           1.478       262144        16384
        1024          256           2.161       524288        32768
        1024          512           3.171      1048576        65536
        1024         1024           5.232      2097152       131072
        1024         2048           9.902      4194304       262144
        1024         4096          18.600      8388608       524288
        1024         8192         132.367     16777216      1048576
        1024        16384          68.698     33554432      2097152
        1024        32768         151.423     67108864      4194304
        1024        65536         273.177    134217728      8388608
        1024       131072         306.726    268435456     16777216
        1024       262144         501.299    536870912     33554432
        1024       524288        1102.500   1073741824     67108864
        2048            1           2.665         4096          256
        2048            2           1.064         8192          512
        2048            4           1.103        16384         1024
        2048            8           1.086        32768         2048
        2048           16           1.168        65536         4096
        2048           32           1.194       131072         8192
        2048           64           1.412       262144        16384
        2048          128           1.921       524288        32768
        2048          256           2.851      1048576        65536
        2048          512           4.781      2097152       131072
        2048         1024           8.740      4194304       262144
        2048         2048          15.753      8388608       524288
        2048         4096          33.989     16777216      1048576
        2048         8192          67.269     33554432      2097152
        2048        16384         140.559     67108864      4194304
        2048        32768         265.638    134217728      8388608
        2048        65536         536.448    268435456     16777216
        2048       131072        1096.206    536870912     33554432
        2048       262144        2501.565   1073741824     67108864
        4096            1        3909.998         8192          512
        4096            2           2.601        16384         1024
        4096            4           7.807        32768         2048
        4096            8           3.931        65536         4096
        4096           16           2.376       131072         8192
        4096           32           1.670       262144        16384
        4096           64           1.784       524288        32768
        4096          128           2.742      1048576        65536
        4096          256           4.616      2097152       131072
        4096          512           7.724      4194304       262144
        4096         1024          16.695      8388608       524288
        4096         2048          34.498     16777216      1048576
        4096         4096          69.249     33554432      2097152
        4096         8192         139.009     67108864      4194304
        4096        16384         289.827    134217728      8388608
        4096        32768         569.765    268435456     16777216
        4096        65536        1157.067    536870912     33554432
        4096       131072        2394.005   1073741824     67108864
        8192            1        1200.775        16384         1024
        8192            2        2144.016        32768         2048
        8192            4           2.543        65536         4096
        8192            8           2.128       131072         8192
        8192           16           1.690       262144        16384
        8192           32           2.368       524288        32768
        8192           64           3.037      1048576        65536
        8192          128         654.623      2097152       131072
        8192          256           8.694      4194304       262144
        8192          512          14.722      8388608       524288
        8192         1024          75.296     16777216      1048576
        8192         2048          56.408     33554432      2097152
        8192         4096         126.469     67108864      4194304
        8192         8192        1453.855    134217728      8388608
        8192        16384        1797.943    268435456     16777216
        8192        32768        2563.763    536870912     33554432
        8192        65536        2441.763   1073741824     67108864
       16384            1        2035.006        32768         2048
       16384            2           2.245        65536         4096
       16384            4           1.603       131072         8192
       16384            8           1.822       262144        16384
       16384           16           2.020       524288        32768
       16384           32           2.783      1048576        65536
       16384           64           5.018      2097152       131072
       16384          128           8.335      4194304       262144
       16384          256          15.849      8388608       524288
       16384          512          27.547     16777216      1048576
       16384         1024          53.840     33554432      2097152
       16384         2048         105.844     67108864      4194304
       16384         4096         250.081    134217728      8388608
       16384         8192         474.996    268435456     16777216
       16384        16384        1451.456    536870912     33554432
       16384        32768        1988.207   1073741824     67108864
       32768            1          41.033        65536         4096
       32768            2           2.898       131072         8192
       32768            4           2.396       262144        16384
       32768            8           2.571       524288        32768
       32768           16           3.202      1048576        65536
       32768           32           4.286      2097152       131072
       32768           64           6.717      4194304       262144
       32768          128          11.343      8388608       524288
       32768          256          20.754     16777216      1048576
       32768          512        1496.572     33554432      2097152
       32768         1024          69.385     67108864      4194304
       32768         2048         132.980    134217728      8388608
       32768         4096         403.316    268435456     16777216
       32768         8192         548.872    536870912     33554432
       32768        16384        1467.914   1073741824     67108864
       65536            1          28.763       131072         8192
       65536            2           5.235       262144        16384
       65536            4           4.439       524288        32768
       65536            8           4.910      1048576        65536
       65536           16           5.996      2097152       131072
       65536           32           8.492      4194304       262144
       65536           64          14.509      8388608       524288
       65536          128          20.768     16777216      1048576
       65536          256          38.607     33554432      2097152
       65536          512          80.550     67108864      4194304
       65536         1024         142.643    134217728      8388608
       65536         2048         282.918    268435456     16777216
       65536         4096         525.610    536870912     33554432
       65536         8192        1083.115   1073741824     67108864
      131072            1          23.463       262144        16384
      131072            2          22.991       524288        32768
      131072            4          12.613      1048576        65536
      131072            8          11.436      2097152       131072
      131072           16          13.568      4194304       262144
      131072           32          17.028      8388608       524288
      131072           64          23.454     16777216      1048576
      131072          128          38.454     33554432      2097152
      131072          256          70.562     67108864      4194304
      131072          512         173.428    134217728      8388608
      131072         1024         282.802    268435456     16777216
      131072         2048         580.608    536870912     33554432
      131072         4096        1149.805   1073741824     67108864
      262144            1         488.041       524288        32768
      262144            2          35.197      1048576        65536
      262144            4          22.523      2097152       131072
      262144            8          21.198      4194304       262144
      262144           16          26.025      8388608       524288
      262144           32          33.253     16777216      1048576
      262144           64          66.414     33554432      2097152
      262144          128          92.178     67108864      4194304
      262144          256         188.255    134217728      8388608
      262144          512         456.049    268435456     16777216
      262144         1024         693.961    536870912     33554432
      262144         2048        1274.567   1073741824     67108864
      524288            1          48.387      1048576        65536
      524288            2        1651.637      2097152       131072
      524288            4          80.137      4194304       262144
      524288            8          71.044      8388608       524288
      524288           16          79.453     16777216      1048576
      524288           32         103.302     33554432      2097152
      524288           64         158.093     67108864      4194304
      524288          128         556.243    134217728      8388608
      524288          256         443.874    268435456     16777216
      524288          512        2027.875    536870912     33554432
      524288         1024        1670.228   1073741824     67108864
     1048576            1         150.456      2097152       131072
     1048576            2         148.935      4194304       262144
     1048576            4         174.406      8388608       524288
     1048576            8         166.446     16777216      1048576
     1048576           16         211.383     33554432      2097152
     1048576           32         255.530     67108864      4194304
     1048576           64         337.332    134217728      8388608
     1048576          128         544.057    268435456     16777216
     1048576          256         879.984    536870912     33554432
     1048576          512        1595.591   1073741824     67108864
     2097152            1         558.871      4194304       262144
     2097152            2         606.670      8388608       524288
     2097152            4         360.587     16777216      1048576
     2097152            8         323.316     33554432      2097152
     2097152           16         388.243     67108864      4194304
     2097152           32         444.814    134217728      8388608
     2097152           64         710.087    268435456     16777216
     2097152          128         857.512    536870912     33554432
     2097152          256        1387.438   1073741824     67108864
     4194304            1         859.564      8388608       524288
     4194304            2        1487.759     16777216      1048576
     4194304            4        1195.385     33554432      2097152
     4194304            8        1311.394     67108864      4194304
     4194304           16        1592.014    134217728      8388608
     4194304           32        1151.691    268435456     16777216
     4194304           64        1378.591    536870912     33554432
     4194304          128        1908.759   1073741824     67108864
     8388608            1        1525.734     16777216      1048576
     8388608            2        3343.659     33554432      2097152
     8388608            4        2805.179     67108864      4194304
     8388608            8        3360.368    134217728      8388608
     8388608           16        3065.124    268435456     16777216
     8388608           32        3358.658    536870912     33554432
     8388608           64        4167.418   1073741824     67108864
    16777216            1        3192.136     33554432      2097152
    16777216            2        6783.257     67108864      4194304
    16777216            4        7475.861    134217728      8388608
    16777216            8        6697.290    268435456     16777216
    16777216           16        7793.927    536870912     33554432
    16777216           32        9927.527   1073741824     67108864
    33554432            1        6389.525     67108864      4194304
    33554432            2       14108.563    134217728      8388608
    33554432            4       15012.757    268435456     16777216
    33554432            8       14064.118    536870912     33554432
    33554432           16       15503.108   1073741824     67108864
    67108864            1       14190.773    134217728      8388608
    67108864            2       26391.946    268435456     16777216
    67108864            4       29912.132    536870912     33554432
    67108864            8       30331.147   1073741824     67108864
   134217728            1       34153.847    268435456     16777216
   134217728            2       72116.910    536870912     33554432
   134217728            4       68743.973   1073741824     67108864
   268435456            1       56349.735    536870912     33554432
   268435456            2      125027.650   1073741824     67108864
   536870912            1      118370.364   1073741824     67108864

META_DATA
FLOPS          1
OPENMP_THREADS 2
ERT_VERSION  1.1.0
HOSTNAME  ('minahil-k', [], ['2404:3100:104b:39a1:7128:cd83:7620:4e0'])
UNAME  uname_result(system='Linux', node='minahil-k', release='6.17.0-20-generic', version='#20~24.04.1-Ubuntu SMP PREEMPT_DYNAMIC Thu Mar 19 01:28:37 UTC 2', machine='x86_64')
TIMESTAMP_DATA  1778178999.3181343
CONFIG  {'ERT_RESULTS': ['Results'], 'ERT_DRIVER': ['driver1'], 'ERT_KERNEL': ['kernel1'], 'ERT_MPI': ['False'], 'ERT_MPI_CFLAGS': [], 'ERT_MPI_LDFLAGS': [], 'ERT_MPI_PROCS': ['1'], 'ERT_OPENMP': ['True'], 'ERT_OPENMP_CFLAGS': ['-fopenmp'], 'ERT_OPENMP_LDFLAGS': ['-fopenmp'], 'ERT_OPENMP_THREADS': ['1,2,4'], 'ERT_GPU': ['False'], 'ERT_GPU_CFLAGS': [], 'ERT_GPU_LDFLAGS': [], 'ERT_GPU_BLOCKS': ['1'], 'ERT_GPU_THREADS': ['1'], 'ERT_HIP': ['False'], 'ERT_OCL': ['False'], 'ERT_SYCL': ['False'], 'ERT_FLOPS': ['1,2,4,8,16'], 'ERT_ALIGN': ['32'], 'ERT_CC': ['g++'], 'ERT_CFLAGS': ['-O3', '-mavx2', '-march=native', '-ffast-math'], 'ERT_LD': ['g++'], 'ERT_LDFLAGS': [], 'ERT_LDLIBS': [], 'ERT_PRECISION': ['FP64'], 'ERT_PROCS_THREADS': ['4'], 'ERT_BLOCKS_THREADS': ['1'], 'ERT_WORKING_SET_MIN': ['1'], 'ERT_MEMORY_MAX': ['536870912'], 'ERT_WSS_MULT': ['2.0'], 'ERT_TRIALS_MIN': ['1'], 'ERT_NUM_EXPERIMENTS': ['3'], 'ERT_RUN': ['OMP_NUM_THREADS=ERT_OPENMP_THREADS', './ERT_CODE'], 'ERT_GNUPLOT': ['False']}
