fp64
 16 134217728 566933.51 566933.51 566933.51 7.575786613848245 7.575786613848245 7.575786613848245 3.7878933069241225 3.7878933069241225 3.7878933069241225
 32 67108864 289644.429 289644.429 289644.429 14.828413274953755 14.828413274953755 14.828413274953755 7.414206637476878 7.414206637476878 7.414206637476878
 64 33554432 144304.515 144304.515 144304.515 29.763221864541105 29.763221864541105 29.763221864541105 14.881610932270553 14.881610932270553 14.881610932270553
 128 16777216 75925.52 75925.52 75925.52 56.5681643800398 56.5681643800398 56.5681643800398 28.2840821900199 28.2840821900199 28.2840821900199
 256 8388608 44698.13 44698.13 44698.13 96.08829935391034 96.08829935391034 96.08829935391034 48.04414967695517 48.04414967695517 48.04414967695517
 512 4194304 32187.87 32187.87 32187.87 133.43434331007302 133.43434331007302 133.43434331007302 66.71717165503651 66.71717165503651 66.71717165503651
 1024 2097152 19861.527 19861.527 19861.527 216.24557346471906 216.24557346471906 216.24557346471906 108.12278673235953 108.12278673235953 108.12278673235953
 2048 1048576 14099.379 14099.379 14099.379 304.621025933128 304.621025933128 304.621025933128 152.310512966564 152.310512966564 152.310512966564
 4096 524288 19700.326 19700.326 19700.326 218.01503670548396 218.01503670548396 218.01503670548396 109.00751835274198 109.00751835274198 109.00751835274198
 8192 262144 16956.837 16956.837 16956.837 253.2882338846567 253.2882338846567 253.2882338846567 126.64411694232835 126.64411694232835 126.64411694232835
 16384 131072 14917.009 14917.009 14917.009 287.9241606678658 287.9241606678658 287.9241606678658 143.9620803339329 143.9620803339329 143.9620803339329
 32768 65536 22271.889 22271.889 22271.889 192.84252431394572 192.84252431394572 192.84252431394572 96.42126215697286 96.42126215697286 96.42126215697286
 65536 32768 14628.445 14628.445 14628.445 293.6038174939305 293.6038174939305 293.6038174939305 146.80190874696524 146.80190874696524 146.80190874696524
 131072 16384 15744.13 15744.13 15744.13 272.7980076384024 272.7980076384024 272.7980076384024 136.3990038192012 136.3990038192012 136.3990038192012
 262144 8192 15594.941 15594.941 15594.941 275.4077297246588 275.4077297246588 275.4077297246588 137.7038648623294 137.7038648623294 137.7038648623294
 524288 4096 14590.307 14590.307 14590.307 294.37127649198885 294.37127649198885 294.37127649198885 147.18563824599443 147.18563824599443 147.18563824599443
 1048576 2048 14335.476 14335.476 14335.476 299.6040937880263 299.6040937880263 299.6040937880263 149.80204689401316 149.80204689401316 149.80204689401316
 2097152 1024 16238.454 16238.454 16238.454 264.4936085664313 264.4936085664313 264.4936085664313 132.24680428321565 132.24680428321565 132.24680428321565
 4194304 512 18761.937 18761.937 18761.937 228.9191833444489 228.9191833444489 228.9191833444489 114.45959167222445 114.45959167222445 114.45959167222445
 8388608 256 21859.068 21859.068 21859.068 196.48446566889314 196.48446566889314 196.48446566889314 98.24223283444657 98.24223283444657 98.24223283444657
 16777216 128 31038.133 31038.133 31038.133 138.3771148863883 138.3771148863883 138.3771148863883 69.18855744319416 69.18855744319416 69.18855744319416
 33554432 64 51554.287 51554.287 51554.287 83.30960519345366 83.30960519345366 83.30960519345366 41.65480259672683 41.65480259672683 41.65480259672683
 67108864 32 58752.074 58752.074 58752.074 73.1032456147846 73.1032456147846 73.1032456147846 36.5516228073923 36.5516228073923 36.5516228073923
 134217728 16 65481.939 65481.939 65481.939 65.59010563202779 65.59010563202779 65.59010563202779 32.79505281601389 32.79505281601389 32.79505281601389
 268435456 8 67892.561 67892.561 67892.561 63.26123558662046 63.26123558662046 63.26123558662046 31.63061779331023 31.63061779331023 31.63061779331023
 536870912 4 76501.442 76501.442 76501.442 56.1423050823016 56.1423050823016 56.1423050823016 28.0711525411508 28.0711525411508 28.0711525411508
 1073741824 2 109200.802 109200.802 109200.802 39.330913485415614 39.330913485415614 39.330913485415614 19.665456742707807 19.665456742707807 19.665456742707807
 2147483648 1 95596.537 95596.537 95596.537 44.92806361803671 44.92806361803671 44.92806361803671 22.464031809018355 22.464031809018355 22.464031809018355
 
META_DATA
 FLOPS          8
 OPENMP_THREADS 2
 ERT_VERSION  1.1.0
 HOSTNAME  ('areeba-vm', [], ['127.0.1.1'])
 UNAME  uname_result(system='Linux', node='areeba-vm', release='6.17.0-23-generic', version='#23~24.04.1-Ubuntu SMP PREEMPT_DYNAMIC Tue Apr 14 16:11:48 UTC 2', machine='x86_64')
 TIMESTAMP_DATA  1778236653.6016595
 CONFIG  {'ERT_RESULTS': ['roofline/mylaptop/Results'], 'ERT_DRIVER': ['driver1'], 'ERT_KERNEL': ['kernel1'], 'ERT_MPI': ['False'], 'ERT_MPI_CFLAGS': [], 'ERT_MPI_LDFLAGS': [], 'ERT_MPI_PROCS': ['1'], 'ERT_OPENMP': ['True'], 'ERT_OPENMP_CFLAGS': ['-fopenmp'], 'ERT_OPENMP_LDFLAGS': ['-fopenmp'], 'ERT_OPENMP_THREADS': ['1,2,4'], 'ERT_GPU': ['False'], 'ERT_GPU_CFLAGS': [], 'ERT_GPU_LDFLAGS': [], 'ERT_GPU_BLOCKS': ['1'], 'ERT_GPU_THREADS': ['1'], 'ERT_HIP': ['False'], 'ERT_OCL': ['False'], 'ERT_SYCL': ['False'], 'ERT_FLOPS': ['1,2,4,8'], 'ERT_ALIGN': ['32'], 'ERT_CC': ['g++'], 'ERT_CFLAGS': ['-O3', '-march=native', '-mavx2', '-mfma', '-ffast-math'], 'ERT_LD': ['g++'], 'ERT_LDFLAGS': [], 'ERT_LDLIBS': [], 'ERT_PRECISION': ['FP64'], 'ERT_PROCS_THREADS': ['6'], 'ERT_BLOCKS_THREADS': ['1'], 'ERT_WORKING_SET_MIN': ['1'], 'ERT_MEMORY_MAX': ['2147483648'], 'ERT_WSS_MULT': ['2.0'], 'ERT_TRIALS_MIN': ['1'], 'ERT_NUM_EXPERIMENTS': ['1'], 'ERT_RUN': ['OMP_NUM_THREADS=ERT_OPENMP_THREADS', './ERT_CODE'], 'ERT_GNUPLOT': ['False']}
 