fp64

16 1 2.53 2.53 2.53 0.01264822134387352 0.01264822134387352 0.01264822134387352 0.00632411067193676 0.00632411067193676 0.00632411067193676
16 2 0.6 0.6 0.6 0.10666666666666667 0.10666666666666667 0.10666666666666667 0.05333333333333334 0.05333333333333334 0.05333333333333334
16 4 0.564 0.564 0.564 0.22695035460992913 0.22695035460992913 0.22695035460992913 0.11347517730496456 0.11347517730496456 0.11347517730496456
16 8 0.56 0.56 0.56 0.45714285714285713 0.45714285714285713 0.45714285714285713 0.22857142857142856 0.22857142857142856 0.22857142857142856
16 16 0.548 0.548 0.548 0.9343065693430656 0.9343065693430656 0.9343065693430656 0.4671532846715328 0.4671532846715328 0.4671532846715328
16 32 0.614 0.614 0.614 1.667752442996743 1.667752442996743 1.667752442996743 0.8338762214983715 0.8338762214983715 0.8338762214983715
16 64 0.753 0.753 0.753 2.719787516600266 2.719787516600266 2.719787516600266 1.359893758300133 1.359893758300133 1.359893758300133
16 128 1.03 1.03 1.03 3.9766990291262134 3.9766990291262134 3.9766990291262134 1.9883495145631067 1.9883495145631067 1.9883495145631067
16 256 1.579 1.579 1.579 5.188093730208993 5.188093730208993 5.188093730208993 2.5940468651044966 2.5940468651044966 2.5940468651044966
16 512 2.683 2.683 2.683 6.1065970928065605 6.1065970928065605 6.1065970928065605 3.0532985464032802 3.0532985464032802 3.0532985464032802
16 1024 5.022 5.022 5.022 6.524890481879729 6.524890481879729 6.524890481879729 3.2624452409398645 3.2624452409398645 3.2624452409398645
16 2048 9.179 9.179 9.179 7.139775574681338 7.139775574681338 7.139775574681338 3.569887787340669 3.569887787340669 3.569887787340669
16 4096 18.738 18.738 18.738 6.9949834560785575 6.9949834560785575 6.9949834560785575 3.4974917280392788 3.4974917280392788 3.4974917280392788
16 8192 37.723 37.723 37.723 6.949182196537922 6.949182196537922 6.949182196537922 3.474591098268961 3.474591098268961 3.474591098268961
16 16384 75.657 75.657 75.657 6.929801604610281 6.929801604610281 6.929801604610281 3.4649008023051406 3.4649008023051406 3.4649008023051406
16 32768 156.369 156.369 156.369 6.705779278501494 6.705779278501494 6.705779278501494 3.352889639250747 3.352889639250747 3.352889639250747
16 65536 304.309 304.309 304.309 6.891521446950304 6.891521446950304 6.891521446950304 3.445760723475152 3.445760723475152 3.445760723475152
16 131072 590.751 590.751 590.751 7.09995243342796 7.09995243342796 7.09995243342796 3.54997621671398 3.54997621671398 3.54997621671398
16 262144 1168.663 1168.663 1168.663 7.177952925693721 7.177952925693721 7.177952925693721 3.5889764628468606 3.5889764628468606 3.5889764628468606
16 524288 2332.332 2332.332 2332.332 7.193322391494865 7.193322391494865 7.193322391494865 3.5966611957474326 3.5966611957474326 3.5966611957474326
16 1048576 4651.983 4651.983 4651.983 7.2129309156976715 7.2129309156976715 7.2129309156976715 3.6064654578488358 3.6064654578488358 3.6064654578488358
16 2097152 9606.662 9606.662 9606.662 6.985658910451934 6.985658910451934 6.985658910451934 3.492829455225967 3.492829455225967 3.492829455225967
16 4194304 18870.617 18870.617 18870.617 7.1125246196242555 7.1125246196242555 7.1125246196242555 3.5562623098121278 3.5562623098121278 3.5562623098121278
16 8388608 38058.3 38058.3 38058.3 7.053269746678122 7.053269746678122 7.053269746678122 3.526634873339061 3.526634873339061 3.526634873339061
16 16777216 75475.937 75475.937 75475.937 7.113140072709531 7.113140072709531 7.113140072709531 3.5565700363547657 3.5565700363547657 3.5565700363547657
16 33554432 150744.639 150744.639 150744.639 7.122918805756005 7.122918805756005 7.122918805756005 3.5614594028780027 3.5614594028780027 3.5614594028780027
16 67108864 293426.948 293426.948 293426.948 7.318631307169512 7.318631307169512 7.318631307169512 3.659315653584756 3.659315653584756 3.659315653584756
16 134217728 566933.51 566933.51 566933.51 7.575786613848245 7.575786613848245 7.575786613848245 3.7878933069241225 3.7878933069241225 3.7878933069241225

32 1 1.009 1.009 1.009 0.06342913776015857 0.06342913776015857 0.06342913776015857 0.031714568880079286 0.031714568880079286 0.031714568880079286
32 2 0.554 0.554 0.554 0.23104693140794225 0.23104693140794225 0.23104693140794225 0.11552346570397112 0.11552346570397112 0.11552346570397112
32 4 0.58 0.58 0.58 0.44137931034482764 0.44137931034482764 0.44137931034482764 0.22068965517241382 0.22068965517241382 0.22068965517241382
32 8 0.558 0.558 0.558 0.9175627240143368 0.9175627240143368 0.9175627240143368 0.4587813620071684 0.4587813620071684 0.4587813620071684
32 16 0.663 0.663 0.663 1.5444947209653093 1.5444947209653093 1.5444947209653093 0.7722473604826546 0.7722473604826546 0.7722473604826546
32 32 0.634 0.634 0.634 3.2302839116719246 3.2302839116719246 3.2302839116719246 1.6151419558359623 1.6151419558359623 1.6151419558359623
32 64 0.778 0.778 0.778 5.264781491002571 5.264781491002571 5.264781491002571 2.6323907455012856 2.6323907455012856 2.6323907455012856
32 128 1.054 1.054 1.054 7.772296015180266 7.772296015180266 7.772296015180266 3.886148007590133 3.886148007590133 3.886148007590133
32 256 1.611 1.611 1.611 10.170080695220362 10.170080695220362 10.170080695220362 5.085040347610181 5.085040347610181 5.085040347610181
32 512 2.737 2.737 2.737 11.972232371209353 11.972232371209353 11.972232371209353 5.9861161856046765 5.9861161856046765 5.9861161856046765
32 1024 4.988 4.988 4.988 13.138732959101844 13.138732959101844 13.138732959101844 6.569366479550922 6.569366479550922 6.569366479550922
32 2048 9.491 9.491 9.491 13.810135918238332 13.810135918238332 13.810135918238332 6.905067959119166 6.905067959119166 6.905067959119166
32 4096 18.521 18.521 18.521 14.153879380163058 14.153879380163058 14.153879380163058 7.076939690081529 7.076939690081529 7.076939690081529
32 8192 36.531 36.531 36.531 14.35186553885741 14.35186553885741 14.35186553885741 7.175932769428705 7.175932769428705 7.175932769428705
32 16384 72.603 72.603 72.603 14.442598790683583 14.442598790683583 14.442598790683583 7.221299395341791 7.221299395341791 7.221299395341791
32 32768 144.688 144.688 144.688 14.494304987282982 14.494304987282982 14.494304987282982 7.247152493641491 7.247152493641491 7.247152493641491
32 65536 304.958 304.958 304.958 13.753710346998602 13.753710346998602 13.753710346998602 6.876855173499301 6.876855173499301 6.876855173499301
32 131072 537.938 537.938 537.938 15.594005257111416 15.594005257111416 15.594005257111416 7.797002628555708 7.797002628555708 7.797002628555708
32 262144 1078.028 1078.028 1078.028 15.562875917879685 15.562875917879685 15.562875917879685 7.781437958939843 7.781437958939843 7.781437958939843
32 524288 2171.076 2171.076 2171.076 15.455208385150957 15.455208385150957 15.455208385150957 7.727604192575479 7.727604192575479 7.727604192575479
32 1048576 5608.981 5608.981 5608.981 11.964537587130355 11.964537587130355 11.964537587130355 5.9822687935651775 5.9822687935651775 5.9822687935651775
32 2097152 8734.379 8734.379 8734.379 15.366602250715248 15.366602250715248 15.366602250715248 7.683301125357624 7.683301125357624 7.683301125357624
32 4194304 17501.79 17501.79 17501.79 15.337600096904374 15.337600096904374 15.337600096904374 7.668800048452187 7.668800048452187 7.668800048452187
32 8388608 36774.126 36774.126 36774.126 14.599148107558017 14.599148107558017 14.599148107558017 7.299574053779009 7.299574053779009 7.299574053779009
32 16777216 73125.359 73125.359 73125.359 14.683576787636694 14.683576787636694 14.683576787636694 7.341788393818347 7.341788393818347 7.341788393818347
32 33554432 144828.412 144828.412 144828.412 14.827778737227332 14.827778737227332 14.827778737227332 7.413889368613666 7.413889368613666 7.413889368613666
32 67108864 289644.429 289644.429 289644.429 14.828413274953755 14.828413274953755 14.828413274953755 7.414206637476878 7.414206637476878 7.414206637476878

64 1 0.761 0.761 0.761 0.16819973718791065 0.16819973718791065 0.16819973718791065 0.08409986859395532 0.08409986859395532 0.08409986859395532
64 2 0.645 0.645 0.645 0.3968992248062016 0.3968992248062016 0.3968992248062016 0.1984496124031008 0.1984496124031008 0.1984496124031008
64 4 0.563 0.563 0.563 0.9094138543516875 0.9094138543516875 0.9094138543516875 0.45470692717584377 0.45470692717584377 0.45470692717584377
64 8 0.561 0.561 0.561 1.825311942959002 1.825311942959002 1.825311942959002 0.912655971479501 0.912655971479501 0.912655971479501
64 16 0.557 0.557 0.557 3.6768402154398565 3.6768402154398565 3.6768402154398565 1.8384201077199283 1.8384201077199283 1.8384201077199283
64 32 0.609 0.609 0.609 6.725779967159278 6.725779967159278 6.725779967159278 3.362889983579639 3.362889983579639 3.362889983579639
64 64 0.767 0.767 0.767 10.68057366362451 10.68057366362451 10.68057366362451 5.340286831812255 5.340286831812255 5.340286831812255
64 128 1.031 1.031 1.031 15.891367604267703 15.891367604267703 15.891367604267703 7.945683802133852 7.945683802133852 7.945683802133852
64 256 1.582 1.582 1.582 20.713021491782555 20.713021491782555 20.713021491782555 10.356510745891278 10.356510745891278 10.356510745891278
64 512 2.68 2.68 2.68 24.453731343283582 24.453731343283582 24.453731343283582 12.226865671641791 12.226865671641791 12.226865671641791
64 1024 4.882 4.882 4.882 26.8480131093814 26.8480131093814 26.8480131093814 13.4240065546907 13.4240065546907 13.4240065546907
64 2048 9.157 9.157 9.157 28.627716501037458 28.627716501037458 28.627716501037458 14.313858250518729 14.313858250518729 14.313858250518729
64 4096 18.349 18.349 18.349 28.57311025123985 28.57311025123985 28.57311025123985 14.286555125619925 14.286555125619925 14.286555125619925
64 8192 36.819 36.819 36.819 28.47920910399522 28.47920910399522 28.47920910399522 14.23960455199761 14.23960455199761 14.23960455199761
64 16384 73.923 73.923 73.923 28.369411414580036 28.369411414580036 28.369411414580036 14.184705707290018 14.184705707290018 14.184705707290018
64 32768 154.094 154.094 154.094 27.21912598803328 27.21912598803328 27.21912598803328 13.60956299401664 13.60956299401664 13.60956299401664
64 65536 295.192 295.192 295.192 28.417463887910245 28.417463887910245 28.417463887910245 14.208731943955122 14.208731943955122 14.208731943955122
64 131072 573.326 573.326 573.326 29.2629603401904 29.2629603401904 29.2629603401904 14.6314801700952 14.6314801700952 14.6314801700952
64 262144 1138.071 1138.071 1138.071 29.483601638210626 29.483601638210626 29.483601638210626 14.741800819105313 14.741800819105313 14.741800819105313
64 524288 2284.567 2284.567 2284.567 29.374872349990177 29.374872349990177 29.374872349990177 14.687436174995089 14.687436174995089 14.687436174995089
64 1048576 4616.477 4616.477 4616.477 29.073626490503475 29.073626490503475 29.073626490503475 14.536813245251738 14.536813245251738 14.536813245251738
64 2097152 9318.937 9318.937 9318.937 28.805372973333764 28.805372973333764 28.805372973333764 14.402686486666882 14.402686486666882 14.402686486666882
64 4194304 18574.791 18574.791 18574.791 28.90320068742631 28.90320068742631 28.90320068742631 14.451600343713155 14.451600343713155 14.451600343713155
64 8388608 38210.473 38210.473 38210.473 28.100720553760226 28.100720553760226 28.100720553760226 14.050360276880113 14.050360276880113 14.050360276880113
64 16777216 79347.308 79347.308 79347.308 27.06435419333949 27.06435419333949 27.06435419333949 13.532177096669745 13.532177096669745 13.532177096669745
64 33554432 144304.515 144304.515 144304.515 29.763221864541105 29.763221864541105 29.763221864541105 14.881610932270553 14.881610932270553 14.881610932270553

128 1 1.121 1.121 1.121 0.2283675289919715 0.2283675289919715 0.2283675289919715 0.11418376449598575 0.11418376449598575 0.11418376449598575
128 2 0.561 0.561 0.561 0.912655971479501 0.912655971479501 0.912655971479501 0.4563279857397505 0.4563279857397505 0.4563279857397505
128 4 0.611 0.611 0.611 1.6759410801963996 1.6759410801963996 1.6759410801963996 0.8379705400981998 0.8379705400981998 0.8379705400981998
128 8 0.565 0.565 0.565 3.6247787610619473 3.6247787610619473 3.6247787610619473 1.8123893805309736 1.8123893805309736 1.8123893805309736
128 16 0.595 0.595 0.595 6.884033613445379 6.884033613445379 6.884033613445379 3.4420168067226893 3.4420168067226893 3.4420168067226893
128 32 0.605 0.605 0.605 13.540495867768595 13.540495867768595 13.540495867768595 6.770247933884297 6.770247933884297 6.770247933884297
128 64 0.748 0.748 0.748 21.903743315508024 21.903743315508024 21.903743315508024 10.951871657754012 10.951871657754012 10.951871657754012
128 128 1.028 1.028 1.028 31.87548638132296 31.87548638132296 31.87548638132296 15.93774319066148 15.93774319066148 15.93774319066148
128 256 1.581 1.581 1.581 41.45224541429475 41.45224541429475 41.45224541429475 20.726122707147375 20.726122707147375 20.726122707147375
128 512 2.704 2.704 2.704 48.47337278106509 48.47337278106509 48.47337278106509 24.236686390532544 24.236686390532544 24.236686390532544
128 1024 4.947 4.947 4.947 52.99049929250051 52.99049929250051 52.99049929250051 26.495249646250254 26.495249646250254 26.495249646250254
128 2048 9.445 9.445 9.445 55.509581789306516 55.509581789306516 55.509581789306516 27.754790894653258 27.754790894653258 27.754790894653258
128 4096 18.373 18.373 18.373 57.071572416045285 57.071572416045285 57.071572416045285 28.535786208022643 28.535786208022643 28.535786208022643
128 8192 36.185 36.185 36.185 57.95639076965594 57.95639076965594 57.95639076965594 28.97819538482797 28.97819538482797 28.97819538482797
128 16384 73.362 73.362 73.362 57.17270521523405 57.17270521523405 57.17270521523405 28.586352607617027 28.586352607617027 28.586352607617027
128 32768 143.869 143.869 143.869 58.307265637489664 58.307265637489664 58.307265637489664 29.153632818744832 29.153632818744832 29.153632818744832
128 65536 281.917 281.917 281.917 59.51118946356553 59.51118946356553 59.51118946356553 29.755594731782764 29.755594731782764 29.755594731782764
128 131072 551.255 551.255 551.255 60.869165812554996 60.869165812554996 60.869165812554996 30.434582906277498 30.434582906277498 30.434582906277498
128 262144 1116.945 1116.945 1116.945 60.082514358361436 60.082514358361436 60.082514358361436 30.041257179180718 30.041257179180718 30.041257179180718
128 524288 2390.064 2390.064 2390.064 56.156541414790574 56.156541414790574 56.156541414790574 28.078270707395287 28.078270707395287 28.078270707395287
128 1048576 4852.65 4852.65 4852.65 55.3172917890225 55.3172917890225 55.3172917890225 27.65864589451125 27.65864589451125 27.65864589451125
128 2097152 9618.405 9618.405 9618.405 55.817041598892956 55.817041598892956 55.817041598892956 27.908520799446478 27.908520799446478 27.908520799446478
128 4194304 18738.234 18738.234 18738.234 57.302188882901135 57.302188882901135 57.302188882901135 28.651094441450567 28.651094441450567 28.651094441450567
128 8388608 39622.79 39622.79 39622.79 54.198193716293076 54.198193716293076 54.198193716293076 27.099096858146538 27.099096858146538 27.099096858146538
128 16777216 75925.52 75925.52 75925.52 56.5681643800398 56.5681643800398 56.5681643800398 28.2840821900199 28.2840821900199 28.2840821900199

256 1 1.035 1.035 1.035 0.49468599033816435 0.49468599033816435 0.49468599033816435 0.24734299516908217 0.24734299516908217 0.24734299516908217
256 2 0.588 0.588 0.588 1.7414965986394562 1.7414965986394562 1.7414965986394562 0.8707482993197281 0.8707482993197281 0.8707482993197281
256 4 0.605 0.605 0.605 3.3851239669421487 3.3851239669421487 3.3851239669421487 1.6925619834710743 1.6925619834710743 1.6925619834710743
256 8 0.586 0.586 0.586 6.989761092150172 6.989761092150172 6.989761092150172 3.494880546075086 3.494880546075086 3.494880546075086
256 16 0.58 0.58 0.58 14.124137931034484 14.124137931034484 14.124137931034484 7.062068965517242 7.062068965517242 7.062068965517242
256 32 0.662 0.662 0.662 24.749244712990937 24.749244712990937 24.749244712990937 12.374622356495468 12.374622356495468 12.374622356495468
256 64 0.799 0.799 0.799 41.011264080100126 41.011264080100126 41.011264080100126 20.505632040050063 20.505632040050063 20.505632040050063
256 128 1.091 1.091 1.091 60.06966086159487 60.06966086159487 60.06966086159487 30.034830430797435 30.034830430797435 30.034830430797435
256 256 1.68 1.68 1.68 78.01904761904763 78.01904761904763 78.01904761904763 39.00952380952381 39.00952380952381 39.00952380952381
256 512 2.842 2.842 2.842 92.23926812104152 92.23926812104152 92.23926812104152 46.11963406052076 46.11963406052076 46.11963406052076
256 1024 5.177 5.177 5.177 101.27255167085185 101.27255167085185 101.27255167085185 50.63627583542593 50.63627583542593 50.63627583542593
256 2048 9.86 9.86 9.86 106.34645030425966 106.34645030425966 106.34645030425966 53.17322515212983 53.17322515212983 53.17322515212983
256 4096 19.261 19.261 19.261 108.88074347126317 108.88074347126317 108.88074347126317 54.44037173563159 54.44037173563159 54.44037173563159
256 8192 37.989 37.989 37.989 110.40838137355551 110.40838137355551 110.40838137355551 55.20419068677776 55.20419068677776 55.20419068677776
256 16384 75.559 75.559 75.559 111.0206328829127 111.0206328829127 111.0206328829127 55.51031644145635 55.51031644145635 55.51031644145635
256 32768 150.583 150.583 150.583 111.41507341466169 111.41507341466169 111.41507341466169 55.707536707330846 55.707536707330846 55.707536707330846
256 65536 314.421 314.421 314.421 106.71816449919058 106.71816449919058 106.71816449919058 53.35908224959529 53.35908224959529 53.35908224959529
256 131072 602.261 602.261 602.261 111.42820803605082 111.42820803605082 111.42820803605082 55.71410401802541 55.71410401802541 55.71410401802541
256 262144 1200.515 1200.515 1200.515 111.80012577935302 111.80012577935302 111.80012577935302 55.90006288967651 55.90006288967651 55.90006288967651
256 524288 2429.303 2429.303 2429.303 110.4989604013991 110.4989604013991 110.4989604013991 55.24948020069955 55.24948020069955 55.24948020069955
256 1048576 4806.218 4806.218 4806.218 111.703404215123 111.703404215123 111.703404215123 55.8517021075615 55.8517021075615 55.8517021075615
256 2097152 9674.189 9674.189 9674.189 110.99037076906396 110.99037076906396 110.99037076906396 55.49518538453198 55.49518538453198 55.49518538453198
256 4194304 21260.674 21260.674 21260.674 101.00731745381168 101.00731745381168 101.00731745381168 50.50365872690584 50.50365872690584 50.50365872690584
256 8388608 44698.13 44698.13 44698.13 96.08829935391034 96.08829935391034 96.08829935391034 48.04414967695517 48.04414967695517 48.04414967695517

512 1 1.084 1.084 1.084 0.9446494464944649 0.9446494464944649 0.9446494464944649 0.47232472324723246 0.47232472324723246 0.47232472324723246
512 2 0.58 0.58 0.58 3.531034482758621 3.531034482758621 3.531034482758621 1.7655172413793105 1.7655172413793105 1.7655172413793105
512 4 0.655 0.655 0.655 6.253435114503818 6.253435114503818 6.253435114503818 3.126717557251909 3.126717557251909 3.126717557251909
512 8 0.616 0.616 0.616 13.2987012987013 13.2987012987013 13.2987012987013 6.64935064935065 6.64935064935065 6.64935064935065
512 16 0.626 0.626 0.626 26.172523961661344 26.172523961661344 26.172523961661344 13.086261980830672 13.086261980830672 13.086261980830672
512 32 0.708 0.708 0.708 46.28248587570622 46.28248587570622 46.28248587570622 23.14124293785311 23.14124293785311 23.14124293785311
512 64 0.849 0.849 0.849 77.1919905771496 77.1919905771496 77.1919905771496 38.5959952885748 38.5959952885748 38.5959952885748
512 128 1.168 1.168 1.168 112.2191780821918 112.2191780821918 112.2191780821918 56.1095890410959 56.1095890410959 56.1095890410959
512 256 1.807 1.807 1.807 145.07138904261208 145.07138904261208 145.07138904261208 72.53569452130604 72.53569452130604 72.53569452130604
512 512 3.113 3.113 3.113 168.41888853196275 168.41888853196275 168.41888853196275 84.20944426598138 84.20944426598138 84.20944426598138
512 1024 5.585 5.585 5.585 187.74861235452104 187.74861235452104 187.74861235452104 93.87430617726052 93.87430617726052 93.87430617726052
512 2048 10.636 10.636 10.636 197.17487777359912 197.17487777359912 197.17487777359912 98.58743888679956 98.58743888679956 98.58743888679956
512 4096 20.752 20.752 20.752 202.11565150346956 202.11565150346956 202.11565150346956 101.05782575173478 101.05782575173478 101.05782575173478
512 8192 40.992 40.992 40.992 204.64012490242 204.64012490242 204.64012490242 102.32006245121 102.32006245121 102.32006245121
512 16384 81.409 81.409 81.409 206.08551880013266 206.08551880013266 206.08551880013266 103.04275940006633 103.04275940006633 103.04275940006633
512 32768 162.284 162.284 162.284 206.76364891178432 206.76364891178432 206.76364891178432 103.38182445589216 103.38182445589216 103.38182445589216
512 65536 324.086 324.086 324.086 207.07116012416458 207.07116012416458 207.07116012416458 103.53558006208229 103.53558006208229 103.53558006208229
512 131072 674.261 674.261 674.261 199.0590112730827 199.0590112730827 199.0590112730827 99.52950563654134 99.52950563654134 99.52950563654134
512 262144 1384.301 1384.301 1384.301 193.91408082490733 193.91408082490733 193.91408082490733 96.95704041245367 96.95704041245367 96.95704041245367
512 524288 3207.483 3207.483 3207.483 167.38075057607477 167.38075057607477 167.38075057607477 83.69037528803739 83.69037528803739 83.69037528803739
512 1048576 6909.92 6909.92 6909.92 155.39135387963972 155.39135387963972 155.39135387963972 77.69567693981986 77.69567693981986 77.69567693981986
512 2097152 13438.688 13438.688 13438.688 159.79860891182236 159.79860891182236 159.79860891182236 79.89930445591118 79.89930445591118 79.89930445591118
512 4194304 32187.87 32187.87 32187.87 133.43434331007302 133.43434331007302 133.43434331007302 66.71717165503651 66.71717165503651 66.71717165503651

1024 1 1.014 1.014 1.014 2.019723865877712 2.019723865877712 2.019723865877712 1.009861932938856 1.009861932938856 1.009861932938856
1024 2 0.615 0.615 0.615 6.660162601626016 6.660162601626016 6.660162601626016 3.330081300813008 3.330081300813008 3.330081300813008
1024 4 0.652 0.652 0.652 12.56441717791411 12.56441717791411 12.56441717791411 6.282208588957055 6.282208588957055 6.282208588957055
1024 8 0.65 0.65 0.65 25.206153846153846 25.206153846153846 25.206153846153846 12.603076923076923 12.603076923076923 12.603076923076923
1024 16 0.706 0.706 0.706 46.41359773371105 46.41359773371105 46.41359773371105 23.206798866855525 23.206798866855525 23.206798866855525
1024 32 0.823 0.823 0.823 79.63061968408263 79.63061968408263 79.63061968408263 39.815309842041316 39.815309842041316 39.815309842041316
1024 64 1.076 1.076 1.076 121.81412639405204 121.81412639405204 121.81412639405204 60.90706319702602 60.90706319702602 60.90706319702602
1024 128 1.576 1.576 1.576 166.33502538071068 166.33502538071068 166.33502538071068 83.16751269035534 83.16751269035534 83.16751269035534
1024 256 2.573 2.573 2.573 203.76525456665374 203.76525456665374 203.76525456665374 101.88262728332687 101.88262728332687 101.88262728332687
1024 512 6.291 6.291 6.291 166.67874741694484 166.67874741694484 166.67874741694484 83.33937370847242 83.33937370847242 83.33937370847242
1024 1024 9.99 9.99 9.99 209.9251251251251 209.9251251251251 209.9251251251251 104.96256256256255 104.96256256256255 104.96256256256255
1024 2048 22.37 22.37 22.37 187.4968261063925 187.4968261063925 187.4968261063925 93.74841305319624 93.74841305319624 93.74841305319624
1024 4096 50.78 50.78 50.78 165.1951161874754 165.1951161874754 165.1951161874754 82.5975580937377 82.5975580937377 82.5975580937377
1024 8192 90.931 90.931 90.931 184.50491031661372 184.50491031661372 184.50491031661372 92.25245515830686 92.25245515830686 92.25245515830686
1024 16384 170.526 170.526 170.526 196.77018167317595 196.77018167317595 196.77018167317595 98.38509083658798 98.38509083658798 98.38509083658798
1024 32768 332.968 332.968 332.968 201.54748804689942 201.54748804689942 201.54748804689942 100.77374402344971 100.77374402344971 100.77374402344971
1024 65536 444.682 444.682 444.682 301.82856063434093 301.82856063434093 301.82856063434093 150.91428031717047 150.91428031717047 150.91428031717047
1024 131072 920.611 920.611 920.611 291.58401974340956 291.58401974340956 291.58401974340956 145.79200987170478 145.79200987170478 145.79200987170478
1024 262144 2035.275 2035.275 2035.275 263.7829836262913 263.7829836262913 263.7829836262913 131.89149181314565 131.89149181314565 131.89149181314565
1024 524288 4742.262 4742.262 4742.262 226.41976002169432 226.41976002169432 226.41976002169432 113.20988001084716 113.20988001084716 113.20988001084716
1024 1048576 9500.845 9500.845 9500.845 226.03080547046082 226.03080547046082 226.03080547046082 113.01540273523041 113.01540273523041 113.01540273523041
1024 2097152 19861.527 19861.527 19861.527 216.24557346471906 216.24557346471906 216.24557346471906 108.12278673235953 108.12278673235953 108.12278673235953

2048 1 0.903 0.903 0.903 4.535991140642304 4.535991140642304 4.535991140642304 2.267995570321152 2.267995570321152 2.267995570321152
2048 2 0.617 0.617 0.617 13.27714748784441 13.27714748784441 13.27714748784441 6.638573743922205 6.638573743922205 6.638573743922205
2048 4 0.666 0.666 0.666 24.6006006006006 24.6006006006006 24.6006006006006 12.3003003003003 12.3003003003003 12.3003003003003
2048 8 0.684 0.684 0.684 47.90643274853801 47.90643274853801 47.90643274853801 23.953216374269005 23.953216374269005 23.953216374269005
2048 16 0.785 0.785 0.785 83.48535031847135 83.48535031847135 83.48535031847135 41.742675159235674 41.742675159235674 41.742675159235674
2048 32 1.01 1.01 1.01 129.77425742574258 129.77425742574258 129.77425742574258 64.88712871287129 64.88712871287129 64.88712871287129
2048 64 1.485 1.485 1.485 176.5279461279461 176.5279461279461 176.5279461279461 88.26397306397305 88.26397306397305 88.26397306397305
2048 128 2.365 2.365 2.365 221.68625792811838 221.68625792811838 221.68625792811838 110.84312896405919 110.84312896405919 110.84312896405919
2048 256 4.156 4.156 4.156 252.30413859480274 252.30413859480274 252.30413859480274 126.15206929740137 126.15206929740137 126.15206929740137
2048 512 7.828 7.828 7.828 267.903934593766 267.903934593766 267.903934593766 133.951967296883 133.951967296883 133.951967296883
2048 1024 15.115 15.115 15.115 277.4928217002977 277.4928217002977 277.4928217002977 138.74641085014886 138.74641085014886 138.74641085014886
2048 2048 25.15 25.15 25.15 333.54306163021874 333.54306163021874 333.54306163021874 166.77153081510937 166.77153081510937 166.77153081510937
2048 4096 50.344 50.344 50.344 333.2515493405371 333.2515493405371 333.2515493405371 166.62577467026856 166.62577467026856 166.62577467026856
2048 8192 100.981 100.981 100.981 332.28460799556353 332.28460799556353 332.28460799556353 166.14230399778177 166.14230399778177 166.14230399778177
2048 16384 202.013 202.013 202.013 332.20071975565935 332.20071975565935 332.20071975565935 166.10035987782967 166.10035987782967 166.10035987782967
2048 32768 422.707 422.707 422.707 317.51953007638866 317.51953007638866 317.51953007638866 158.75976503819433 158.75976503819433 158.75976503819433
2048 65536 826.408 826.408 826.408 324.8219475126088 324.8219475126088 324.8219475126088 162.4109737563044 162.4109737563044 162.4109737563044
2048 131072 1640.724 1640.724 1640.724 327.21585836496575 327.21585836496575 327.21585836496575 163.60792918248288 163.60792918248288 163.60792918248288
2048 262144 12460.964 12460.964 12460.964 86.16843961671024 86.16843961671024 86.16843961671024 43.08421980835512 43.08421980835512 43.08421980835512
2048 524288 12467.135 12467.135 12467.135 172.2515756827852 172.2515756827852 172.2515756827852 86.1257878413926 86.1257878413926 86.1257878413926
2048 1048576 14099.379 14099.379 14099.379 304.621025933128 304.621025933128 304.621025933128 152.310512966564 152.310512966564 152.310512966564

4096 1 1.527 1.527 1.527 5.3647675180091685 5.3647675180091685 5.3647675180091685 2.6823837590045843 2.6823837590045843 2.6823837590045843
4096 2 0.768 0.768 0.768 21.333333333333336 21.333333333333336 21.333333333333336 10.666666666666668 10.666666666666668 10.666666666666668
4096 4 0.839 0.839 0.839 39.05601907032182 39.05601907032182 39.05601907032182 19.52800953516091 19.52800953516091 19.52800953516091
4096 8 0.924 0.924 0.924 70.92640692640693 70.92640692640693 70.92640692640693 35.46320346320346 35.46320346320346 35.46320346320346
4096 16 1.172 1.172 1.172 111.83617747440275 111.83617747440275 111.83617747440275 55.91808873720137 55.91808873720137 55.91808873720137
4096 32 1.67 1.67 1.67 156.9724550898204 156.9724550898204 156.9724550898204 78.4862275449102 78.4862275449102 78.4862275449102
4096 64 2.683 2.683 2.683 195.41110696980994 195.41110696980994 195.41110696980994 97.70555348490497 97.70555348490497 97.70555348490497
4096 128 4.702 4.702 4.702 223.00638026371757 223.00638026371757 223.00638026371757 111.50319013185879 111.50319013185879 111.50319013185879
4096 256 8.773 8.773 8.773 239.04616436794717 239.04616436794717 239.04616436794717 119.52308218397359 119.52308218397359 119.52308218397359
4096 512 16.666 16.666 16.666 251.66830673226931 251.66830673226931 251.66830673226931 125.83415336613466 125.83415336613466 125.83415336613466
4096 1024 32.132 32.132 32.132 261.0670982198432 261.0670982198432 261.0670982198432 130.5335491099216 130.5335491099216 130.5335491099216
4096 2048 63.579 63.579 63.579 263.87983453656085 263.87983453656085 263.87983453656085 131.93991726828042 131.93991726828042 131.93991726828042
4096 4096 128.779 128.779 128.779 260.5582587223072 260.5582587223072 260.5582587223072 130.2791293611536 130.2791293611536 130.2791293611536
4096 8192 275.4 275.4 275.4 243.67779230210607 243.67779230210607 243.67779230210607 121.83889615105304 121.83889615105304 121.83889615105304
4096 16384 495.152 495.152 495.152 271.06368953371896 271.06368953371896 271.06368953371896 135.53184476685948 135.53184476685948 135.53184476685948
4096 32768 1020.396 1020.396 1020.396 263.0698826730015 263.0698826730015 263.0698826730015 131.53494133650074 131.53494133650074 131.53494133650074
4096 65536 2136.354 2136.354 2136.354 251.30241149172844 251.30241149172844 251.30241149172844 125.65120574586422 125.65120574586422 125.65120574586422
4096 131072 4021.641 4021.641 4021.641 266.99096811475715 266.99096811475715 266.99096811475715 133.49548405737858 133.49548405737858 133.49548405737858
4096 262144 8465.108 8465.108 8465.108 253.6865032318548 253.6865032318548 253.6865032318548 126.8432516159274 126.8432516159274 126.8432516159274
4096 524288 19700.326 19700.326 19700.326 218.01503670548396 218.01503670548396 218.01503670548396 109.00751835274198 109.00751835274198 109.00751835274198

8192 1 2.062 2.062 2.062 7.945683802133852 7.945683802133852 7.945683802133852 3.972841901066926 3.972841901066926 3.972841901066926
8192 2 0.799 0.799 0.799 41.011264080100126 41.011264080100126 41.011264080100126 20.505632040050063 20.505632040050063 20.505632040050063
8192 4 0.974 0.974 0.974 67.28542094455854 67.28542094455854 67.28542094455854 33.64271047227927 33.64271047227927 33.64271047227927
8192 8 1.136 1.136 1.136 115.38028169014088 115.38028169014088 115.38028169014088 57.69014084507044 57.69014084507044 57.69014084507044
8192 16 1.606 1.606 1.606 163.22789539227895 163.22789539227895 163.22789539227895 81.61394769613948 81.61394769613948 81.61394769613948
8192 32 2.55 2.55 2.55 205.603137254902 205.603137254902 205.603137254902 102.801568627451 102.801568627451 102.801568627451
8192 64 4.412 4.412 4.412 237.66455122393472 237.66455122393472 237.66455122393472 118.83227561196736 118.83227561196736 118.83227561196736
8192 128 8.198 8.198 8.198 255.81263722859237 255.81263722859237 255.81263722859237 127.90631861429618 127.90631861429618 127.90631861429618
8192 256 15.97 15.97 15.97 262.6364433312461 262.6364433312461 262.6364433312461 131.31822166562304 131.31822166562304 131.31822166562304
8192 512 31.226 31.226 31.226 268.64177288157305 268.64177288157305 268.64177288157305 134.32088644078652 134.32088644078652 134.32088644078652
8192 1024 61.951 61.951 61.951 270.8142887120466 270.8142887120466 270.8142887120466 135.4071443560233 135.4071443560233 135.4071443560233
8192 2048 122.799 122.799 122.799 273.24678539727523 273.24678539727523 273.24678539727523 136.62339269863762 136.62339269863762 136.62339269863762
8192 4096 244.845 244.845 244.845 274.0871326757745 274.0871326757745 274.0871326757745 137.04356633788726 137.04356633788726 137.04356633788726
8192 8192 471.048 471.048 471.048 284.93429119750004 284.93429119750004 284.93429119750004 142.46714559875002 142.46714559875002 142.46714559875002
8192 16384 892.388 892.388 892.388 300.8057661017405 300.8057661017405 300.8057661017405 150.40288305087026 150.40288305087026 150.40288305087026
8192 32768 1830.624 1830.624 1830.624 293.2720820878564 293.2720820878564 293.2720820878564 146.6360410439282 146.6360410439282 146.6360410439282
8192 65536 3971.834 3971.834 3971.834 270.33904840937464 270.33904840937464 270.33904840937464 135.16952420468732 135.16952420468732 135.16952420468732
8192 131072 7776.724 7776.724 7776.724 276.14245381474257 276.14245381474257 276.14245381474257 138.07122690737128 138.07122690737128 138.07122690737128
8192 262144 16956.837 16956.837 16956.837 253.2882338846567 253.2882338846567 253.2882338846567 126.64411694232835 126.64411694232835 126.64411694232835

16384 1 3.075 3.075 3.075 10.656260162601626 10.656260162601626 10.656260162601626 5.328130081300813 5.328130081300813 5.328130081300813
16384 2 0.955 0.955 0.955 68.62408376963351 68.62408376963351 68.62408376963351 34.31204188481676 34.31204188481676 34.31204188481676
16384 4 1.159 1.159 1.159 113.09059534081105 113.09059534081105 113.09059534081105 56.545297670405525 56.545297670405525 56.545297670405525
16384 8 1.556 1.556 1.556 168.47300771208228 168.47300771208228 168.47300771208228 84.23650385604114 84.23650385604114 84.23650385604114
16384 16 2.431 2.431 2.431 215.66762649115591 215.66762649115591 215.66762649115591 107.83381324557796 107.83381324557796 107.83381324557796
16384 32 4.155 4.155 4.155 252.36486161251506 252.36486161251506 252.36486161251506 126.18243080625753 126.18243080625753 126.18243080625753
16384 64 7.587 7.587 7.587 276.4138658231185 276.4138658231185 276.4138658231185 138.20693291155925 138.20693291155925 138.20693291155925
16384 128 15.354 15.354 15.354 273.1733750162824 273.1733750162824 273.1733750162824 136.5866875081412 136.5866875081412 136.5866875081412
16384 256 30.827 30.827 30.827 272.1188568462711 272.1188568462711 272.1188568462711 136.05942842313556 136.05942842313556 136.05942842313556
16384 512 61.809 61.809 61.809 271.43645747383067 271.43645747383067 271.43645747383067 135.71822873691534 135.71822873691534 135.71822873691534
16384 1024 130.876 130.876 130.876 256.3833858002995 256.3833858002995 256.3833858002995 128.19169290014975 128.19169290014975 128.19169290014975
16384 2048 247.668 247.668 247.668 270.96299885330365 270.96299885330365 270.96299885330365 135.48149942665182 135.48149942665182 135.48149942665182
16384 4096 447.797 447.797 447.797 299.72895754102865 299.72895754102865 299.72895754102865 149.86447877051432 149.86447877051432 149.86447877051432
16384 8192 879.478 879.478 879.478 305.22134266007794 305.22134266007794 305.22134266007794 152.61067133003897 152.61067133003897 152.61067133003897
16384 16384 1746.827 1746.827 1746.827 307.34063075507765 307.34063075507765 307.34063075507765 153.67031537753883 153.67031537753883 153.67031537753883
16384 32768 5515.825 5515.825 5515.825 194.66567993001954 194.66567993001954 194.66567993001954 97.33283996500977 97.33283996500977 97.33283996500977
16384 65536 7207.331 7207.331 7207.331 297.9582383548085 297.9582383548085 297.9582383548085 148.97911917740424 148.97911917740424 148.97911917740424
16384 131072 14917.009 14917.009 14917.009 287.9241606678658 287.9241606678658 287.9241606678658 143.9620803339329 143.9620803339329 143.9620803339329

32768 1 4.183 4.183 4.183 15.667224480038252 15.667224480038252 15.667224480038252 7.833612240019126 7.833612240019126 7.833612240019126
32768 2 1.367 1.367 1.367 95.88295537673739 95.88295537673739 95.88295537673739 47.94147768836869 47.94147768836869 47.94147768836869
32768 4 1.845 1.845 1.845 142.08346883468838 142.08346883468838 142.08346883468838 71.04173441734419 71.04173441734419 71.04173441734419
32768 8 2.664 2.664 2.664 196.8048048048048 196.8048048048048 196.8048048048048 98.4024024024024 98.4024024024024 98.4024024024024
32768 16 4.454 4.454 4.454 235.4234396048496 235.4234396048496 235.4234396048496 117.7117198024248 117.7117198024248 117.7117198024248
32768 32 8.078 8.078 8.078 259.6127754394652 259.6127754394652 259.6127754394652 129.8063877197326 129.8063877197326 129.8063877197326
32768 64 15.79 15.79 15.79 265.63039898670047 265.63039898670047 265.63039898670047 132.81519949335024 132.81519949335024 132.81519949335024
32768 128 30.678 30.678 30.678 273.44051111545735 273.44051111545735 273.44051111545735 136.72025555772868 136.72025555772868 136.72025555772868
32768 256 60.577 60.577 60.577 276.9568648166796 276.9568648166796 276.9568648166796 138.4784324083398 138.4784324083398 138.4784324083398
32768 512 127.541 127.541 127.541 263.08741502732454 263.08741502732454 263.08741502732454 131.54370751366227 131.54370751366227 131.54370751366227
32768 1024 239.687 239.687 239.687 279.98541431116416 279.98541431116416 279.98541431116416 139.99270715558208 139.99270715558208 139.99270715558208
32768 2048 473.006 473.006 473.006 283.7548107212171 283.7548107212171 283.7548107212171 141.87740536060855 141.87740536060855 141.87740536060855
32768 4096 877.076 877.076 877.076 306.057235632944 306.057235632944 306.057235632944 153.028617816472 153.028617816472 153.028617816472
32768 8192 1736.917 1736.917 1736.917 309.09416627276954 309.09416627276954 309.09416627276954 154.54708313638477 154.54708313638477 154.54708313638477
32768 16384 3469.723 3469.723 3469.723 309.4603874718529 309.4603874718529 309.4603874718529 154.73019373592646 154.73019373592646 154.73019373592646
32768 32768 8553.536 8553.536 8553.536 251.0638463437811 251.0638463437811 251.0638463437811 125.53192317189055 125.53192317189055 125.53192317189055
32768 65536 22271.889 22271.889 22271.889 192.84252431394572 192.84252431394572 192.84252431394572 96.42126215697286 96.42126215697286 96.42126215697286

65536 1 5.411 5.411 5.411 24.223248937349847 24.223248937349847 24.223248937349847 12.111624468674924 12.111624468674924 12.111624468674924
65536 2 1.936 1.936 1.936 135.40495867768598 135.40495867768598 135.40495867768598 67.70247933884299 67.70247933884299 67.70247933884299
65536 4 2.692 2.692 2.692 194.75780089153045 194.75780089153045 194.75780089153045 97.37890044576523 97.37890044576523 97.37890044576523
65536 8 4.283 4.283 4.283 244.82278776558488 244.82278776558488 244.82278776558488 122.41139388279244 122.41139388279244 122.41139388279244
65536 16 7.466 7.466 7.466 280.89365121885885 280.89365121885885 280.89365121885885 140.44682560942942 140.44682560942942 140.44682560942942
65536 32 13.915 13.915 13.915 301.4232123607618 301.4232123607618 301.4232123607618 150.7116061803809 150.7116061803809 150.7116061803809
65536 64 28.135 28.135 28.135 298.1556068953261 298.1556068953261 298.1556068953261 149.07780344766306 149.07780344766306 149.07780344766306
65536 128 68.426 68.426 68.426 245.1877356560372 245.1877356560372 245.1877356560372 122.5938678280186 122.5938678280186 122.5938678280186
65536 256 112.265 112.265 112.265 298.8859573330958 298.8859573330958 298.8859573330958 149.4429786665479 149.4429786665479 149.4429786665479
65536 512 224.682 224.682 224.682 298.6837574883613 298.6837574883613 298.6837574883613 149.34187874418066 149.34187874418066 149.34187874418066
65536 1024 436.907 436.907 436.907 307.1997656251788 307.1997656251788 307.1997656251788 153.5998828125894 153.5998828125894 153.5998828125894
65536 2048 1002.68 1002.68 1002.68 267.71797183548097 267.71797183548097 267.71797183548097 133.85898591774048 133.85898591774048 133.85898591774048
65536 4096 1730.193 1730.193 1730.193 310.29539016745537 310.29539016745537 310.29539016745537 155.14769508372768 155.14769508372768 155.14769508372768
65536 8192 3373.664 3373.664 3373.664 318.27171407703906 318.27171407703906 318.27171407703906 159.13585703851953 159.13585703851953 159.13585703851953
65536 16384 6741.707 6741.707 6741.707 318.5370779240332 318.5370779240332 318.5370779240332 159.2685389620166 159.2685389620166 159.2685389620166
65536 32768 14628.445 14628.445 14628.445 293.6038174939305 293.6038174939305 293.6038174939305 146.80190874696524 146.80190874696524 146.80190874696524

131072 1 10.031 10.031 10.031 26.13338650184428 26.13338650184428 26.13338650184428 13.06669325092214 13.06669325092214 13.06669325092214
131072 2 3.362 3.362 3.362 155.94527067221892 155.94527067221892 155.94527067221892 77.97263533610946 77.97263533610946 77.97263533610946
131072 4 5.026 5.026 5.026 208.63032232391566 208.63032232391566 208.63032232391566 104.31516116195783 104.31516116195783 104.31516116195783
131072 8 8.339 8.339 8.339 251.48722868449454 251.48722868449454 251.48722868449454 125.74361434224727 125.74361434224727 125.74361434224727
131072 16 14.612 14.612 14.612 287.04516835477693 287.04516835477693 287.04516835477693 143.52258417738847 143.52258417738847 143.52258417738847
131072 32 28.524 28.524 28.524 294.0894685177395 294.0894685177395 294.0894685177395 147.04473425886974 147.04473425886974 147.04473425886974
131072 64 63.778 63.778 63.778 263.0564771551319 263.0564771551319 263.0564771551319 131.52823857756596 131.52823857756596 131.52823857756596
131072 128 116.881 116.881 116.881 287.0820064852286 287.0820064852286 287.0820064852286 143.5410032426143 143.5410032426143 143.5410032426143
131072 256 232.739 232.739 232.739 288.3438701721671 288.3438701721671 288.3438701721671 144.17193508608355 144.17193508608355 144.17193508608355
131072 512 437.343 437.343 437.343 306.8935092135921 306.8935092135921 306.8935092135921 153.44675460679605 153.44675460679605 153.44675460679605
131072 1024 830.377 830.377 830.377 323.2693776441303 323.2693776441303 323.2693776441303 161.63468882206516 161.63468882206516 161.63468882206516
131072 2048 1657.53 1657.53 1657.53 323.89815689610447 323.89815689610447 323.89815689610447 161.94907844805223 161.94907844805223 161.94907844805223
131072 4096 3307.763 3307.763 3307.763 324.61268355683285 324.61268355683285 324.61268355683285 162.30634177841642 162.30634177841642 162.30634177841642
131072 8192 7372.792 7372.792 7372.792 291.27142716083677 291.27142716083677 291.27142716083677 145.63571358041838 145.63571358041838 145.63571358041838
131072 16384 15744.13 15744.13 15744.13 272.7980076384024 272.7980076384024 272.7980076384024 136.3990038192012 136.3990038192012 136.3990038192012

262144 1 14.189 14.189 14.189 36.95031362322926 36.95031362322926 36.95031362322926 18.47515681161463 18.47515681161463 18.47515681161463
262144 2 7.806 7.806 7.806 134.329490135793 134.329490135793 134.329490135793 67.1647450678965 67.1647450678965 67.1647450678965
262144 4 9.562 9.562 9.562 219.32148086174445 219.32148086174445 219.32148086174445 109.66074043087222 109.66074043087222 109.66074043087222
262144 8 16.13 16.13 16.13 260.0312461252325 260.0312461252325 260.0312461252325 130.01562306261624 130.01562306261624 130.01562306261624
262144 16 29.922 29.922 29.922 280.3491745204198 280.3491745204198 280.3491745204198 140.1745872602099 140.1745872602099 140.1745872602099
262144 32 58.988 58.988 58.988 284.4174408354242 284.4174408354242 284.4174408354242 142.2087204177121 142.2087204177121 142.2087204177121
262144 64 115.383 115.383 115.383 290.8091486614146 290.8091486614146 290.8091486614146 145.4045743307073 145.4045743307073 145.4045743307073
262144 128 227.778 227.778 227.778 294.62399353756734 294.62399353756734 294.62399353756734 147.31199676878367 147.31199676878367 147.31199676878367
262144 256 421.602 421.602 421.602 318.3517345743142 318.3517345743142 318.3517345743142 159.1758672871571 159.1758672871571 159.1758672871571
262144 512 808.658 808.658 808.658 331.9517719480918 331.9517719480918 331.9517719480918 165.9758859740459 165.9758859740459 165.9758859740459
262144 1024 1651.179 1651.179 1651.179 325.14398014994134 325.14398014994134 325.14398014994134 162.57199007497067 162.57199007497067 162.57199007497067
262144 2048 3388.247 3388.247 3388.247 316.90187403692823 316.90187403692823 316.90187403692823 158.45093701846412 158.45093701846412 158.45093701846412
262144 4096 7672.888 7672.888 7672.888 279.8794466959507 279.8794466959507 279.8794466959507 139.93972334797536 139.93972334797536 139.93972334797536
262144 8192 15594.941 15594.941 15594.941 275.4077297246588 275.4077297246588 275.4077297246588 137.7038648623294 137.7038648623294 137.7038648623294

524288 1 28.727 28.727 28.727 36.50140982351098 36.50140982351098 36.50140982351098 18.25070491175549 18.25070491175549 18.25070491175549
524288 2 12.622 12.622 12.622 166.15053081920456 166.15053081920456 166.15053081920456 83.07526540960228 83.07526540960228 83.07526540960228
524288 4 19.635 19.635 19.635 213.61364909600204 213.61364909600204 213.61364909600204 106.80682454800102 106.80682454800102 106.80682454800102
524288 8 41.525 41.525 41.525 202.0134376881397 202.0134376881397 202.0134376881397 101.00671884406985 101.00671884406985 101.00671884406985
524288 16 64.272 64.272 64.272 261.03460293751556 261.03460293751556 261.03460293751556 130.51730146875778 130.51730146875778 130.51730146875778
524288 32 124.047 124.047 124.047 270.49773069884804 270.49773069884804 270.49773069884804 135.24886534942402 135.24886534942402 135.24886534942402
524288 64 263.145 263.145 263.145 255.02617948279467 255.02617948279467 255.02617948279467 127.51308974139734 127.51308974139734 127.51308974139734
524288 128 433.984 433.984 433.984 309.2688394042177 309.2688394042177 309.2688394042177 154.63441970210886 154.63441970210886 154.63441970210886
524288 256 849.838 849.838 849.838 315.86661928508727 315.86661928508727 315.86661928508727 157.93330964254363 157.93330964254363 157.93330964254363
524288 512 1764.486 1764.486 1764.486 304.2647615226191 304.2647615226191 304.2647615226191 152.13238076130955 152.13238076130955 152.13238076130955
524288 1024 3439.39 3439.39 3439.39 312.18961036695464 312.18961036695464 312.18961036695464 156.09480518347732 156.09480518347732 156.09480518347732
524288 2048 8312.412 8312.412 8312.412 258.34663248164316 258.34663248164316 258.34663248164316 129.17331624082158 129.17331624082158 129.17331624082158
524288 4096 14590.307 14590.307 14590.307 294.37127649198885 294.37127649198885 294.37127649198885 147.18563824599443 147.18563824599443 147.18563824599443

1048576 1 58.434 58.434 58.434 35.889242564260535 35.889242564260535 35.889242564260535 17.944621282130267 17.944621282130267 17.944621282130267
1048576 2 24.012 24.012 24.012 174.6753290021656 174.6753290021656 174.6753290021656 87.3376645010828 87.3376645010828 87.3376645010828
1048576 4 34.51 34.51 34.51 243.0776006954506 243.0776006954506 243.0776006954506 121.5388003477253 121.5388003477253 121.5388003477253
1048576 8 60.592 60.592 60.592 276.88830208608397 276.88830208608397 276.88830208608397 138.44415104304198 138.44415104304198 138.44415104304198
1048576 16 121.972 121.972 121.972 275.09946545108716 275.09946545108716 275.09946545108716 137.54973272554358 137.54973272554358 137.54973272554358
1048576 32 221.215 221.215 221.215 303.3648893610289 303.3648893610289 303.3648893610289 151.68244468051444 151.68244468051444 151.68244468051444
1048576 64 407.205 407.205 407.205 329.6072690659496 329.6072690659496 329.6072690659496 164.8036345329748 164.8036345329748 164.8036345329748
1048576 128 785.923 785.923 785.923 341.5543965502982 341.5543965502982 341.5543965502982 170.7771982751491 170.7771982751491 170.7771982751491
1048576 256 1588.891 1588.891 1588.891 337.89033483102367 337.89033483102367 337.89033483102367 168.94516741551183 168.94516741551183 168.94516741551183
1048576 512 3521.043 3521.043 3521.043 304.94993216498636 304.94993216498636 304.94993216498636 152.47496608249318 152.47496608249318 152.47496608249318
1048576 1024 8547.515 8547.515 8547.515 251.24069954834832 251.24069954834832 251.24069954834832 125.62034977417416 125.62034977417416 125.62034977417416
1048576 2048 14335.476 14335.476 14335.476 299.6040937880263 299.6040937880263 299.6040937880263 149.80204689401316 149.80204689401316 149.80204689401316

2097152 1 107.798 107.798 107.798 38.90892224345535 38.90892224345535 38.90892224345535 19.454461121727675 19.454461121727675 19.454461121727675
2097152 2 59.594 59.594 59.594 140.76262711011177 140.76262711011177 140.76262711011177 70.38131355505588 70.38131355505588 70.38131355505588
2097152 4 95.844 95.844 95.844 175.0471182337966 175.0471182337966 175.0471182337966 87.5235591168983 87.5235591168983 87.5235591168983
2097152 8 155.584 155.584 155.584 215.66762649115591 215.66762649115591 215.66762649115591 107.83381324557796 107.83381324557796 107.83381324557796
2097152 16 310.68 310.68 310.68 216.0063859920175 216.0063859920175 216.0063859920175 108.00319299600875 108.00319299600875 108.00319299600875
2097152 32 476.754 476.754 476.754 281.5240732117612 281.5240732117612 281.5240732117612 140.7620366058806 140.7620366058806 140.7620366058806
2097152 64 849.302 849.302 849.302 316.0659647569416 316.0659647569416 316.0659647569416 158.0329823784708 158.0329823784708 158.0329823784708
2097152 128 1922.988 1922.988 1922.988 279.1857837906425 279.1857837906425 279.1857837906425 139.59289189532126 139.59289189532126 139.59289189532126
2097152 256 3813.86 3813.86 3813.86 281.53676957203464 281.53676957203464 281.53676957203464 140.76838478601732 140.76838478601732 140.76838478601732
2097152 512 8081.779 8081.779 8081.779 265.7191749489809 265.7191749489809 265.7191749489809 132.85958747449044 132.85958747449044 132.85958747449044
2097152 1024 16238.454 16238.454 16238.454 264.4936085664313 264.4936085664313 264.4936085664313 132.24680428321565 132.24680428321565 132.24680428321565

4194304 1 223.682 223.682 223.682 37.502382847077556 37.502382847077556 37.502382847077556 18.751191423538778 18.751191423538778 18.751191423538778
4194304 2 196.945 196.945 196.945 85.18731625580747 85.18731625580747 85.18731625580747 42.59365812790374 42.59365812790374 42.59365812790374
4194304 4 262.953 262.953 262.953 127.60619578403748 127.60619578403748 127.60619578403748 63.80309789201874 63.80309789201874 63.80309789201874
4194304 8 372.41 372.41 372.41 180.2015627936951 180.2015627936951 180.2015627936951 90.10078139684755 90.10078139684755 90.10078139684755
4194304 16 646.615 646.615 646.615 207.56977181166536 207.56977181166536 207.56977181166536 103.78488590583268 103.78488590583268 103.78488590583268
4194304 32 1357.789 1357.789 1357.789 197.70042031567496 197.70042031567496 197.70042031567496 98.85021015783748 98.85021015783748 98.85021015783748
4194304 64 2887.836 2887.836 2887.836 185.90768727864048 185.90768727864048 185.90768727864048 92.95384363932024 92.95384363932024 92.95384363932024
4194304 128 4800.81 4800.81 4800.81 223.65847096635778 223.65847096635778 223.65847096635778 111.82923548317889 111.82923548317889 111.82923548317889
4194304 256 10558.793 10558.793 10558.793 203.38344051256618 203.38344051256618 203.38344051256618 101.69172025628309 101.69172025628309 101.69172025628309
4194304 512 18761.937 18761.937 18761.937 228.9191833444489 228.9191833444489 228.9191833444489 114.45959167222445 114.45959167222445 114.45959167222445

8388608 1 435.526 435.526 435.526 38.52173234204158 38.52173234204158 38.52173234204158 19.26086617102079 19.26086617102079 19.26086617102079
8388608 2 708.237 708.237 708.237 47.37740615076592 47.37740615076592 47.37740615076592 23.68870307538296 23.68870307538296 23.68870307538296
8388608 4 808.872 808.872 808.872 82.9659872019306 82.9659872019306 82.9659872019306 41.4829936009653 41.4829936009653 41.4829936009653
8388608 8 1190.059 1190.059 1190.059 112.78241498950892 112.78241498950892 112.78241498950892 56.39120749475446 56.39120749475446 56.39120749475446
8388608 16 1604.771 1604.771 1604.771 167.27337171471817 167.27337171471817 167.27337171471817 83.63668585735908 83.63668585735908 83.63668585735908
8388608 32 2884.493 2884.493 2884.493 186.12314607801093 186.12314607801093 186.12314607801093 93.06157303900547 93.06157303900547 93.06157303900547
8388608 64 5442.389 5442.389 5442.389 197.29236995003484 197.29236995003484 197.29236995003484 98.64618497501742 98.64618497501742 98.64618497501742
8388608 128 11513.174 11513.174 11513.174 186.5240330772383 186.5240330772383 186.5240330772383 93.26201653861915 93.26201653861915 93.26201653861915
8388608 256 21859.068 21859.068 21859.068 196.48446566889314 196.48446566889314 196.48446566889314 98.24223283444657 98.24223283444657 98.24223283444657

16777216 1 863.22 863.22 863.22 38.87124024003151 38.87124024003151 38.87124024003151 19.435620120015756 19.435620120015756 19.435620120015756
16777216 2 1438.236 1438.236 1438.236 46.660536935523794 46.660536935523794 46.660536935523794 23.330268467761897 23.330268467761897 23.330268467761897
16777216 4 1948.878 1948.878 1948.878 68.86923039820861 68.86923039820861 68.86923039820861 34.43461519910431 34.43461519910431 34.43461519910431
16777216 8 3164.039 3164.039 3164.039 84.8394902844118 84.8394902844118 84.8394902844118 42.4197451422059 42.4197451422059 42.4197451422059
16777216 16 5107.208 5107.208 5107.208 105.12023634048194 105.12023634048194 105.12023634048194 52.56011817024097 52.56011817024097 52.56011817024097
16777216 32 9333.006 9333.006 9333.006 115.04780174790417 115.04780174790417 115.04780174790417 57.52390087395209 57.52390087395209 57.52390087395209
16777216 64 17536.882 17536.882 17536.882 122.45527158134497 122.45527158134497 122.45527158134497 61.22763579067249 61.22763579067249 61.22763579067249
16777216 128 31038.133 31038.133 31038.133 138.3771148863883 138.3771148863883 138.3771148863883 69.18855744319416 69.18855744319416 69.18855744319416

33554432 1 1695.734 1695.734 1695.734 39.5751126061045 39.5751126061045 39.5751126061045 19.78755630305225 19.78755630305225 19.78755630305225
33554432 2 3062.069 3062.069 3062.069 43.8323656325184 43.8323656325184 43.8323656325184 21.9161828162592 21.9161828162592 21.9161828162592
33554432 4 5256.28 5256.28 5256.28 51.06947422892237 51.06947422892237 51.06947422892237 25.534737114461183 25.534737114461183 25.534737114461183
33554432 8 8468.376 8468.376 8468.376 63.39715100038072 63.39715100038072 63.39715100038072 31.69857550019036 31.69857550019036 31.69857550019036
33554432 16 13469.808 13469.808 13469.808 79.71470892532395 79.71470892532395 79.71470892532395 39.857354462661974 39.857354462661974 39.857354462661974
33554432 32 25790.009 25790.009 25790.009 83.26804569940244 83.26804569940244 83.26804569940244 41.63402284970122 41.63402284970122 41.63402284970122
33554432 64 51554.287 51554.287 51554.287 83.30960519345366 83.30960519345366 83.30960519345366 41.65480259672683 41.65480259672683 41.65480259672683

67108864 1 4094.509 4094.509 4094.509 32.77993234353619 32.77993234353619 32.77993234353619 16.389966171768094 16.389966171768094 16.389966171768094
67108864 2 8234.507 8234.507 8234.507 32.59884969434114 32.59884969434114 32.59884969434114 16.29942484717057 16.29942484717057 16.29942484717057
67108864 4 9385.578 9385.578 9385.578 57.20168880382221 57.20168880382221 57.20168880382221 28.600844401911104 28.600844401911104 28.600844401911104
67108864 8 15966.828 15966.828 15966.828 67.24828651000688 67.24828651000688 67.24828651000688 33.62414325500344 33.62414325500344 33.62414325500344
67108864 16 30449.761 30449.761 30449.761 70.52546809809115 70.52546809809115 70.52546809809115 35.26273404904558 35.26273404904558 35.26273404904558
67108864 32 58752.074 58752.074 58752.074 73.1032456147846 73.1032456147846 73.1032456147846 36.5516228073923 36.5516228073923 36.5516228073923

134217728 1 6845.589 6845.589 6845.589 39.212908633574116 39.212908633574116 39.212908633574116 19.606454316787058 19.606454316787058 19.606454316787058
134217728 2 13034.232 13034.232 13034.232 41.18930152539866 41.18930152539866 41.18930152539866 20.59465076269933 20.59465076269933 20.59465076269933
134217728 4 20805.645 20805.645 20805.645 51.6081969100213 51.6081969100213 51.6081969100213 25.80409845501065 25.80409845501065 25.80409845501065
134217728 8 35141.128 35141.128 35141.128 61.110265100198276 61.110265100198276 61.110265100198276 30.555132550099138 30.555132550099138 30.555132550099138
134217728 16 65481.939 65481.939 65481.939 65.59010563202779 65.59010563202779 65.59010563202779 32.79505281601389 32.79505281601389 32.79505281601389

268435456 1 13044.369 13044.369 13044.369 41.15729262182019 41.15729262182019 41.15729262182019 20.578646310910095 20.578646310910095 20.578646310910095
268435456 2 24616.305 24616.305 24616.305 43.61913065344291 43.61913065344291 43.61913065344291 21.809565326721454 21.809565326721454 21.809565326721454
268435456 4 39567.218 39567.218 39567.218 54.274314863380084 54.274314863380084 54.274314863380084 27.137157431690042 27.137157431690042 27.137157431690042
268435456 8 67892.561 67892.561 67892.561 63.26123558662046 63.26123558662046 63.26123558662046 31.63061779331023 31.63061779331023 31.63061779331023

536870912 1 25266.504 25266.504 25266.504 42.49665185179556 42.49665185179556 42.49665185179556 21.24832592589778 21.24832592589778 21.24832592589778
536870912 2 48556.685 48556.685 48556.685 44.226323275569584 44.226323275569584 44.226323275569584 22.113161637784792 22.113161637784792 22.113161637784792
536870912 4 76501.442 76501.442 76501.442 56.1423050823016 56.1423050823016 56.1423050823016 28.0711525411508 28.0711525411508 28.0711525411508

1073741824 1 53357.647 53357.647 53357.647 40.24697056075206 40.24697056075206 40.24697056075206 20.12348528037603 20.12348528037603 20.12348528037603
1073741824 2 109200.802 109200.802 109200.802 39.330913485415614 39.330913485415614 39.330913485415614 19.665456742707807 19.665456742707807 19.665456742707807

2147483648 1 95596.537 95596.537 95596.537 44.92806361803671 44.92806361803671 44.92806361803671 22.464031809018355 22.464031809018355 22.464031809018355

META_DATA
FLOPS          8
OPENMP_THREADS 2
ERT_VERSION  1.1.0
HOSTNAME  ('areeba-vm', [], ['127.0.1.1'])
UNAME  uname_result(system='Linux', node='areeba-vm', release='6.17.0-23-generic', version='#23~24.04.1-Ubuntu SMP PREEMPT_DYNAMIC Tue Apr 14 16:11:48 UTC 2', machine='x86_64')
TIMESTAMP_DATA  1778236653.6016595
CONFIG  {'ERT_RESULTS': ['roofline/mylaptop/Results'], 'ERT_DRIVER': ['driver1'], 'ERT_KERNEL': ['kernel1'], 'ERT_MPI': ['False'], 'ERT_MPI_CFLAGS': [], 'ERT_MPI_LDFLAGS': [], 'ERT_MPI_PROCS': ['1'], 'ERT_OPENMP': ['True'], 'ERT_OPENMP_CFLAGS': ['-fopenmp'], 'ERT_OPENMP_LDFLAGS': ['-fopenmp'], 'ERT_OPENMP_THREADS': ['1,2,4'], 'ERT_GPU': ['False'], 'ERT_GPU_CFLAGS': [], 'ERT_GPU_LDFLAGS': [], 'ERT_GPU_BLOCKS': ['1'], 'ERT_GPU_THREADS': ['1'], 'ERT_HIP': ['False'], 'ERT_OCL': ['False'], 'ERT_SYCL': ['False'], 'ERT_FLOPS': ['1,2,4,8'], 'ERT_ALIGN': ['32'], 'ERT_CC': ['g++'], 'ERT_CFLAGS': ['-O3', '-march=native', '-mavx2', '-mfma', '-ffast-math'], 'ERT_LD': ['g++'], 'ERT_LDFLAGS': [], 'ERT_LDLIBS': [], 'ERT_PRECISION': ['FP64'], 'ERT_PROCS_THREADS': ['6'], 'ERT_BLOCKS_THREADS': ['1'], 'ERT_WORKING_SET_MIN': ['1'], 'ERT_MEMORY_MAX': ['2147483648'], 'ERT_WSS_MULT': ['2.0'], 'ERT_TRIALS_MIN': ['1'], 'ERT_NUM_EXPERIMENTS': ['1'], 'ERT_RUN': ['OMP_NUM_THREADS=ERT_OPENMP_THREADS', './ERT_CODE'], 'ERT_GNUPLOT': ['False']}
