fp64
          16            1           2.530           32           16
          16            2           0.600           64           32
          16            4           0.564          128           64
          16            8           0.560          256          128
          16           16           0.548          512          256
          16           32           0.614         1024          512
          16           64           0.753         2048         1024
          16          128           1.030         4096         2048
          16          256           1.579         8192         4096
          16          512           2.683        16384         8192
          16         1024           5.022        32768        16384
          16         2048           9.179        65536        32768
          16         4096          18.738       131072        65536
          16         8192          37.723       262144       131072
          16        16384          75.657       524288       262144
          16        32768         156.369      1048576       524288
          16        65536         304.309      2097152      1048576
          16       131072         590.751      4194304      2097152
          16       262144        1168.663      8388608      4194304
          16       524288        2332.332     16777216      8388608
          16      1048576        4651.983     33554432     16777216
          16      2097152        9606.662     67108864     33554432
          16      4194304       18870.617    134217728     67108864
          16      8388608       38058.300    268435456    134217728
          16     16777216       75475.937    536870912    268435456
          16     33554432      150744.639   1073741824    536870912
          16     67108864      293426.948   2147483648   1073741824
          16    134217728      566933.510   4294967296   2147483648
          32            1           1.009           64           32
          32            2           0.554          128           64
          32            4           0.580          256          128
          32            8           0.558          512          256
          32           16           0.663         1024          512
          32           32           0.634         2048         1024
          32           64           0.778         4096         2048
          32          128           1.054         8192         4096
          32          256           1.611        16384         8192
          32          512           2.737        32768        16384
          32         1024           4.988        65536        32768
          32         2048           9.491       131072        65536
          32         4096          18.521       262144       131072
          32         8192          36.531       524288       262144
          32        16384          72.603      1048576       524288
          32        32768         144.688      2097152      1048576
          32        65536         304.958      4194304      2097152
          32       131072         537.938      8388608      4194304
          32       262144        1078.028     16777216      8388608
          32       524288        2171.076     33554432     16777216
          32      1048576        5608.981     67108864     33554432
          32      2097152        8734.379    134217728     67108864
          32      4194304       17501.790    268435456    134217728
          32      8388608       36774.126    536870912    268435456
          32     16777216       73125.359   1073741824    536870912
          32     33554432      144828.412   2147483648   1073741824
          32     67108864      289644.429   4294967296   2147483648
          64            1           0.761          128           64
          64            2           0.645          256          128
          64            4           0.563          512          256
          64            8           0.561         1024          512
          64           16           0.557         2048         1024
          64           32           0.609         4096         2048
          64           64           0.767         8192         4096
          64          128           1.031        16384         8192
          64          256           1.582        32768        16384
          64          512           2.680        65536        32768
          64         1024           4.882       131072        65536
          64         2048           9.157       262144       131072
          64         4096          18.349       524288       262144
          64         8192          36.819      1048576       524288
          64        16384          73.923      2097152      1048576
          64        32768         154.094      4194304      2097152
          64        65536         295.192      8388608      4194304
          64       131072         573.326     16777216      8388608
          64       262144        1138.071     33554432     16777216
          64       524288        2284.567     67108864     33554432
          64      1048576        4616.477    134217728     67108864
          64      2097152        9318.937    268435456    134217728
          64      4194304       18574.791    536870912    268435456
          64      8388608       38210.473   1073741824    536870912
          64     16777216       79347.308   2147483648   1073741824
          64     33554432      144304.515   4294967296   2147483648
         128            1           1.121          256          128
         128            2           0.561          512          256
         128            4           0.611         1024          512
         128            8           0.565         2048         1024
         128           16           0.595         4096         2048
         128           32           0.605         8192         4096
         128           64           0.748        16384         8192
         128          128           1.028        32768        16384
         128          256           1.581        65536        32768
         128          512           2.704       131072        65536
         128         1024           4.947       262144       131072
         128         2048           9.445       524288       262144
         128         4096          18.373      1048576       524288
         128         8192          36.185      2097152      1048576
         128        16384          73.362      4194304      2097152
         128        32768         143.869      8388608      4194304
         128        65536         281.917     16777216      8388608
         128       131072         551.255     33554432     16777216
         128       262144        1116.945     67108864     33554432
         128       524288        2390.064    134217728     67108864
         128      1048576        4852.650    268435456    134217728
         128      2097152        9618.405    536870912    268435456
         128      4194304       18738.234   1073741824    536870912
         128      8388608       39622.790   2147483648   1073741824
         128     16777216       75925.520   4294967296   2147483648
         256            1           1.035          512          256
         256            2           0.588         1024          512
         256            4           0.605         2048         1024
         256            8           0.586         4096         2048
         256           16           0.580         8192         4096
         256           32           0.662        16384         8192
         256           64           0.799        32768        16384
         256          128           1.091        65536        32768
         256          256           1.680       131072        65536
         256          512           2.842       262144       131072
         256         1024           5.177       524288       262144
         256         2048           9.860      1048576       524288
         256         4096          19.261      2097152      1048576
         256         8192          37.989      4194304      2097152
         256        16384          75.559      8388608      4194304
         256        32768         150.583     16777216      8388608
         256        65536         314.421     33554432     16777216
         256       131072         602.261     67108864     33554432
         256       262144        1200.515    134217728     67108864
         256       524288        2429.303    268435456    134217728
         256      1048576        4806.218    536870912    268435456
         256      2097152        9674.189   1073741824    536870912
         256      4194304       21260.674   2147483648   1073741824
         256      8388608       44698.130   4294967296   2147483648
         512            1           1.084         1024          512
         512            2           0.580         2048         1024
         512            4           0.655         4096         2048
         512            8           0.616         8192         4096
         512           16           0.626        16384         8192
         512           32           0.708        32768        16384
         512           64           0.849        65536        32768
         512          128           1.168       131072        65536
         512          256           1.807       262144       131072
         512          512           3.113       524288       262144
         512         1024           5.585      1048576       524288
         512         2048          10.636      2097152      1048576
         512         4096          20.752      4194304      2097152
         512         8192          40.992      8388608      4194304
         512        16384          81.409     16777216      8388608
         512        32768         162.284     33554432     16777216
         512        65536         324.086     67108864     33554432
         512       131072         674.261    134217728     67108864
         512       262144        1384.301    268435456    134217728
         512       524288        3207.483    536870912    268435456
         512      1048576        6909.920   1073741824    536870912
         512      2097152       13438.688   2147483648   1073741824
         512      4194304       32187.870   4294967296   2147483648
        1024            1           1.014         2048         1024
        1024            2           0.615         4096         2048
        1024            4           0.652         8192         4096
        1024            8           0.650        16384         8192
        1024           16           0.706        32768        16384
        1024           32           0.823        65536        32768
        1024           64           1.076       131072        65536
        1024          128           1.576       262144       131072
        1024          256           2.573       524288       262144
        1024          512           6.291      1048576       524288
        1024         1024           9.990      2097152      1048576
        1024         2048          22.370      4194304      2097152
        1024         4096          50.780      8388608      4194304
        1024         8192          90.931     16777216      8388608
        1024        16384         170.526     33554432     16777216
        1024        32768         332.968     67108864     33554432
        1024        65536         444.682    134217728     67108864
        1024       131072         920.611    268435456    134217728
        1024       262144        2035.275    536870912    268435456
        1024       524288        4742.262   1073741824    536870912
        1024      1048576        9500.845   2147483648   1073741824
        1024      2097152       19861.527   4294967296   2147483648
        2048            1           0.903         4096         2048
        2048            2           0.617         8192         4096
        2048            4           0.666        16384         8192
        2048            8           0.684        32768        16384
        2048           16           0.785        65536        32768
        2048           32           1.010       131072        65536
        2048           64           1.485       262144       131072
        2048          128           2.365       524288       262144
        2048          256           4.156      1048576       524288
        2048          512           7.828      2097152      1048576
        2048         1024          15.115      4194304      2097152
        2048         2048          25.150      8388608      4194304
        2048         4096          50.344     16777216      8388608
        2048         8192         100.981     33554432     16777216
        2048        16384         202.013     67108864     33554432
        2048        32768         422.707    134217728     67108864
        2048        65536         826.408    268435456    134217728
        2048       131072        1640.724    536870912    268435456
        2048       262144       12460.964   1073741824    536870912
        2048       524288       12467.135   2147483648   1073741824
        2048      1048576       14099.379   4294967296   2147483648
        4096            1           1.527         8192         4096
        4096            2           0.768        16384         8192
        4096            4           0.839        32768        16384
        4096            8           0.924        65536        32768
        4096           16           1.172       131072        65536
        4096           32           1.670       262144       131072
        4096           64           2.683       524288       262144
        4096          128           4.702      1048576       524288
        4096          256           8.773      2097152      1048576
        4096          512          16.666      4194304      2097152
        4096         1024          32.132      8388608      4194304
        4096         2048          63.579     16777216      8388608
        4096         4096         128.779     33554432     16777216
        4096         8192         275.400     67108864     33554432
        4096        16384         495.152    134217728     67108864
        4096        32768        1020.396    268435456    134217728
        4096        65536        2136.354    536870912    268435456
        4096       131072        4021.641   1073741824    536870912
        4096       262144        8465.108   2147483648   1073741824
        4096       524288       19700.326   4294967296   2147483648
        8192            1           2.062        16384         8192
        8192            2           0.799        32768        16384
        8192            4           0.974        65536        32768
        8192            8           1.136       131072        65536
        8192           16           1.606       262144       131072
        8192           32           2.550       524288       262144
        8192           64           4.412      1048576       524288
        8192          128           8.198      2097152      1048576
        8192          256          15.970      4194304      2097152
        8192          512          31.226      8388608      4194304
        8192         1024          61.951     16777216      8388608
        8192         2048         122.799     33554432     16777216
        8192         4096         244.845     67108864     33554432
        8192         8192         471.048    134217728     67108864
        8192        16384         892.388    268435456    134217728
        8192        32768        1830.624    536870912    268435456
        8192        65536        3971.834   1073741824    536870912
        8192       131072        7776.724   2147483648   1073741824
        8192       262144       16956.837   4294967296   2147483648
       16384            1           3.075        32768        16384
       16384            2           0.955        65536        32768
       16384            4           1.159       131072        65536
       16384            8           1.556       262144       131072
       16384           16           2.431       524288       262144
       16384           32           4.155      1048576       524288
       16384           64           7.587      2097152      1048576
       16384          128          15.354      4194304      2097152
       16384          256          30.827      8388608      4194304
       16384          512          61.809     16777216      8388608
       16384         1024         130.876     33554432     16777216
       16384         2048         247.668     67108864     33554432
       16384         4096         447.797    134217728     67108864
       16384         8192         879.478    268435456    134217728
       16384        16384        1746.827    536870912    268435456
       16384        32768        5515.825   1073741824    536870912
       16384        65536        7207.331   2147483648   1073741824
       16384       131072       14917.009   4294967296   2147483648
       32768            1           4.183        65536        32768
       32768            2           1.367       131072        65536
       32768            4           1.845       262144       131072
       32768            8           2.664       524288       262144
       32768           16           4.454      1048576       524288
       32768           32           8.078      2097152      1048576
       32768           64          15.790      4194304      2097152
       32768          128          30.678      8388608      4194304
       32768          256          60.577     16777216      8388608
       32768          512         127.541     33554432     16777216
       32768         1024         239.687     67108864     33554432
       32768         2048         473.006    134217728     67108864
       32768         4096         877.076    268435456    134217728
       32768         8192        1736.917    536870912    268435456
       32768        16384        3469.723   1073741824    536870912
       32768        32768        8553.536   2147483648   1073741824
       32768        65536       22271.889   4294967296   2147483648
       65536            1           5.411       131072        65536
       65536            2           1.936       262144       131072
       65536            4           2.692       524288       262144
       65536            8           4.283      1048576       524288
       65536           16           7.466      2097152      1048576
       65536           32          13.915      4194304      2097152
       65536           64          28.135      8388608      4194304
       65536          128          68.426     16777216      8388608
       65536          256         112.265     33554432     16777216
       65536          512         224.682     67108864     33554432
       65536         1024         436.907    134217728     67108864
       65536         2048        1002.680    268435456    134217728
       65536         4096        1730.193    536870912    268435456
       65536         8192        3373.664   1073741824    536870912
       65536        16384        6741.707   2147483648   1073741824
       65536        32768       14628.445   4294967296   2147483648
      131072            1          10.031       262144       131072
      131072            2           3.362       524288       262144
      131072            4           5.026      1048576       524288
      131072            8           8.339      2097152      1048576
      131072           16          14.612      4194304      2097152
      131072           32          28.524      8388608      4194304
      131072           64          63.778     16777216      8388608
      131072          128         116.881     33554432     16777216
      131072          256         232.739     67108864     33554432
      131072          512         437.343    134217728     67108864
      131072         1024         830.377    268435456    134217728
      131072         2048        1657.530    536870912    268435456
      131072         4096        3307.763   1073741824    536870912
      131072         8192        7372.792   2147483648   1073741824
      131072        16384       15744.130   4294967296   2147483648
      262144            1          14.189       524288       262144
      262144            2           7.806      1048576       524288
      262144            4           9.562      2097152      1048576
      262144            8          16.130      4194304      2097152
      262144           16          29.922      8388608      4194304
      262144           32          58.988     16777216      8388608
      262144           64         115.383     33554432     16777216
      262144          128         227.778     67108864     33554432
      262144          256         421.602    134217728     67108864
      262144          512         808.658    268435456    134217728
      262144         1024        1651.179    536870912    268435456
      262144         2048        3388.247   1073741824    536870912
      262144         4096        7672.888   2147483648   1073741824
      262144         8192       15594.941   4294967296   2147483648
      524288            1          28.727      1048576       524288
      524288            2          12.622      2097152      1048576
      524288            4          19.635      4194304      2097152
      524288            8          41.525      8388608      4194304
      524288           16          64.272     16777216      8388608
      524288           32         124.047     33554432     16777216
      524288           64         263.145     67108864     33554432
      524288          128         433.984    134217728     67108864
      524288          256         849.838    268435456    134217728
      524288          512        1764.486    536870912    268435456
      524288         1024        3439.390   1073741824    536870912
      524288         2048        8312.412   2147483648   1073741824
      524288         4096       14590.307   4294967296   2147483648
     1048576            1          58.434      2097152      1048576
     1048576            2          24.012      4194304      2097152
     1048576            4          34.510      8388608      4194304
     1048576            8          60.592     16777216      8388608
     1048576           16         121.972     33554432     16777216
     1048576           32         221.215     67108864     33554432
     1048576           64         407.205    134217728     67108864
     1048576          128         785.923    268435456    134217728
     1048576          256        1588.891    536870912    268435456
     1048576          512        3521.043   1073741824    536870912
     1048576         1024        8547.515   2147483648   1073741824
     1048576         2048       14335.476   4294967296   2147483648
     2097152            1         107.798      4194304      2097152
     2097152            2          59.594      8388608      4194304
     2097152            4          95.844     16777216      8388608
     2097152            8         155.584     33554432     16777216
     2097152           16         310.680     67108864     33554432
     2097152           32         476.754    134217728     67108864
     2097152           64         849.302    268435456    134217728
     2097152          128        1922.988    536870912    268435456
     2097152          256        3813.860   1073741824    536870912
     2097152          512        8081.779   2147483648   1073741824
     2097152         1024       16238.454   4294967296   2147483648
     4194304            1         223.682      8388608      4194304
     4194304            2         196.945     16777216      8388608
     4194304            4         262.953     33554432     16777216
     4194304            8         372.410     67108864     33554432
     4194304           16         646.615    134217728     67108864
     4194304           32        1357.789    268435456    134217728
     4194304           64        2887.836    536870912    268435456
     4194304          128        4800.810   1073741824    536870912
     4194304          256       10558.793   2147483648   1073741824
     4194304          512       18761.937   4294967296   2147483648
     8388608            1         435.526     16777216      8388608
     8388608            2         708.237     33554432     16777216
     8388608            4         808.872     67108864     33554432
     8388608            8        1190.059    134217728     67108864
     8388608           16        1604.771    268435456    134217728
     8388608           32        2884.493    536870912    268435456
     8388608           64        5442.389   1073741824    536870912
     8388608          128       11513.174   2147483648   1073741824
     8388608          256       21859.068   4294967296   2147483648
    16777216            1         863.220     33554432     16777216
    16777216            2        1438.236     67108864     33554432
    16777216            4        1948.878    134217728     67108864
    16777216            8        3164.039    268435456    134217728
    16777216           16        5107.208    536870912    268435456
    16777216           32        9333.006   1073741824    536870912
    16777216           64       17536.882   2147483648   1073741824
    16777216          128       31038.133   4294967296   2147483648
    33554432            1        1695.734     67108864     33554432
    33554432            2        3062.069    134217728     67108864
    33554432            4        5256.280    268435456    134217728
    33554432            8        8468.376    536870912    268435456
    33554432           16       13469.808   1073741824    536870912
    33554432           32       25790.009   2147483648   1073741824
    33554432           64       51554.287   4294967296   2147483648
    67108864            1        4094.509    134217728     67108864
    67108864            2        8234.507    268435456    134217728
    67108864            4        9385.578    536870912    268435456
    67108864            8       15966.828   1073741824    536870912
    67108864           16       30449.761   2147483648   1073741824
    67108864           32       58752.074   4294967296   2147483648
   134217728            1        6845.589    268435456    134217728
   134217728            2       13034.232    536870912    268435456
   134217728            4       20805.645   1073741824    536870912
   134217728            8       35141.128   2147483648   1073741824
   134217728           16       65481.939   4294967296   2147483648
   268435456            1       13044.369    536870912    268435456
   268435456            2       24616.305   1073741824    536870912
   268435456            4       39567.218   2147483648   1073741824
   268435456            8       67892.561   4294967296   2147483648
   536870912            1       25266.504   1073741824    536870912
   536870912            2       48556.685   2147483648   1073741824
   536870912            4       76501.442   4294967296   2147483648
  1073741824            1       53357.647   2147483648   1073741824
  1073741824            2      109200.802   4294967296   2147483648
  2147483648            1       95596.537   4294967296   2147483648

META_DATA
FLOPS          8
OPENMP_THREADS 2
ERT_VERSION  1.1.0
HOSTNAME  ('areeba-vm', [], ['127.0.1.1'])
UNAME  uname_result(system='Linux', node='areeba-vm', release='6.17.0-23-generic', version='#23~24.04.1-Ubuntu SMP PREEMPT_DYNAMIC Tue Apr 14 16:11:48 UTC 2', machine='x86_64')
TIMESTAMP_DATA  1778236653.6016595
CONFIG  {'ERT_RESULTS': ['roofline/mylaptop/Results'], 'ERT_DRIVER': ['driver1'], 'ERT_KERNEL': ['kernel1'], 'ERT_MPI': ['False'], 'ERT_MPI_CFLAGS': [], 'ERT_MPI_LDFLAGS': [], 'ERT_MPI_PROCS': ['1'], 'ERT_OPENMP': ['True'], 'ERT_OPENMP_CFLAGS': ['-fopenmp'], 'ERT_OPENMP_LDFLAGS': ['-fopenmp'], 'ERT_OPENMP_THREADS': ['1,2,4'], 'ERT_GPU': ['False'], 'ERT_GPU_CFLAGS': [], 'ERT_GPU_LDFLAGS': [], 'ERT_GPU_BLOCKS': ['1'], 'ERT_GPU_THREADS': ['1'], 'ERT_HIP': ['False'], 'ERT_OCL': ['False'], 'ERT_SYCL': ['False'], 'ERT_FLOPS': ['1,2,4,8'], 'ERT_ALIGN': ['32'], 'ERT_CC': ['g++'], 'ERT_CFLAGS': ['-O3', '-march=native', '-mavx2', '-mfma', '-ffast-math'], 'ERT_LD': ['g++'], 'ERT_LDFLAGS': [], 'ERT_LDLIBS': [], 'ERT_PRECISION': ['FP64'], 'ERT_PROCS_THREADS': ['6'], 'ERT_BLOCKS_THREADS': ['1'], 'ERT_WORKING_SET_MIN': ['1'], 'ERT_MEMORY_MAX': ['2147483648'], 'ERT_WSS_MULT': ['2.0'], 'ERT_TRIALS_MIN': ['1'], 'ERT_NUM_EXPERIMENTS': ['1'], 'ERT_RUN': ['OMP_NUM_THREADS=ERT_OPENMP_THREADS', './ERT_CODE'], 'ERT_GNUPLOT': ['False']}
