fp64
 32 67108864 11689.73 11689.73 11689.73 367.41372948733635 367.41372948733635 367.41372948733635 45.926716185917044 45.926716185917044 45.926716185917044
 64 33554432 7412.818 7412.818 7412.818 579.3973757348421 579.3973757348421 579.3973757348421 72.42467196685526 72.42467196685526 72.42467196685526
 128 16777216 4384.589 4384.589 4384.589 979.5598392460502 979.5598392460502 979.5598392460502 122.44497990575627 122.44497990575627 122.44497990575627
 256 8388608 2127.445 2127.445 2127.445 2018.83822895539 2018.83822895539 2018.83822895539 252.35477861942374 252.35477861942374 252.35477861942374
 512 4194304 1357.819 1357.819 1357.819 3163.1368363530046 3163.1368363530046 3163.1368363530046 395.3921045441256 395.3921045441256 395.3921045441256
 1024 2097152 936.622 936.622 936.622 4585.593009773421 4585.593009773421 4585.593009773421 573.1991262216776 573.1991262216776 573.1991262216776
 2048 1048576 948.095 948.095 948.095 4530.1022534661615 4530.1022534661615 4530.1022534661615 566.2627816832702 566.2627816832702 566.2627816832702
 4096 524288 2054.842 2054.842 2054.842 2090.1691205455213 2090.1691205455213 2090.1691205455213 261.27114006819016 261.27114006819016 261.27114006819016
 8192 262144 1377.152 1377.152 1377.152 3118.7314806208756 3118.7314806208756 3118.7314806208756 389.84143507760945 389.84143507760945 389.84143507760945
 16384 131072 1396.401 1396.401 1396.401 3075.7406332421706 3075.7406332421706 3075.7406332421706 384.4675791552713 384.4675791552713 384.4675791552713
 32768 65536 1065.215 1065.215 1065.215 4032.0191660838423 4032.0191660838423 4032.0191660838423 504.0023957604803 504.0023957604803 504.0023957604803
 65536 32768 921.231 921.231 921.231 4662.2044807437005 4662.2044807437005 4662.2044807437005 582.7755600929626 582.7755600929626 582.7755600929626
 131072 16384 673.957 673.957 673.957 6372.761609420186 6372.761609420186 6372.761609420186 796.5952011775232 796.5952011775232 796.5952011775232
 262144 8192 655.724 655.724 655.724 6549.962020606231 6549.962020606231 6549.962020606231 818.7452525757789 818.7452525757789 818.7452525757789
 524288 4096 569.162 569.162 569.162 7546.124470713084 7546.124470713084 7546.124470713084 943.2655588391355 943.2655588391355 943.2655588391355
 1048576 2048 563.01 563.01 563.01 7628.580835153906 7628.580835153906 7628.580835153906 953.5726043942383 953.5726043942383 953.5726043942383
 2097152 1024 548.971 548.971 548.971 7823.6688203930635 7823.6688203930635 7823.6688203930635 977.9586025491329 977.9586025491329 977.9586025491329
 4194304 512 567.707 567.707 567.707 7565.464748541061 7565.464748541061 7565.464748541061 945.6830935676327 945.6830935676327 945.6830935676327
 8388608 256 673.936 673.936 673.936 6372.960186130434 6372.960186130434 6372.960186130434 796.6200232663042 796.6200232663042 796.6200232663042
 16777216 128 1003.64 1003.64 1003.64 4279.390315252481 4279.390315252481 4279.390315252481 534.9237894065601 534.9237894065601 534.9237894065601
 33554432 64 1937.016 1937.016 1937.016 2217.3112127106847 2217.3112127106847 2217.3112127106847 277.1639015888356 277.1639015888356 277.1639015888356
 67108864 32 5482.594 5482.594 5482.594 783.3823361715275 783.3823361715275 783.3823361715275 97.92279202144094 97.92279202144094 97.92279202144094
 134217728 16 11660.091 11660.091 11660.091 368.34766521118917 368.34766521118917 368.34766521118917 46.043458151398646 46.043458151398646 46.043458151398646
 268435456 8 21211.887 21211.887 21211.887 202.47926532891677 202.47926532891677 202.47926532891677 25.309908166114596 25.309908166114596 25.309908166114596
 536870912 4 43272.879 43272.879 43272.879 99.253097904579 99.253097904579 99.253097904579 12.406637238072374 12.406637238072374 12.406637238072374
 1073741824 2 76228.657 76228.657 76228.657 56.34321087409424 56.34321087409424 56.34321087409424 7.04290135926178 7.04290135926178 7.04290135926178
 2147483648 1 76879.962 76879.962 76879.962 55.865887342660244 55.865887342660244 55.865887342660244 6.9832359178325305 6.9832359178325305 6.9832359178325305
 
META_DATA
 FLOPS          2
 OPENMP_THREADS 4
 ERT_VERSION  1.1.0
 HOSTNAME  ('areeba-vm', [], ['127.0.1.1'])
 UNAME  uname_result(system='Linux', node='areeba-vm', release='6.17.0-23-generic', version='#23~24.04.1-Ubuntu SMP PREEMPT_DYNAMIC Tue Apr 14 16:11:48 UTC 2', machine='x86_64')
 TIMESTAMP_DATA  1778236617.3147044
 CONFIG  {'ERT_RESULTS': ['roofline/mylaptop/Results'], 'ERT_DRIVER': ['driver1'], 'ERT_KERNEL': ['kernel1'], 'ERT_MPI': ['False'], 'ERT_MPI_CFLAGS': [], 'ERT_MPI_LDFLAGS': [], 'ERT_MPI_PROCS': ['1'], 'ERT_OPENMP': ['True'], 'ERT_OPENMP_CFLAGS': ['-fopenmp'], 'ERT_OPENMP_LDFLAGS': ['-fopenmp'], 'ERT_OPENMP_THREADS': ['1,2,4'], 'ERT_GPU': ['False'], 'ERT_GPU_CFLAGS': [], 'ERT_GPU_LDFLAGS': [], 'ERT_GPU_BLOCKS': ['1'], 'ERT_GPU_THREADS': ['1'], 'ERT_HIP': ['False'], 'ERT_OCL': ['False'], 'ERT_SYCL': ['False'], 'ERT_FLOPS': ['1,2,4,8'], 'ERT_ALIGN': ['32'], 'ERT_CC': ['g++'], 'ERT_CFLAGS': ['-O3', '-march=native', '-mavx2', '-mfma', '-ffast-math'], 'ERT_LD': ['g++'], 'ERT_LDFLAGS': [], 'ERT_LDLIBS': [], 'ERT_PRECISION': ['FP64'], 'ERT_PROCS_THREADS': ['6'], 'ERT_BLOCKS_THREADS': ['1'], 'ERT_WORKING_SET_MIN': ['1'], 'ERT_MEMORY_MAX': ['2147483648'], 'ERT_WSS_MULT': ['2.0'], 'ERT_TRIALS_MIN': ['1'], 'ERT_NUM_EXPERIMENTS': ['1'], 'ERT_RUN': ['OMP_NUM_THREADS=ERT_OPENMP_THREADS', './ERT_CODE'], 'ERT_GNUPLOT': ['False']}
 