fp64

32 1 2.516 2.516 2.516 0.025437201907790145 0.025437201907790145 0.025437201907790145 0.003179650238473768 0.003179650238473768 0.003179650238473768
32 2 0.661 0.661 0.661 0.19364599092284418 0.19364599092284418 0.19364599092284418 0.024205748865355523 0.024205748865355523 0.024205748865355523
32 4 0.569 0.569 0.569 0.4499121265377856 0.4499121265377856 0.4499121265377856 0.0562390158172232 0.0562390158172232 0.0562390158172232
32 8 0.58 0.58 0.58 0.8827586206896553 0.8827586206896553 0.8827586206896553 0.11034482758620691 0.11034482758620691 0.11034482758620691
32 16 0.568 0.568 0.568 1.8028169014084512 1.8028169014084512 1.8028169014084512 0.2253521126760564 0.2253521126760564 0.2253521126760564
32 32 0.576 0.576 0.576 3.555555555555556 3.555555555555556 3.555555555555556 0.4444444444444445 0.4444444444444445 0.4444444444444445
32 64 0.567 0.567 0.567 7.223985890652559 7.223985890652559 7.223985890652559 0.9029982363315698 0.9029982363315698 0.9029982363315698
32 128 0.568 0.568 0.568 14.42253521126761 14.42253521126761 14.42253521126761 1.8028169014084512 1.8028169014084512 1.8028169014084512
32 256 0.589 0.589 0.589 27.81663837011885 27.81663837011885 27.81663837011885 3.477079796264856 3.477079796264856 3.477079796264856
32 512 0.613 0.613 0.613 53.45513866231648 53.45513866231648 53.45513866231648 6.68189233278956 6.68189233278956 6.68189233278956
32 1024 0.678 0.678 0.678 96.66076696165192 96.66076696165192 96.66076696165192 12.08259587020649 12.08259587020649 12.08259587020649
32 2048 0.8 0.8 0.8 163.84 163.84 163.84 20.48 20.48 20.48
32 4096 1.055 1.055 1.055 248.47772511848348 248.47772511848348 248.47772511848348 31.059715639810435 31.059715639810435 31.059715639810435
32 8192 1.553 1.553 1.553 337.5969092079846 337.5969092079846 337.5969092079846 42.199613650998074 42.199613650998074 42.199613650998074
32 16384 2.548 2.548 2.548 411.52904238618527 411.52904238618527 411.52904238618527 51.44113029827316 51.44113029827316 51.44113029827316
32 32768 4.553 4.553 4.553 460.60882934329015 460.60882934329015 460.60882934329015 57.57610366791127 57.57610366791127 57.57610366791127
32 65536 8.569 8.569 8.569 489.47415100945267 489.47415100945267 489.47415100945267 61.184268876181584 61.184268876181584 61.184268876181584
32 131072 16.335 16.335 16.335 513.5358432812978 513.5358432812978 513.5358432812978 64.19198041016223 64.19198041016223 64.19198041016223
32 262144 33.402 33.402 33.402 502.2817795341596 502.2817795341596 502.2817795341596 62.78522244176995 62.78522244176995 62.78522244176995
32 524288 65.553 65.553 65.553 511.8672219425503 511.8672219425503 511.8672219425503 63.98340274281879 63.98340274281879 63.98340274281879
32 1048576 131.373 131.373 131.373 510.8269126837327 510.8269126837327 510.8269126837327 63.85336408546659 63.85336408546659 63.85336408546659
32 2097152 270.21 270.21 270.21 496.71636134858073 496.71636134858073 496.71636134858073 62.08954516857259 62.08954516857259 62.08954516857259
32 4194304 866.564 866.564 866.564 309.7699142821534 309.7699142821534 309.7699142821534 38.72123928526918 38.72123928526918 38.72123928526918
32 8388608 1335.871 1335.871 1335.871 401.8882901118446 401.8882901118446 401.8882901118446 50.23603626398057 50.23603626398057 50.23603626398057
32 16777216 4281.499 4281.499 4281.499 250.7864241005312 250.7864241005312 250.7864241005312 31.3483030125664 31.3483030125664 31.3483030125664
32 33554432 7660.28 7660.28 7660.28 280.3400982731702 280.3400982731702 280.3400982731702 35.04251228414628 35.04251228414628 35.04251228414628
32 67108864 11689.73 11689.73 11689.73 367.41372948733635 367.41372948733635 367.41372948733635 45.926716185917044 45.926716185917044 45.926716185917044

64 1 1.146 1.146 1.146 0.11169284467713789 0.11169284467713789 0.11169284467713789 0.013961605584642236 0.013961605584642236 0.013961605584642236
64 2 0.814 0.814 0.814 0.31449631449631454 0.31449631449631454 0.31449631449631454 0.03931203931203932 0.03931203931203932 0.03931203931203932
64 4 0.734 0.734 0.734 0.6975476839237058 0.6975476839237058 0.6975476839237058 0.08719346049046323 0.08719346049046323 0.08719346049046323
64 8 0.568 0.568 0.568 1.8028169014084512 1.8028169014084512 1.8028169014084512 0.2253521126760564 0.2253521126760564 0.2253521126760564
64 16 0.559 0.559 0.559 3.6636851520572447 3.6636851520572447 3.6636851520572447 0.4579606440071556 0.4579606440071556 0.4579606440071556
64 32 0.558 0.558 0.558 7.3405017921146944 7.3405017921146944 7.3405017921146944 0.9175627240143368 0.9175627240143368 0.9175627240143368
64 64 0.565 0.565 0.565 14.49911504424779 14.49911504424779 14.49911504424779 1.8123893805309736 1.8123893805309736 1.8123893805309736
64 128 0.565 0.565 0.565 28.99823008849558 28.99823008849558 28.99823008849558 3.6247787610619473 3.6247787610619473 3.6247787610619473
64 256 0.584 0.584 0.584 56.1095890410959 56.1095890410959 56.1095890410959 7.013698630136988 7.013698630136988 7.013698630136988
64 512 0.608 0.608 0.608 107.78947368421055 107.78947368421055 107.78947368421055 13.473684210526319 13.473684210526319 13.473684210526319
64 1024 0.672 0.672 0.672 195.04761904761904 195.04761904761904 195.04761904761904 24.38095238095238 24.38095238095238 24.38095238095238
64 2048 0.801 0.801 0.801 327.270911360799 327.270911360799 327.270911360799 40.908863920099876 40.908863920099876 40.908863920099876
64 4096 1.048 1.048 1.048 500.2748091603054 500.2748091603054 500.2748091603054 62.53435114503817 62.53435114503817 62.53435114503817
64 8192 1.552 1.552 1.552 675.6288659793814 675.6288659793814 675.6288659793814 84.45360824742268 84.45360824742268 84.45360824742268
64 16384 2.549 2.549 2.549 822.7351902706944 822.7351902706944 822.7351902706944 102.8418987838368 102.8418987838368 102.8418987838368
64 32768 4.314 4.314 4.314 972.2540565600373 972.2540565600373 972.2540565600373 121.53175707000466 121.53175707000466 121.53175707000466
64 65536 9.241 9.241 9.241 907.7597662590629 907.7597662590629 907.7597662590629 113.46997078238286 113.46997078238286 113.46997078238286
64 131072 17.611 17.611 17.611 952.6554994037817 952.6554994037817 952.6554994037817 119.08193742547272 119.08193742547272 119.08193742547272
64 262144 35.238 35.238 35.238 952.2229411430843 952.2229411430843 952.2229411430843 119.02786764288554 119.02786764288554 119.02786764288554
64 524288 119.692 119.692 119.692 560.6796110015707 560.6796110015707 560.6796110015707 70.08495137519634 70.08495137519634 70.08495137519634
64 1048576 151.771 151.771 151.771 884.3437020247611 884.3437020247611 884.3437020247611 110.54296275309514 110.54296275309514 110.54296275309514
64 2097152 276.349 276.349 276.349 971.3639492091522 971.3639492091522 971.3639492091522 121.42049365114403 121.42049365114403 121.42049365114403
64 4194304 733.379 733.379 733.379 732.0511113626106 732.0511113626106 732.0511113626106 91.50638892032633 91.50638892032633 91.50638892032633
64 8388608 1070.169 1070.169 1070.169 1003.3385605451101 1003.3385605451101 1003.3385605451101 125.41732006813876 125.41732006813876 125.41732006813876
64 16777216 3377.567 3377.567 3377.567 635.807860510243 635.807860510243 635.807860510243 79.47598256378038 79.47598256378038 79.47598256378038
64 33554432 7412.818 7412.818 7412.818 579.3973757348421 579.3973757348421 579.3973757348421 72.42467196685526 72.42467196685526 72.42467196685526

128 1 1.365 1.365 1.365 0.18754578754578755 0.18754578754578755 0.18754578754578755 0.023443223443223443 0.023443223443223443 0.023443223443223443
128 2 0.661 0.661 0.661 0.7745839636913767 0.7745839636913767 0.7745839636913767 0.09682299546142209 0.09682299546142209 0.09682299546142209
128 4 0.65 0.65 0.65 1.5753846153846154 1.5753846153846154 1.5753846153846154 0.19692307692307692 0.19692307692307692 0.19692307692307692
128 8 0.629 0.629 0.629 3.2559618441971385 3.2559618441971385 3.2559618441971385 0.4069952305246423 0.4069952305246423 0.4069952305246423
128 16 0.635 0.635 0.635 6.4503937007874015 6.4503937007874015 6.4503937007874015 0.8062992125984252 0.8062992125984252 0.8062992125984252
128 32 0.64 0.64 0.64 12.8 12.8 12.8 1.6 1.6 1.6
128 64 0.624 0.624 0.624 26.25641025641026 26.25641025641026 26.25641025641026 3.2820512820512824 3.2820512820512824 3.2820512820512824
128 128 0.642 0.642 0.642 51.0404984423676 51.0404984423676 51.0404984423676 6.38006230529595 6.38006230529595 6.38006230529595
128 256 0.723 0.723 0.723 90.64453665283541 90.64453665283541 90.64453665283541 11.330567081604427 11.330567081604427 11.330567081604427
128 512 0.744 0.744 0.744 176.1720430107527 176.1720430107527 176.1720430107527 22.021505376344088 22.021505376344088 22.021505376344088
128 1024 0.95 0.95 0.95 275.941052631579 275.941052631579 275.941052631579 34.492631578947375 34.492631578947375 34.492631578947375
128 2048 1.166 1.166 1.166 449.64665523156094 449.64665523156094 449.64665523156094 56.20583190394512 56.20583190394512 56.20583190394512
128 4096 1.707 1.707 1.707 614.2800234329233 614.2800234329233 614.2800234329233 76.78500292911541 76.78500292911541 76.78500292911541
128 8192 2.816 2.816 2.816 744.7272727272729 744.7272727272729 744.7272727272729 93.09090909090911 93.09090909090911 93.09090909090911
128 16384 5.043 5.043 5.043 831.7081102518343 831.7081102518343 831.7081102518343 103.96351378147929 103.96351378147929 103.96351378147929
128 32768 9.492 9.492 9.492 883.7555836493889 883.7555836493889 883.7555836493889 110.46944795617361 110.46944795617361 110.46944795617361
128 65536 18.328 18.328 18.328 915.3871671759059 915.3871671759059 915.3871671759059 114.42339589698824 114.42339589698824 114.42339589698824
128 131072 36.111 36.111 36.111 929.2025144692753 929.2025144692753 929.2025144692753 116.15031430865942 116.15031430865942 116.15031430865942
128 262144 71.579 71.579 71.579 937.5496165076349 937.5496165076349 937.5496165076349 117.19370206345437 117.19370206345437 117.19370206345437
128 524288 147.579 147.579 147.579 909.4635957690458 909.4635957690458 909.4635957690458 113.68294947113073 113.68294947113073 113.68294947113073
128 1048576 285.692 285.692 285.692 939.5973845959986 939.5973845959986 939.5973845959986 117.44967307449983 117.44967307449983 117.44967307449983
128 2097152 535.238 535.238 535.238 1003.050814777725 1003.050814777725 1003.050814777725 125.38135184721563 125.38135184721563 125.38135184721563
128 4194304 1056.894 1056.894 1056.894 1015.9408833809256 1015.9408833809256 1015.9408833809256 126.9926104226157 126.9926104226157 126.9926104226157
128 8388608 2155.62 2155.62 2155.62 996.2255165567216 996.2255165567216 996.2255165567216 124.5281895695902 124.5281895695902 124.5281895695902
128 16777216 4384.589 4384.589 4384.589 979.5598392460502 979.5598392460502 979.5598392460502 122.44497990575627 122.44497990575627 122.44497990575627

256 1 2.045 2.045 2.045 0.2503667481662592 0.2503667481662592 0.2503667481662592 0.0312958435207824 0.0312958435207824 0.0312958435207824
256 2 0.818 0.818 0.818 1.251833740831296 1.251833740831296 1.251833740831296 0.156479217603912 0.156479217603912 0.156479217603912
256 4 0.632 0.632 0.632 3.240506329113924 3.240506329113924 3.240506329113924 0.4050632911392405 0.4050632911392405 0.4050632911392405
256 8 0.644 0.644 0.644 6.360248447204969 6.360248447204969 6.360248447204969 0.7950310559006212 0.7950310559006212 0.7950310559006212
256 16 0.641 0.641 0.641 12.78003120124805 12.78003120124805 12.78003120124805 1.5975039001560063 1.5975039001560063 1.5975039001560063
256 32 0.638 0.638 0.638 25.680250783699062 25.680250783699062 25.680250783699062 3.2100313479623828 3.2100313479623828 3.2100313479623828
256 64 0.648 0.648 0.648 50.567901234567906 50.567901234567906 50.567901234567906 6.320987654320988 6.320987654320988 6.320987654320988
256 128 0.639 0.639 0.639 102.56025039123631 102.56025039123631 102.56025039123631 12.820031298904539 12.820031298904539 12.820031298904539
256 256 0.674 0.674 0.674 194.46884272997033 194.46884272997033 194.46884272997033 24.30860534124629 24.30860534124629 24.30860534124629
256 512 0.737 0.737 0.737 355.6906377204885 355.6906377204885 355.6906377204885 44.46132971506106 44.46132971506106 44.46132971506106
256 1024 0.876 0.876 0.876 598.5022831050229 598.5022831050229 598.5022831050229 74.81278538812786 74.81278538812786 74.81278538812786
256 2048 1.155 1.155 1.155 907.8580086580088 907.8580086580088 907.8580086580088 113.4822510822511 113.4822510822511 113.4822510822511
256 4096 1.714 1.714 1.714 1223.5425904317387 1223.5425904317387 1223.5425904317387 152.94282380396734 152.94282380396734 152.94282380396734
256 8192 2.827 2.827 2.827 1483.6590024761233 1483.6590024761233 1483.6590024761233 185.4573753095154 185.4573753095154 185.4573753095154
256 16384 5.051 5.051 5.051 1660.7816274005147 1660.7816274005147 1660.7816274005147 207.59770342506434 207.59770342506434 207.59770342506434
256 32768 9.476 9.476 9.476 1770.4955677501055 1770.4955677501055 1770.4955677501055 221.31194596876318 221.31194596876318 221.31194596876318
256 65536 18.35 18.35 18.35 1828.579400544959 1828.579400544959 1828.579400544959 228.57242506811988 228.57242506811988 228.57242506811988
256 131072 46.066 46.066 46.066 1456.7981591629402 1456.7981591629402 1456.7981591629402 182.09976989536753 182.09976989536753 182.09976989536753
256 262144 71.653 71.653 71.653 1873.1627147502547 1873.1627147502547 1873.1627147502547 234.14533934378184 234.14533934378184 234.14533934378184
256 524288 142.584 142.584 142.584 1882.6478146215563 1882.6478146215563 1882.6478146215563 235.33097682769454 235.33097682769454 235.33097682769454
256 1048576 300.711 300.711 300.711 1785.338454529432 1785.338454529432 1785.338454529432 223.167306816179 223.167306816179 223.167306816179
256 2097152 566.153 566.153 566.153 1896.5576867030645 1896.5576867030645 1896.5576867030645 237.06971083788306 237.06971083788306 237.06971083788306
256 4194304 1105.813 1105.813 1105.813 1941.9952993860622 1941.9952993860622 1941.9952993860622 242.74941242325778 242.74941242325778 242.74941242325778
256 8388608 2127.445 2127.445 2127.445 2018.83822895539 2018.83822895539 2018.83822895539 252.35477861942374 252.35477861942374 252.35477861942374

512 1 1.157 1.157 1.157 0.88504753673293 0.88504753673293 0.88504753673293 0.11063094209161625 0.11063094209161625 0.11063094209161625
512 2 0.709 0.709 0.709 2.8885754583921015 2.8885754583921015 2.8885754583921015 0.3610719322990127 0.3610719322990127 0.3610719322990127
512 4 0.645 0.645 0.645 6.350387596899226 6.350387596899226 6.350387596899226 0.7937984496124032 0.7937984496124032 0.7937984496124032
512 8 0.645 0.645 0.645 12.700775193798451 12.700775193798451 12.700775193798451 1.5875968992248064 1.5875968992248064 1.5875968992248064
512 16 0.66 0.66 0.66 24.824242424242424 24.824242424242424 24.824242424242424 3.103030303030303 3.103030303030303 3.103030303030303
512 32 0.63 0.63 0.63 52.01269841269841 52.01269841269841 52.01269841269841 6.501587301587302 6.501587301587302 6.501587301587302
512 64 0.639 0.639 0.639 102.56025039123631 102.56025039123631 102.56025039123631 12.820031298904539 12.820031298904539 12.820031298904539
512 128 0.654 0.654 0.654 200.41590214067278 200.41590214067278 200.41590214067278 25.051987767584098 25.051987767584098 25.051987767584098
512 256 0.696 0.696 0.696 376.6436781609196 376.6436781609196 376.6436781609196 47.08045977011495 47.08045977011495 47.08045977011495
512 512 0.792 0.792 0.792 661.979797979798 661.979797979798 661.979797979798 82.74747474747475 82.74747474747475 82.74747474747475
512 1024 0.957 0.957 0.957 1095.6907001044933 1095.6907001044933 1095.6907001044933 136.96133751306166 136.96133751306166 136.96133751306166
512 2048 1.294 1.294 1.294 1620.6738794435857 1620.6738794435857 1620.6738794435857 202.58423493044822 202.58423493044822 202.58423493044822
512 4096 1.987 1.987 1.987 2110.8726723704076 2110.8726723704076 2110.8726723704076 263.85908404630095 263.85908404630095 263.85908404630095
512 8192 3.367 3.367 3.367 2491.4190674190677 2491.4190674190677 2491.4190674190677 311.42738342738346 311.42738342738346 311.42738342738346
512 16384 6.132 6.132 6.132 2736.0104370515332 2736.0104370515332 2736.0104370515332 342.00130463144166 342.00130463144166 342.00130463144166
512 32768 11.703 11.703 11.703 2867.165000427241 2867.165000427241 2867.165000427241 358.3956250534051 358.3956250534051 358.3956250534051
512 65536 22.772 22.772 22.772 2946.9903390128234 2946.9903390128234 2946.9903390128234 368.3737923766029 368.3737923766029 368.3737923766029
512 131072 45.025 45.025 45.025 2980.960088839534 2980.960088839534 2980.960088839534 372.62001110494174 372.62001110494174 372.62001110494174
512 262144 89.354 89.354 89.354 3004.179510710209 3004.179510710209 3004.179510710209 375.5224388387761 375.5224388387761 375.5224388387761
512 524288 178.13 178.13 178.13 3013.927536069163 3013.927536069163 3013.927536069163 376.7409420086454 376.7409420086454 376.7409420086454
512 1048576 355.86 355.86 355.86 3017.3153037711463 3017.3153037711463 3017.3153037711463 377.1644129713933 377.1644129713933 377.1644129713933
512 2097152 664.45 664.45 664.45 3231.97177816239 3231.97177816239 3231.97177816239 403.99647227029874 403.99647227029874 403.99647227029874
512 4194304 1357.819 1357.819 1357.819 3163.1368363530046 3163.1368363530046 3163.1368363530046 395.3921045441256 395.3921045441256 395.3921045441256

1024 1 1.85 1.85 1.85 1.107027027027027 1.107027027027027 1.107027027027027 0.13837837837837838 0.13837837837837838 0.13837837837837838
1024 2 0.978 0.978 0.978 4.188139059304704 4.188139059304704 4.188139059304704 0.523517382413088 0.523517382413088 0.523517382413088
1024 4 0.651 0.651 0.651 12.583717357910908 12.583717357910908 12.583717357910908 1.5729646697388635 1.5729646697388635 1.5729646697388635
1024 8 0.628 0.628 0.628 26.089171974522298 26.089171974522298 26.089171974522298 3.2611464968152872 3.2611464968152872 3.2611464968152872
1024 16 0.631 0.631 0.631 51.93026941362916 51.93026941362916 51.93026941362916 6.491283676703645 6.491283676703645 6.491283676703645
1024 32 0.626 0.626 0.626 104.69009584664538 104.69009584664538 104.69009584664538 13.086261980830672 13.086261980830672 13.086261980830672
1024 64 0.609 0.609 0.609 215.2249589490969 215.2249589490969 215.2249589490969 26.903119868637113 26.903119868637113 26.903119868637113
1024 128 0.64 0.64 0.64 409.6 409.6 409.6 51.2 51.2 51.2
1024 256 0.694 0.694 0.694 755.4582132564842 755.4582132564842 755.4582132564842 94.43227665706053 94.43227665706053 94.43227665706053
1024 512 0.807 0.807 0.807 1299.3506815365552 1299.3506815365552 1299.3506815365552 162.4188351920694 162.4188351920694 162.4188351920694
1024 1024 1.036 1.036 1.036 2024.277992277992 2024.277992277992 2024.277992277992 253.034749034749 253.034749034749 253.034749034749
1024 2048 1.494 1.494 1.494 2807.4323962516737 2807.4323962516737 2807.4323962516737 350.9290495314592 350.9290495314592 350.9290495314592
1024 4096 2.418 2.418 2.418 3469.2340777502072 3469.2340777502072 3469.2340777502072 433.6542597187759 433.6542597187759 433.6542597187759
1024 8192 4.264 4.264 4.264 3934.6191369606004 3934.6191369606004 3934.6191369606004 491.82739212007505 491.82739212007505 491.82739212007505
1024 16384 7.711 7.711 7.711 4351.5020101154205 4351.5020101154205 4351.5020101154205 543.9377512644276 543.9377512644276 543.9377512644276
1024 32768 16.15 16.15 16.15 4155.347616099071 4155.347616099071 4155.347616099071 519.4184520123839 519.4184520123839 519.4184520123839
1024 65536 30.788 30.788 30.788 4359.416915681435 4359.416915681435 4359.416915681435 544.9271144601794 544.9271144601794 544.9271144601794
1024 131072 61.96 61.96 61.96 4332.39922530665 4332.39922530665 4332.39922530665 541.5499031633312 541.5499031633312 541.5499031633312
1024 262144 135.967 135.967 135.967 3948.538336508123 3948.538336508123 3948.538336508123 493.56729206351537 493.56729206351537 493.56729206351537
1024 524288 248.338 248.338 248.338 4323.711328914625 4323.711328914625 4323.711328914625 540.4639161143281 540.4639161143281 540.4639161143281
1024 1048576 467.593 467.593 467.593 4592.634295209723 4592.634295209723 4592.634295209723 574.0792869012154 574.0792869012154 574.0792869012154
1024 2097152 936.622 936.622 936.622 4585.593009773421 4585.593009773421 4585.593009773421 573.1991262216776 573.1991262216776 573.1991262216776

2048 1 2.172 2.172 2.172 1.8858195211786373 1.8858195211786373 1.8858195211786373 0.23572744014732966 0.23572744014732966 0.23572744014732966
2048 2 0.643 0.643 0.643 12.740279937791602 12.740279937791602 12.740279937791602 1.5925349922239502 1.5925349922239502 1.5925349922239502
2048 4 0.656 0.656 0.656 24.975609756097562 24.975609756097562 24.975609756097562 3.1219512195121952 3.1219512195121952 3.1219512195121952
2048 8 0.707 0.707 0.707 46.34794908062236 46.34794908062236 46.34794908062236 5.793493635077795 5.793493635077795 5.793493635077795
2048 16 0.637 0.637 0.637 102.88226059654632 102.88226059654632 102.88226059654632 12.86028257456829 12.86028257456829 12.86028257456829
2048 32 0.638 0.638 0.638 205.4420062695925 205.4420062695925 205.4420062695925 25.680250783699062 25.680250783699062 25.680250783699062
2048 64 0.636 0.636 0.636 412.17610062893084 412.17610062893084 412.17610062893084 51.522012578616355 51.522012578616355 51.522012578616355
2048 128 0.669 0.669 0.669 783.6890881913303 783.6890881913303 783.6890881913303 97.96113602391628 97.96113602391628 97.96113602391628
2048 256 0.753 0.753 0.753 1392.5312084993361 1392.5312084993361 1392.5312084993361 174.06640106241701 174.06640106241701 174.06640106241701
2048 512 0.937 0.937 0.937 2238.1558164354324 2238.1558164354324 2238.1558164354324 279.76947705442905 279.76947705442905 279.76947705442905
2048 1024 1.31 1.31 1.31 3201.7587786259546 3201.7587786259546 3201.7587786259546 400.2198473282443 400.2198473282443 400.2198473282443
2048 2048 2.022 2.022 2.022 4148.668644906034 4148.668644906034 4148.668644906034 518.5835806132543 518.5835806132543 518.5835806132543
2048 4096 3.474 3.474 3.474 4829.365572826713 4829.365572826713 4829.365572826713 603.6706966033391 603.6706966033391 603.6706966033391
2048 8192 6.369 6.369 6.369 5268.398806720051 5268.398806720051 5268.398806720051 658.5498508400063 658.5498508400063 658.5498508400063
2048 16384 12.047 12.047 12.047 5570.587200132813 5570.587200132813 5570.587200132813 696.3234000166017 696.3234000166017 696.3234000166017
2048 32768 24.164 24.164 24.164 5554.449925509021 5554.449925509021 5554.449925509021 694.3062406886277 694.3062406886277 694.3062406886277
2048 65536 54.238 54.238 54.238 4949.21376156938 4949.21376156938 4949.21376156938 618.6517201961725 618.6517201961725 618.6517201961725
2048 131072 166.734 166.734 166.734 3219.924622452529 3219.924622452529 3219.924622452529 402.49057780656614 402.49057780656614 402.49057780656614
2048 262144 467.47 467.47 467.47 2296.9213511027447 2296.9213511027447 2296.9213511027447 287.1151688878431 287.1151688878431 287.1151688878431
2048 524288 938.832 938.832 938.832 2287.399287625475 2287.399287625475 2287.399287625475 285.9249109531844 285.9249109531844 285.9249109531844
2048 1048576 948.095 948.095 948.095 4530.1022534661615 4530.1022534661615 4530.1022534661615 566.2627816832702 566.2627816832702 566.2627816832702

4096 1 2.423 2.423 2.423 3.380932728023112 3.380932728023112 3.380932728023112 0.422616591002889 0.422616591002889 0.422616591002889
4096 2 0.736 0.736 0.736 22.26086956521739 22.26086956521739 22.26086956521739 2.782608695652174 2.782608695652174 2.782608695652174
4096 4 0.674 0.674 0.674 48.61721068249258 48.61721068249258 48.61721068249258 6.077151335311573 6.077151335311573 6.077151335311573
4096 8 0.719 0.719 0.719 91.14881780250349 91.14881780250349 91.14881780250349 11.393602225312936 11.393602225312936 11.393602225312936
4096 16 0.66 0.66 0.66 198.5939393939394 198.5939393939394 198.5939393939394 24.824242424242424 24.824242424242424 24.824242424242424
4096 32 7.089 7.089 7.089 36.97898152066582 36.97898152066582 36.97898152066582 4.622372690083227 4.622372690083227 4.622372690083227
4096 64 0.92 0.92 0.92 569.8782608695652 569.8782608695652 569.8782608695652 71.23478260869565 71.23478260869565 71.23478260869565
4096 128 1.147 1.147 1.147 914.1900610287707 914.1900610287707 914.1900610287707 114.27375762859634 114.27375762859634 114.27375762859634
4096 256 1.543 1.543 1.543 1359.1393389500975 1359.1393389500975 1359.1393389500975 169.89241736876218 169.89241736876218 169.89241736876218
4096 512 2.514 2.514 2.514 1668.378679395386 1668.378679395386 1668.378679395386 208.54733492442324 208.54733492442324 208.54733492442324
4096 1024 4.388 4.388 4.388 1911.7155879671832 1911.7155879671832 1911.7155879671832 238.9644484958979 238.9644484958979 238.9644484958979
4096 2048 8.162 8.162 8.162 2055.5275667728497 2055.5275667728497 2055.5275667728497 256.9409458466062 256.9409458466062 256.9409458466062
4096 4096 15.734 15.734 15.734 2132.60658446676 2132.60658446676 2132.60658446676 266.575823058345 266.575823058345 266.575823058345
4096 8192 33.058 33.058 33.058 2030.0340008469962 2030.0340008469962 2030.0340008469962 253.75425010587452 253.75425010587452 253.75425010587452
4096 16384 61.089 61.089 61.089 2197.085039859877 2197.085039859877 2197.085039859877 274.6356299824846 274.6356299824846 274.6356299824846
4096 32768 121.568 121.568 121.568 2208.1095025006584 2208.1095025006584 2208.1095025006584 276.0136878125823 276.0136878125823 276.0136878125823
4096 65536 242.567 242.567 242.567 2213.289161345113 2213.289161345113 2213.289161345113 276.6611451681391 276.6611451681391 276.6611451681391
4096 131072 502.463 502.463 502.463 2136.956997828696 2136.956997828696 2136.956997828696 267.119624728587 267.119624728587 267.119624728587
4096 262144 1048.607 1048.607 1048.607 2047.9394549149492 2047.9394549149492 2047.9394549149492 255.99243186436865 255.99243186436865 255.99243186436865
4096 524288 2054.842 2054.842 2054.842 2090.1691205455213 2090.1691205455213 2090.1691205455213 261.27114006819016 261.27114006819016 261.27114006819016

8192 1 2.981 2.981 2.981 5.496142234149615 5.496142234149615 5.496142234149615 0.6870177792687019 0.6870177792687019 0.6870177792687019
8192 2 0.673 0.673 0.673 48.68945022288261 48.68945022288261 48.68945022288261 6.086181277860327 6.086181277860327 6.086181277860327
8192 4 0.696 0.696 0.696 94.1609195402299 94.1609195402299 94.1609195402299 11.770114942528737 11.770114942528737 11.770114942528737
8192 8 0.69 0.69 0.69 189.9594202898551 189.9594202898551 189.9594202898551 23.744927536231888 23.744927536231888 23.744927536231888
8192 16 0.703 0.703 0.703 372.8933143669986 372.8933143669986 372.8933143669986 46.611664295874824 46.611664295874824 46.611664295874824
8192 32 0.765 0.765 0.765 685.3437908496733 685.3437908496733 685.3437908496733 85.66797385620916 85.66797385620916 85.66797385620916
8192 64 0.912 0.912 0.912 1149.7543859649124 1149.7543859649124 1149.7543859649124 143.71929824561406 143.71929824561406 143.71929824561406
8192 128 1.197 1.197 1.197 1752.0066833751043 1752.0066833751043 1752.0066833751043 219.00083542188804 219.00083542188804 219.00083542188804
8192 256 1.821 1.821 1.821 2303.2970895112576 2303.2970895112576 2303.2970895112576 287.9121361889072 287.9121361889072 287.9121361889072
8192 512 2.992 2.992 2.992 2803.679144385027 2803.679144385027 2803.679144385027 350.4598930481284 350.4598930481284 350.4598930481284
8192 1024 5.4 5.4 5.4 3106.891851851852 3106.891851851852 3106.891851851852 388.3614814814815 388.3614814814815 388.3614814814815
8192 2048 10.15 10.15 10.15 3305.855369458128 3305.855369458128 3305.855369458128 413.231921182266 413.231921182266 413.231921182266
8192 4096 19.506 19.506 19.506 3440.4216138624015 3440.4216138624015 3440.4216138624015 430.0527017328002 430.0527017328002 430.0527017328002
8192 8192 39.701 39.701 39.701 3380.714037429788 3380.714037429788 3380.714037429788 422.5892546787235 422.5892546787235 422.5892546787235
8192 16384 78.177 78.177 78.177 3433.6883738183865 3433.6883738183865 3433.6883738183865 429.2110467272983 429.2110467272983 429.2110467272983
8192 32768 169.625 169.625 169.625 3165.0459071481214 3165.0459071481214 3165.0459071481214 395.6307383935152 395.6307383935152 395.6307383935152
8192 65536 330.317 330.317 330.317 3250.640518047815 3250.640518047815 3250.640518047815 406.3300647559769 406.3300647559769 406.3300647559769
8192 131072 632.981 632.981 632.981 3392.6510400786124 3392.6510400786124 3392.6510400786124 424.08138000982655 424.08138000982655 424.08138000982655
8192 262144 1377.152 1377.152 1377.152 3118.7314806208756 3118.7314806208756 3118.7314806208756 389.84143507760945 389.84143507760945 389.84143507760945

16384 1 1.756 1.756 1.756 18.660592255125287 18.660592255125287 18.660592255125287 2.332574031890661 2.332574031890661 2.332574031890661
16384 2 0.774 0.774 0.774 84.671834625323 84.671834625323 84.671834625323 10.583979328165375 10.583979328165375 10.583979328165375
16384 4 0.699 0.699 0.699 187.51359084406295 187.51359084406295 187.51359084406295 23.43919885550787 23.43919885550787 23.43919885550787
16384 8 0.743 0.743 0.743 352.81830417227457 352.81830417227457 352.81830417227457 44.10228802153432 44.10228802153432 44.10228802153432
16384 16 0.839 0.839 0.839 624.8963051251491 624.8963051251491 624.8963051251491 78.11203814064363 78.11203814064363 78.11203814064363
16384 32 0.978 0.978 0.978 1072.1635991820042 1072.1635991820042 1072.1635991820042 134.02044989775052 134.02044989775052 134.02044989775052
16384 64 1.285 1.285 1.285 1632.0249027237355 1632.0249027237355 1632.0249027237355 204.00311284046694 204.00311284046694 204.00311284046694
16384 128 1.938 1.938 1.938 2164.2435500516 2164.2435500516 2164.2435500516 270.53044375645 270.53044375645 270.53044375645
16384 256 3.219 3.219 3.219 2605.967070518795 2605.967070518795 2605.967070518795 325.7458838148494 325.7458838148494 325.7458838148494
16384 512 5.878 5.878 5.878 2854.238856753998 2854.238856753998 2854.238856753998 356.77985709424973 356.77985709424973 356.77985709424973
16384 1024 11.369 11.369 11.369 2951.396956636468 2951.396956636468 2951.396956636468 368.9246195795585 368.9246195795585 368.9246195795585
16384 2048 21.572 21.572 21.572 3110.9245318004823 3110.9245318004823 3110.9245318004823 388.8655664750603 388.8655664750603 388.8655664750603
16384 4096 43.887 43.887 43.887 3058.2570692915897 3058.2570692915897 3058.2570692915897 382.2821336614487 382.2821336614487 382.2821336614487
16384 8192 90.522 90.522 90.522 2965.416760566492 2965.416760566492 2965.416760566492 370.6770950708115 370.6770950708115 370.6770950708115
16384 16384 173.025 173.025 173.025 3102.8516803930065 3102.8516803930065 3102.8516803930065 387.8564600491258 387.8564600491258 387.8564600491258
16384 32768 359.189 359.189 359.189 2989.350520199672 2989.350520199672 2989.350520199672 373.668815024959 373.668815024959 373.668815024959
16384 65536 683.856 683.856 683.856 3140.257083362579 3140.257083362579 3140.257083362579 392.5321354203224 392.5321354203224 392.5321354203224
16384 131072 1396.401 1396.401 1396.401 3075.7406332421706 3075.7406332421706 3075.7406332421706 384.4675791552713 384.4675791552713 384.4675791552713

32768 1 2.084 2.084 2.084 31.447216890595012 31.447216890595012 31.447216890595012 3.9309021113243765 3.9309021113243765 3.9309021113243765
32768 2 0.961 0.961 0.961 136.39125910509887 136.39125910509887 136.39125910509887 17.04890738813736 17.04890738813736 17.04890738813736
32768 4 1.011 1.011 1.011 259.29179030662715 259.29179030662715 259.29179030662715 32.411473788328394 32.411473788328394 32.411473788328394
32768 8 0.923 0.923 0.923 568.0260021668473 568.0260021668473 568.0260021668473 71.00325027085592 71.00325027085592 71.00325027085592
32768 16 1.034 1.034 1.034 1014.0967117988396 1014.0967117988396 1014.0967117988396 126.76208897485495 126.76208897485495 126.76208897485495
32768 32 1.276 1.276 1.276 1643.53605015674 1643.53605015674 1643.53605015674 205.4420062695925 205.4420062695925 205.4420062695925
32768 64 1.743 1.743 1.743 2406.3706253585774 2406.3706253585774 2406.3706253585774 300.7963281698222 300.7963281698222 300.7963281698222
32768 128 2.711 2.711 2.711 3094.285503504242 3094.285503504242 3094.285503504242 386.78568793803026 386.78568793803026 386.78568793803026
32768 256 4.595 4.595 4.595 3651.1895538628946 3651.1895538628946 3651.1895538628946 456.3986942328618 456.3986942328618 456.3986942328618
32768 512 8.559 8.559 8.559 3920.3682673209496 3920.3682673209496 3920.3682673209496 490.0460334151187 490.0460334151187 490.0460334151187
32768 1024 16.217 16.217 16.217 4138.179934636493 4138.179934636493 4138.179934636493 517.2724918295617 517.2724918295617 517.2724918295617
32768 2048 31.219 31.219 31.219 4299.232134277203 4299.232134277203 4299.232134277203 537.4040167846504 537.4040167846504 537.4040167846504
32768 4096 61.649 61.649 61.649 4354.25482976204 4354.25482976204 4354.25482976204 544.281853720255 544.281853720255 544.281853720255
32768 8192 122.489 122.489 122.489 4383.0132664974 4383.0132664974 4383.0132664974 547.876658312175 547.876658312175 547.876658312175
32768 16384 246.03 246.03 246.03 4364.271934316954 4364.271934316954 4364.271934316954 545.5339917896192 545.5339917896192 545.5339917896192
32768 32768 495.726 495.726 495.726 4331.997208135139 4331.997208135139 4331.997208135139 541.4996510168924 541.4996510168924 541.4996510168924
32768 65536 1065.215 1065.215 1065.215 4032.0191660838423 4032.0191660838423 4032.0191660838423 504.0023957604803 504.0023957604803 504.0023957604803

65536 1 3.331 3.331 3.331 39.34914440108076 39.34914440108076 39.34914440108076 4.918643050135095 4.918643050135095 4.918643050135095
65536 2 1.023 1.023 1.023 256.25024437927664 256.25024437927664 256.25024437927664 32.03128054740958 32.03128054740958 32.03128054740958
65536 4 1.188 1.188 1.188 441.3198653198654 441.3198653198654 441.3198653198654 55.16498316498318 55.16498316498318 55.16498316498318
65536 8 1.253 1.253 1.253 836.8523543495612 836.8523543495612 836.8523543495612 104.60654429369515 104.60654429369515 104.60654429369515
65536 16 1.317 1.317 1.317 1592.3705391040244 1592.3705391040244 1592.3705391040244 199.04631738800305 199.04631738800305 199.04631738800305
65536 32 1.652 1.652 1.652 2538.924939467313 2538.924939467313 2538.924939467313 317.3656174334141 317.3656174334141 317.3656174334141
65536 64 2.357 2.357 2.357 3559.019092066186 3559.019092066186 3559.019092066186 444.8773865082733 444.8773865082733 444.8773865082733
65536 128 3.787 3.787 3.787 4430.2128333773435 4430.2128333773435 4430.2128333773435 553.7766041721679 553.7766041721679 553.7766041721679
65536 256 6.653 6.653 6.653 5043.503983165489 5043.503983165489 5043.503983165489 630.4379978956862 630.4379978956862 630.4379978956862
65536 512 12.202 12.202 12.202 5499.824946730045 5499.824946730045 5499.824946730045 687.4781183412556 687.4781183412556 687.4781183412556
65536 1024 24.92 24.92 24.92 5385.944141252006 5385.944141252006 5385.944141252006 673.2430176565008 673.2430176565008 673.2430176565008
65536 2048 65.285 65.285 65.285 4111.747813433408 4111.747813433408 4111.747813433408 513.968476679176 513.968476679176 513.968476679176
65536 4096 101.837 101.837 101.837 5271.8649606724475 5271.8649606724475 5271.8649606724475 658.9831200840559 658.9831200840559 658.9831200840559
65536 8192 204.374 204.374 204.374 5253.808331783886 5253.808331783886 5253.808331783886 656.7260414729858 656.7260414729858 656.7260414729858
65536 16384 380.976 380.976 380.976 5636.795094704129 5636.795094704129 5636.795094704129 704.5993868380161 704.5993868380161 704.5993868380161
65536 32768 921.231 921.231 921.231 4662.2044807437005 4662.2044807437005 4662.2044807437005 582.7755600929626 582.7755600929626 582.7755600929626

131072 1 4.911 4.911 4.911 53.378945225005104 53.378945225005104 53.378945225005104 6.672368153125638 6.672368153125638 6.672368153125638
131072 2 1.578 1.578 1.578 332.24841571609636 332.24841571609636 332.24841571609636 41.531051964512045 41.531051964512045 41.531051964512045
131072 4 1.547 1.547 1.547 677.8125404007758 677.8125404007758 677.8125404007758 84.72656755009697 84.72656755009697 84.72656755009697
131072 8 1.67 1.67 1.67 1255.779640718563 1255.779640718563 1255.779640718563 156.9724550898204 156.9724550898204 156.9724550898204
131072 16 1.968 1.968 1.968 2131.2520325203254 2131.2520325203254 2131.2520325203254 266.4065040650407 266.4065040650407 266.4065040650407
131072 32 2.58 2.58 2.58 3251.3984496124035 3251.3984496124035 3251.3984496124035 406.42480620155044 406.42480620155044 406.42480620155044
131072 64 3.796 3.796 3.796 4419.709167544785 4419.709167544785 4419.709167544785 552.4636459430981 552.4636459430981 552.4636459430981
131072 128 6.226 6.226 6.226 5389.404433022808 5389.404433022808 5389.404433022808 673.675554127851 673.675554127851 673.675554127851
131072 256 10.819 10.819 10.819 6202.871245031888 6202.871245031888 6202.871245031888 775.358905628986 775.358905628986 775.358905628986
131072 512 21.041 21.041 21.041 6378.866403688038 6378.866403688038 6378.866403688038 797.3583004610048 797.3583004610048 797.3583004610048
131072 1024 41.381 41.381 41.381 6486.925303883425 6486.925303883425 6486.925303883425 810.8656629854281 810.8656629854281 810.8656629854281
131072 2048 82.53 82.53 82.53 6505.160693081304 6505.160693081304 6505.160693081304 813.145086635163 813.145086635163 813.145086635163
131072 4096 165.95 165.95 165.95 6470.27311840916 6470.27311840916 6470.27311840916 808.784139801145 808.784139801145 808.784139801145
131072 8192 379.62 379.62 379.62 5656.929687582319 5656.929687582319 5656.929687582319 707.1162109477899 707.1162109477899 707.1162109477899
131072 16384 673.957 673.957 673.957 6372.761609420186 6372.761609420186 6372.761609420186 796.5952011775232 796.5952011775232 796.5952011775232

262144 1 7.381 7.381 7.381 71.03210947026149 71.03210947026149 71.03210947026149 8.879013683782686 8.879013683782686 8.879013683782686
262144 2 3.645 3.645 3.645 287.6751714677641 287.6751714677641 287.6751714677641 35.95939643347051 35.95939643347051 35.95939643347051
262144 4 4.031 4.031 4.031 520.2560158769536 520.2560158769536 520.2560158769536 65.0320019846192 65.0320019846192 65.0320019846192
262144 8 4.522 4.522 4.522 927.5329500221142 927.5329500221142 927.5329500221142 115.94161875276427 115.94161875276427 115.94161875276427
262144 16 4.624 4.624 4.624 1814.1453287197237 1814.1453287197237 1814.1453287197237 226.76816608996546 226.76816608996546 226.76816608996546
262144 32 6.164 6.164 6.164 2721.8066190785207 2721.8066190785207 2721.8066190785207 340.2258273848151 340.2258273848151 340.2258273848151
262144 64 8.506 8.506 8.506 3944.7956736421356 3944.7956736421356 3944.7956736421356 493.09945920526695 493.09945920526695 493.09945920526695
262144 128 13.172 13.172 13.172 5094.812025508655 5094.812025508655 5094.812025508655 636.8515031885819 636.8515031885819 636.8515031885819
262144 256 26.423 26.423 26.423 5079.579457290997 5079.579457290997 5079.579457290997 634.9474321613746 634.9474321613746 634.9474321613746
262144 512 42.977 42.977 42.977 6246.025920841381 6246.025920841381 6246.025920841381 780.7532401051726 780.7532401051726 780.7532401051726
262144 1024 82.857 82.857 82.857 6479.487695668441 6479.487695668441 6479.487695668441 809.9359619585551 809.9359619585551 809.9359619585551
262144 2048 162.638 162.638 162.638 6602.03534229393 6602.03534229393 6602.03534229393 825.2544177867412 825.2544177867412 825.2544177867412
262144 4096 323.748 323.748 323.748 6633.1951023635675 6633.1951023635675 6633.1951023635675 829.1493877954459 829.1493877954459 829.1493877954459
262144 8192 655.724 655.724 655.724 6549.962020606231 6549.962020606231 6549.962020606231 818.7452525757789 818.7452525757789 818.7452525757789

524288 1 18.606 18.606 18.606 56.35687412662582 56.35687412662582 56.35687412662582 7.044609265828227 7.044609265828227 7.044609265828227
524288 2 5.724 5.724 5.724 366.37875611460515 366.37875611460515 366.37875611460515 45.797344514325644 45.797344514325644 45.797344514325644
524288 4 5.642 5.642 5.642 743.4073023750443 743.4073023750443 743.4073023750443 92.92591279688054 92.92591279688054 92.92591279688054
524288 8 22.231 22.231 22.231 377.33831136701 377.33831136701 377.33831136701 47.16728892087625 47.16728892087625 47.16728892087625
524288 16 7.117 7.117 7.117 2357.343824645216 2357.343824645216 2357.343824645216 294.667978080652 294.667978080652 294.667978080652
524288 32 9.763 9.763 9.763 3436.897674895012 3436.897674895012 3436.897674895012 429.6122093618765 429.6122093618765 429.6122093618765
524288 64 14.418 14.418 14.418 4654.519628242475 4654.519628242475 4654.519628242475 581.8149535303094 581.8149535303094 581.8149535303094
524288 128 28.611 28.611 28.611 4691.123274265143 4691.123274265143 4691.123274265143 586.3904092831428 586.3904092831428 586.3904092831428
524288 256 42.206 42.206 42.206 6360.125479789604 6360.125479789604 6360.125479789604 795.0156849737004 795.0156849737004 795.0156849737004
524288 512 80.039 80.039 80.039 6707.616436986969 6707.616436986969 6707.616436986969 838.4520546233712 838.4520546233712 838.4520546233712
524288 1024 154.967 154.967 154.967 6928.8417792175105 6928.8417792175105 6928.8417792175105 866.1052224021888 866.1052224021888 866.1052224021888
524288 2048 299.671 299.671 299.671 7166.137691001131 7166.137691001131 7166.137691001131 895.7672113751414 895.7672113751414 895.7672113751414
524288 4096 569.162 569.162 569.162 7546.124470713084 7546.124470713084 7546.124470713084 943.2655588391355 943.2655588391355 943.2655588391355

1048576 1 37.591 37.591 37.591 55.78867282062196 55.78867282062196 55.78867282062196 6.973584102577745 6.973584102577745 6.973584102577745
1048576 2 23.759 23.759 23.759 176.53537606801635 176.53537606801635 176.53537606801635 22.066922008502043 22.066922008502043 22.066922008502043
1048576 4 11.649 11.649 11.649 720.11400120182 720.11400120182 720.11400120182 90.0142501502275 90.0142501502275 90.0142501502275
1048576 8 13.436 13.436 13.436 1248.6763917832689 1248.6763917832689 1248.6763917832689 156.0845489729086 156.0845489729086 156.0845489729086
1048576 16 15.386 15.386 15.386 2180.841804237619 2180.841804237619 2180.841804237619 272.60522552970235 272.60522552970235 272.60522552970235
1048576 32 19.233 19.233 19.233 3489.2561742837834 3489.2561742837834 3489.2561742837834 436.1570217854729 436.1570217854729 436.1570217854729
1048576 64 30.05 30.05 30.05 4466.48013311148 4466.48013311148 4466.48013311148 558.310016638935 558.310016638935 558.310016638935
1048576 128 50.499 50.499 50.499 5315.658844729598 5315.658844729598 5315.658844729598 664.4573555911998 664.4573555911998 664.4573555911998
1048576 256 81.617 81.617 81.617 6577.929990075598 6577.929990075598 6577.929990075598 822.2412487594497 822.2412487594497 822.2412487594497
1048576 512 155.492 155.492 155.492 6905.447379929515 6905.447379929515 6905.447379929515 863.1809224911893 863.1809224911893 863.1809224911893
1048576 1024 307.852 307.852 307.852 6975.70146693866 6975.70146693866 6975.70146693866 871.9626833673325 871.9626833673325 871.9626833673325
1048576 2048 563.01 563.01 563.01 7628.580835153906 7628.580835153906 7628.580835153906 953.5726043942383 953.5726043942383 953.5726043942383

2097152 1 64.567 64.567 64.567 64.96049065312002 64.96049065312002 64.96049065312002 8.120061331640002 8.120061331640002 8.120061331640002
2097152 2 24.182 24.182 24.182 346.89471507733026 346.89471507733026 346.89471507733026 43.36183938466628 43.36183938466628 43.36183938466628
2097152 4 25.275 25.275 25.275 663.7869831849655 663.7869831849655 663.7869831849655 82.97337289812069 82.97337289812069 82.97337289812069
2097152 8 28.732 28.732 28.732 1167.8418488096897 1167.8418488096897 1167.8418488096897 145.98023110121122 145.98023110121122 145.98023110121122
2097152 16 40.307 40.307 40.307 1664.9431612375024 1664.9431612375024 1664.9431612375024 208.1178951546878 208.1178951546878 208.1178951546878
2097152 32 41.124 41.124 41.124 3263.732321758584 3263.732321758584 3263.732321758584 407.966540219823 407.966540219823 407.966540219823
2097152 64 59.349 59.349 59.349 4522.998803686667 4522.998803686667 4522.998803686667 565.3748504608334 565.3748504608334 565.3748504608334
2097152 128 94.018 94.018 94.018 5710.299219298432 5710.299219298432 5710.299219298432 713.787402412304 713.787402412304 713.787402412304
2097152 256 189.249 189.249 189.249 5673.698798936851 5673.698798936851 5673.698798936851 709.2123498671064 709.2123498671064 709.2123498671064
2097152 512 291.755 291.755 291.755 7360.571877088654 7360.571877088654 7360.571877088654 920.0714846360818 920.0714846360818 920.0714846360818
2097152 1024 548.971 548.971 548.971 7823.6688203930635 7823.6688203930635 7823.6688203930635 977.9586025491329 977.9586025491329 977.9586025491329

4194304 1 137.063 137.063 137.063 61.20257108045207 61.20257108045207 61.20257108045207 7.650321385056508 7.650321385056508 7.650321385056508
4194304 2 58.464 58.464 58.464 286.9666119321292 286.9666119321292 286.9666119321292 35.87082649151615 35.87082649151615 35.87082649151615
4194304 4 52.769 52.769 52.769 635.8739411396843 635.8739411396843 635.8739411396843 79.48424264246054 79.48424264246054 79.48424264246054
4194304 8 56.553 56.553 56.553 1186.6543596272525 1186.6543596272525 1186.6543596272525 148.33179495340656 148.33179495340656 148.33179495340656
4194304 16 74.296 74.296 74.296 1806.5269731883277 1806.5269731883277 1806.5269731883277 225.81587164854096 225.81587164854096 225.81587164854096
4194304 32 79.088 79.088 79.088 3394.1363544406236 3394.1363544406236 3394.1363544406236 424.26704430507795 424.26704430507795 424.26704430507795
4194304 64 122.173 122.173 122.173 4394.349913647042 4394.349913647042 4394.349913647042 549.2937392058802 549.2937392058802 549.2937392058802
4194304 128 176.273 176.273 176.273 6091.357292381705 6091.357292381705 6091.357292381705 761.4196615477131 761.4196615477131 761.4196615477131
4194304 256 298.66 298.66 298.66 7190.395928480547 7190.395928480547 7190.395928480547 898.7994910600684 898.7994910600684 898.7994910600684
4194304 512 567.707 567.707 567.707 7565.464748541061 7565.464748541061 7565.464748541061 945.6830935676327 945.6830935676327 945.6830935676327

8388608 1 274.611 274.611 274.611 61.094479099526254 61.094479099526254 61.094479099526254 7.636809887440782 7.636809887440782 7.636809887440782
8388608 2 224.656 224.656 224.656 149.35916245281675 149.35916245281675 149.35916245281675 18.669895306602093 18.669895306602093 18.669895306602093
8388608 4 163.648 163.648 163.648 410.0805631599531 410.0805631599531 410.0805631599531 51.26007039499414 51.26007039499414 51.26007039499414
8388608 8 185.672 185.672 185.672 722.8754362531777 722.8754362531777 722.8754362531777 90.35942953164721 90.35942953164721 90.35942953164721
8388608 16 205.799 205.799 205.799 1304.3574361391456 1304.3574361391456 1304.3574361391456 163.0446795173932 163.0446795173932 163.0446795173932
8388608 32 225.639 225.639 225.639 2379.335629035761 2379.335629035761 2379.335629035761 297.41695362947013 297.41695362947013 297.41695362947013
8388608 64 284.162 284.162 284.162 3778.625657195544 3778.625657195544 3778.625657195544 472.328207149443 472.328207149443 472.328207149443
8388608 128 434.257 434.257 434.257 4945.190631354244 4945.190631354244 4945.190631354244 618.1488289192805 618.1488289192805 618.1488289192805
8388608 256 673.936 673.936 673.936 6372.960186130434 6372.960186130434 6372.960186130434 796.6200232663042 796.6200232663042 796.6200232663042

16777216 1 571.669 571.669 571.669 58.69555984319598 58.69555984319598 58.69555984319598 7.3369449803994975 7.3369449803994975 7.3369449803994975
16777216 2 1031.919 1031.919 1031.919 65.03307333230612 65.03307333230612 65.03307333230612 8.129134166538265 8.129134166538265 8.129134166538265
16777216 4 819.205 819.205 819.205 163.83900000610348 163.83900000610348 163.83900000610348 20.479875000762934 20.479875000762934 20.479875000762934
16777216 8 752.132 752.132 752.132 356.89939531890684 356.89939531890684 356.89939531890684 44.612424414863355 44.612424414863355 44.612424414863355
16777216 16 653.064 653.064 653.064 822.0800901596169 822.0800901596169 822.0800901596169 102.76001126995212 102.76001126995212 102.76001126995212
16777216 32 633.72 633.72 633.72 1694.3473837025815 1694.3473837025815 1694.3473837025815 211.7934229628227 211.7934229628227 211.7934229628227
16777216 64 743.22 743.22 743.22 2889.43199590969 2889.43199590969 2889.43199590969 361.17899948871127 361.17899948871127 361.17899948871127
16777216 128 1003.64 1003.64 1003.64 4279.390315252481 4279.390315252481 4279.390315252481 534.9237894065601 534.9237894065601 534.9237894065601

33554432 1 1143.654 1143.654 1143.654 58.6793418289098 58.6793418289098 58.6793418289098 7.334917728613725 7.334917728613725 7.334917728613725
33554432 2 2093.88 2093.88 2093.88 64.10000955164574 64.10000955164574 64.10000955164574 8.012501193955718 8.012501193955718 8.012501193955718
33554432 4 2110.76 2110.76 2110.76 127.17478822793686 127.17478822793686 127.17478822793686 15.896848528492107 15.896848528492107 15.896848528492107
33554432 8 1824.622 1824.622 1824.622 294.2367854821437 294.2367854821437 294.2367854821437 36.779598185267965 36.779598185267965 36.779598185267965
33554432 16 1645.814 1645.814 1645.814 652.4077593215272 652.4077593215272 652.4077593215272 81.5509699151909 81.5509699151909 81.5509699151909
33554432 32 1670.545 1670.545 1670.545 1285.4988330155727 1285.4988330155727 1285.4988330155727 160.6873541269466 160.6873541269466 160.6873541269466
33554432 64 1937.016 1937.016 1937.016 2217.3112127106847 2217.3112127106847 2217.3112127106847 277.1639015888356 277.1639015888356 277.1639015888356

67108864 1 2820.687 2820.687 2820.687 47.58334689385955 47.58334689385955 47.58334689385955 5.947918361732444 5.947918361732444 5.947918361732444
67108864 2 4687.928 4687.928 4687.928 57.26100230208314 57.26100230208314 57.26100230208314 7.157625287760393 7.157625287760393 7.157625287760393
67108864 4 5092.528 5092.528 5092.528 105.42326168849733 105.42326168849733 105.42326168849733 13.177907711062167 13.177907711062167 13.177907711062167
67108864 8 4891.226 4891.226 4891.226 219.5240669721661 219.5240669721661 219.5240669721661 27.440508371520764 27.440508371520764 27.440508371520764
67108864 16 5830.043 5830.043 5830.043 368.3478231635685 368.3478231635685 368.3478231635685 46.04347789544606 46.04347789544606 46.04347789544606
67108864 32 5482.594 5482.594 5482.594 783.3823361715275 783.3823361715275 783.3823361715275 97.92279202144094 97.92279202144094 97.92279202144094

134217728 1 6276.431 6276.431 6276.431 42.768805392746295 42.768805392746295 42.768805392746295 5.346100674093287 5.346100674093287 5.346100674093287
134217728 2 10954.786 10954.786 10954.786 49.00788678117492 49.00788678117492 49.00788678117492 6.125985847646865 6.125985847646865 6.125985847646865
134217728 4 11233.653 11233.653 11233.653 95.58260558698049 95.58260558698049 95.58260558698049 11.947825698372561 11.947825698372561 11.947825698372561
134217728 8 11010.978 11010.978 11010.978 195.0311450990094 195.0311450990094 195.0311450990094 24.378893137376174 24.378893137376174 24.378893137376174
134217728 16 11660.091 11660.091 11660.091 368.34766521118917 368.34766521118917 368.34766521118917 46.043458151398646 46.043458151398646 46.043458151398646

268435456 1 10167.919 10167.919 10167.919 52.80047097149378 52.80047097149378 52.80047097149378 6.6000588714367225 6.6000588714367225 6.6000588714367225
268435456 2 22098.826 22098.826 22098.826 48.58818400579288 48.58818400579288 48.58818400579288 6.07352300072411 6.07352300072411 6.07352300072411
268435456 4 23142.6 23142.6 23142.6 92.79353434791251 92.79353434791251 92.79353434791251 11.599191793489064 11.599191793489064 11.599191793489064
268435456 8 21211.887 21211.887 21211.887 202.47926532891677 202.47926532891677 202.47926532891677 25.309908166114596 25.309908166114596 25.309908166114596

536870912 1 23666.309 23666.309 23666.309 45.370058508067316 45.370058508067316 45.370058508067316 5.6712573135084146 5.6712573135084146 5.6712573135084146
536870912 2 43886.829 43886.829 43886.829 48.932303767036814 48.932303767036814 48.932303767036814 6.116537970879602 6.116537970879602 6.116537970879602
536870912 4 43272.879 43272.879 43272.879 99.253097904579 99.253097904579 99.253097904579 12.406637238072374 12.406637238072374 12.406637238072374

1073741824 1 39598.821 39598.821 39598.821 54.23099965526751 54.23099965526751 54.23099965526751 6.778874956908439 6.778874956908439 6.778874956908439
1073741824 2 76228.657 76228.657 76228.657 56.34321087409424 56.34321087409424 56.34321087409424 7.04290135926178 7.04290135926178 7.04290135926178

2147483648 1 76879.962 76879.962 76879.962 55.865887342660244 55.865887342660244 55.865887342660244 6.9832359178325305 6.9832359178325305 6.9832359178325305

META_DATA
FLOPS          2
OPENMP_THREADS 4
ERT_VERSION  1.1.0
HOSTNAME  ('areeba-vm', [], ['127.0.1.1'])
UNAME  uname_result(system='Linux', node='areeba-vm', release='6.17.0-23-generic', version='#23~24.04.1-Ubuntu SMP PREEMPT_DYNAMIC Tue Apr 14 16:11:48 UTC 2', machine='x86_64')
TIMESTAMP_DATA  1778236617.3147044
CONFIG  {'ERT_RESULTS': ['roofline/mylaptop/Results'], 'ERT_DRIVER': ['driver1'], 'ERT_KERNEL': ['kernel1'], 'ERT_MPI': ['False'], 'ERT_MPI_CFLAGS': [], 'ERT_MPI_LDFLAGS': [], 'ERT_MPI_PROCS': ['1'], 'ERT_OPENMP': ['True'], 'ERT_OPENMP_CFLAGS': ['-fopenmp'], 'ERT_OPENMP_LDFLAGS': ['-fopenmp'], 'ERT_OPENMP_THREADS': ['1,2,4'], 'ERT_GPU': ['False'], 'ERT_GPU_CFLAGS': [], 'ERT_GPU_LDFLAGS': [], 'ERT_GPU_BLOCKS': ['1'], 'ERT_GPU_THREADS': ['1'], 'ERT_HIP': ['False'], 'ERT_OCL': ['False'], 'ERT_SYCL': ['False'], 'ERT_FLOPS': ['1,2,4,8'], 'ERT_ALIGN': ['32'], 'ERT_CC': ['g++'], 'ERT_CFLAGS': ['-O3', '-march=native', '-mavx2', '-mfma', '-ffast-math'], 'ERT_LD': ['g++'], 'ERT_LDFLAGS': [], 'ERT_LDLIBS': [], 'ERT_PRECISION': ['FP64'], 'ERT_PROCS_THREADS': ['6'], 'ERT_BLOCKS_THREADS': ['1'], 'ERT_WORKING_SET_MIN': ['1'], 'ERT_MEMORY_MAX': ['2147483648'], 'ERT_WSS_MULT': ['2.0'], 'ERT_TRIALS_MIN': ['1'], 'ERT_NUM_EXPERIMENTS': ['1'], 'ERT_RUN': ['OMP_NUM_THREADS=ERT_OPENMP_THREADS', './ERT_CODE'], 'ERT_GNUPLOT': ['False']}
