fp64
          32            1           2.516           64            8
          32            2           0.661          128           16
          32            4           0.569          256           32
          32            8           0.580          512           64
          32           16           0.568         1024          128
          32           32           0.576         2048          256
          32           64           0.567         4096          512
          32          128           0.568         8192         1024
          32          256           0.589        16384         2048
          32          512           0.613        32768         4096
          32         1024           0.678        65536         8192
          32         2048           0.800       131072        16384
          32         4096           1.055       262144        32768
          32         8192           1.553       524288        65536
          32        16384           2.548      1048576       131072
          32        32768           4.553      2097152       262144
          32        65536           8.569      4194304       524288
          32       131072          16.335      8388608      1048576
          32       262144          33.402     16777216      2097152
          32       524288          65.553     33554432      4194304
          32      1048576         131.373     67108864      8388608
          32      2097152         270.210    134217728     16777216
          32      4194304         866.564    268435456     33554432
          32      8388608        1335.871    536870912     67108864
          32     16777216        4281.499   1073741824    134217728
          32     33554432        7660.280   2147483648    268435456
          32     67108864       11689.730   4294967296    536870912
          64            1           1.146          128           16
          64            2           0.814          256           32
          64            4           0.734          512           64
          64            8           0.568         1024          128
          64           16           0.559         2048          256
          64           32           0.558         4096          512
          64           64           0.565         8192         1024
          64          128           0.565        16384         2048
          64          256           0.584        32768         4096
          64          512           0.608        65536         8192
          64         1024           0.672       131072        16384
          64         2048           0.801       262144        32768
          64         4096           1.048       524288        65536
          64         8192           1.552      1048576       131072
          64        16384           2.549      2097152       262144
          64        32768           4.314      4194304       524288
          64        65536           9.241      8388608      1048576
          64       131072          17.611     16777216      2097152
          64       262144          35.238     33554432      4194304
          64       524288         119.692     67108864      8388608
          64      1048576         151.771    134217728     16777216
          64      2097152         276.349    268435456     33554432
          64      4194304         733.379    536870912     67108864
          64      8388608        1070.169   1073741824    134217728
          64     16777216        3377.567   2147483648    268435456
          64     33554432        7412.818   4294967296    536870912
         128            1           1.365          256           32
         128            2           0.661          512           64
         128            4           0.650         1024          128
         128            8           0.629         2048          256
         128           16           0.635         4096          512
         128           32           0.640         8192         1024
         128           64           0.624        16384         2048
         128          128           0.642        32768         4096
         128          256           0.723        65536         8192
         128          512           0.744       131072        16384
         128         1024           0.950       262144        32768
         128         2048           1.166       524288        65536
         128         4096           1.707      1048576       131072
         128         8192           2.816      2097152       262144
         128        16384           5.043      4194304       524288
         128        32768           9.492      8388608      1048576
         128        65536          18.328     16777216      2097152
         128       131072          36.111     33554432      4194304
         128       262144          71.579     67108864      8388608
         128       524288         147.579    134217728     16777216
         128      1048576         285.692    268435456     33554432
         128      2097152         535.238    536870912     67108864
         128      4194304        1056.894   1073741824    134217728
         128      8388608        2155.620   2147483648    268435456
         128     16777216        4384.589   4294967296    536870912
         256            1           2.045          512           64
         256            2           0.818         1024          128
         256            4           0.632         2048          256
         256            8           0.644         4096          512
         256           16           0.641         8192         1024
         256           32           0.638        16384         2048
         256           64           0.648        32768         4096
         256          128           0.639        65536         8192
         256          256           0.674       131072        16384
         256          512           0.737       262144        32768
         256         1024           0.876       524288        65536
         256         2048           1.155      1048576       131072
         256         4096           1.714      2097152       262144
         256         8192           2.827      4194304       524288
         256        16384           5.051      8388608      1048576
         256        32768           9.476     16777216      2097152
         256        65536          18.350     33554432      4194304
         256       131072          46.066     67108864      8388608
         256       262144          71.653    134217728     16777216
         256       524288         142.584    268435456     33554432
         256      1048576         300.711    536870912     67108864
         256      2097152         566.153   1073741824    134217728
         256      4194304        1105.813   2147483648    268435456
         256      8388608        2127.445   4294967296    536870912
         512            1           1.157         1024          128
         512            2           0.709         2048          256
         512            4           0.645         4096          512
         512            8           0.645         8192         1024
         512           16           0.660        16384         2048
         512           32           0.630        32768         4096
         512           64           0.639        65536         8192
         512          128           0.654       131072        16384
         512          256           0.696       262144        32768
         512          512           0.792       524288        65536
         512         1024           0.957      1048576       131072
         512         2048           1.294      2097152       262144
         512         4096           1.987      4194304       524288
         512         8192           3.367      8388608      1048576
         512        16384           6.132     16777216      2097152
         512        32768          11.703     33554432      4194304
         512        65536          22.772     67108864      8388608
         512       131072          45.025    134217728     16777216
         512       262144          89.354    268435456     33554432
         512       524288         178.130    536870912     67108864
         512      1048576         355.860   1073741824    134217728
         512      2097152         664.450   2147483648    268435456
         512      4194304        1357.819   4294967296    536870912
        1024            1           1.850         2048          256
        1024            2           0.978         4096          512
        1024            4           0.651         8192         1024
        1024            8           0.628        16384         2048
        1024           16           0.631        32768         4096
        1024           32           0.626        65536         8192
        1024           64           0.609       131072        16384
        1024          128           0.640       262144        32768
        1024          256           0.694       524288        65536
        1024          512           0.807      1048576       131072
        1024         1024           1.036      2097152       262144
        1024         2048           1.494      4194304       524288
        1024         4096           2.418      8388608      1048576
        1024         8192           4.264     16777216      2097152
        1024        16384           7.711     33554432      4194304
        1024        32768          16.150     67108864      8388608
        1024        65536          30.788    134217728     16777216
        1024       131072          61.960    268435456     33554432
        1024       262144         135.967    536870912     67108864
        1024       524288         248.338   1073741824    134217728
        1024      1048576         467.593   2147483648    268435456
        1024      2097152         936.622   4294967296    536870912
        2048            1           2.172         4096          512
        2048            2           0.643         8192         1024
        2048            4           0.656        16384         2048
        2048            8           0.707        32768         4096
        2048           16           0.637        65536         8192
        2048           32           0.638       131072        16384
        2048           64           0.636       262144        32768
        2048          128           0.669       524288        65536
        2048          256           0.753      1048576       131072
        2048          512           0.937      2097152       262144
        2048         1024           1.310      4194304       524288
        2048         2048           2.022      8388608      1048576
        2048         4096           3.474     16777216      2097152
        2048         8192           6.369     33554432      4194304
        2048        16384          12.047     67108864      8388608
        2048        32768          24.164    134217728     16777216
        2048        65536          54.238    268435456     33554432
        2048       131072         166.734    536870912     67108864
        2048       262144         467.470   1073741824    134217728
        2048       524288         938.832   2147483648    268435456
        2048      1048576         948.095   4294967296    536870912
        4096            1           2.423         8192         1024
        4096            2           0.736        16384         2048
        4096            4           0.674        32768         4096
        4096            8           0.719        65536         8192
        4096           16           0.660       131072        16384
        4096           32           7.089       262144        32768
        4096           64           0.920       524288        65536
        4096          128           1.147      1048576       131072
        4096          256           1.543      2097152       262144
        4096          512           2.514      4194304       524288
        4096         1024           4.388      8388608      1048576
        4096         2048           8.162     16777216      2097152
        4096         4096          15.734     33554432      4194304
        4096         8192          33.058     67108864      8388608
        4096        16384          61.089    134217728     16777216
        4096        32768         121.568    268435456     33554432
        4096        65536         242.567    536870912     67108864
        4096       131072         502.463   1073741824    134217728
        4096       262144        1048.607   2147483648    268435456
        4096       524288        2054.842   4294967296    536870912
        8192            1           2.981        16384         2048
        8192            2           0.673        32768         4096
        8192            4           0.696        65536         8192
        8192            8           0.690       131072        16384
        8192           16           0.703       262144        32768
        8192           32           0.765       524288        65536
        8192           64           0.912      1048576       131072
        8192          128           1.197      2097152       262144
        8192          256           1.821      4194304       524288
        8192          512           2.992      8388608      1048576
        8192         1024           5.400     16777216      2097152
        8192         2048          10.150     33554432      4194304
        8192         4096          19.506     67108864      8388608
        8192         8192          39.701    134217728     16777216
        8192        16384          78.177    268435456     33554432
        8192        32768         169.625    536870912     67108864
        8192        65536         330.317   1073741824    134217728
        8192       131072         632.981   2147483648    268435456
        8192       262144        1377.152   4294967296    536870912
       16384            1           1.756        32768         4096
       16384            2           0.774        65536         8192
       16384            4           0.699       131072        16384
       16384            8           0.743       262144        32768
       16384           16           0.839       524288        65536
       16384           32           0.978      1048576       131072
       16384           64           1.285      2097152       262144
       16384          128           1.938      4194304       524288
       16384          256           3.219      8388608      1048576
       16384          512           5.878     16777216      2097152
       16384         1024          11.369     33554432      4194304
       16384         2048          21.572     67108864      8388608
       16384         4096          43.887    134217728     16777216
       16384         8192          90.522    268435456     33554432
       16384        16384         173.025    536870912     67108864
       16384        32768         359.189   1073741824    134217728
       16384        65536         683.856   2147483648    268435456
       16384       131072        1396.401   4294967296    536870912
       32768            1           2.084        65536         8192
       32768            2           0.961       131072        16384
       32768            4           1.011       262144        32768
       32768            8           0.923       524288        65536
       32768           16           1.034      1048576       131072
       32768           32           1.276      2097152       262144
       32768           64           1.743      4194304       524288
       32768          128           2.711      8388608      1048576
       32768          256           4.595     16777216      2097152
       32768          512           8.559     33554432      4194304
       32768         1024          16.217     67108864      8388608
       32768         2048          31.219    134217728     16777216
       32768         4096          61.649    268435456     33554432
       32768         8192         122.489    536870912     67108864
       32768        16384         246.030   1073741824    134217728
       32768        32768         495.726   2147483648    268435456
       32768        65536        1065.215   4294967296    536870912
       65536            1           3.331       131072        16384
       65536            2           1.023       262144        32768
       65536            4           1.188       524288        65536
       65536            8           1.253      1048576       131072
       65536           16           1.317      2097152       262144
       65536           32           1.652      4194304       524288
       65536           64           2.357      8388608      1048576
       65536          128           3.787     16777216      2097152
       65536          256           6.653     33554432      4194304
       65536          512          12.202     67108864      8388608
       65536         1024          24.920    134217728     16777216
       65536         2048          65.285    268435456     33554432
       65536         4096         101.837    536870912     67108864
       65536         8192         204.374   1073741824    134217728
       65536        16384         380.976   2147483648    268435456
       65536        32768         921.231   4294967296    536870912
      131072            1           4.911       262144        32768
      131072            2           1.578       524288        65536
      131072            4           1.547      1048576       131072
      131072            8           1.670      2097152       262144
      131072           16           1.968      4194304       524288
      131072           32           2.580      8388608      1048576
      131072           64           3.796     16777216      2097152
      131072          128           6.226     33554432      4194304
      131072          256          10.819     67108864      8388608
      131072          512          21.041    134217728     16777216
      131072         1024          41.381    268435456     33554432
      131072         2048          82.530    536870912     67108864
      131072         4096         165.950   1073741824    134217728
      131072         8192         379.620   2147483648    268435456
      131072        16384         673.957   4294967296    536870912
      262144            1           7.381       524288        65536
      262144            2           3.645      1048576       131072
      262144            4           4.031      2097152       262144
      262144            8           4.522      4194304       524288
      262144           16           4.624      8388608      1048576
      262144           32           6.164     16777216      2097152
      262144           64           8.506     33554432      4194304
      262144          128          13.172     67108864      8388608
      262144          256          26.423    134217728     16777216
      262144          512          42.977    268435456     33554432
      262144         1024          82.857    536870912     67108864
      262144         2048         162.638   1073741824    134217728
      262144         4096         323.748   2147483648    268435456
      262144         8192         655.724   4294967296    536870912
      524288            1          18.606      1048576       131072
      524288            2           5.724      2097152       262144
      524288            4           5.642      4194304       524288
      524288            8          22.231      8388608      1048576
      524288           16           7.117     16777216      2097152
      524288           32           9.763     33554432      4194304
      524288           64          14.418     67108864      8388608
      524288          128          28.611    134217728     16777216
      524288          256          42.206    268435456     33554432
      524288          512          80.039    536870912     67108864
      524288         1024         154.967   1073741824    134217728
      524288         2048         299.671   2147483648    268435456
      524288         4096         569.162   4294967296    536870912
     1048576            1          37.591      2097152       262144
     1048576            2          23.759      4194304       524288
     1048576            4          11.649      8388608      1048576
     1048576            8          13.436     16777216      2097152
     1048576           16          15.386     33554432      4194304
     1048576           32          19.233     67108864      8388608
     1048576           64          30.050    134217728     16777216
     1048576          128          50.499    268435456     33554432
     1048576          256          81.617    536870912     67108864
     1048576          512         155.492   1073741824    134217728
     1048576         1024         307.852   2147483648    268435456
     1048576         2048         563.010   4294967296    536870912
     2097152            1          64.567      4194304       524288
     2097152            2          24.182      8388608      1048576
     2097152            4          25.275     16777216      2097152
     2097152            8          28.732     33554432      4194304
     2097152           16          40.307     67108864      8388608
     2097152           32          41.124    134217728     16777216
     2097152           64          59.349    268435456     33554432
     2097152          128          94.018    536870912     67108864
     2097152          256         189.249   1073741824    134217728
     2097152          512         291.755   2147483648    268435456
     2097152         1024         548.971   4294967296    536870912
     4194304            1         137.063      8388608      1048576
     4194304            2          58.464     16777216      2097152
     4194304            4          52.769     33554432      4194304
     4194304            8          56.553     67108864      8388608
     4194304           16          74.296    134217728     16777216
     4194304           32          79.088    268435456     33554432
     4194304           64         122.173    536870912     67108864
     4194304          128         176.273   1073741824    134217728
     4194304          256         298.660   2147483648    268435456
     4194304          512         567.707   4294967296    536870912
     8388608            1         274.611     16777216      2097152
     8388608            2         224.656     33554432      4194304
     8388608            4         163.648     67108864      8388608
     8388608            8         185.672    134217728     16777216
     8388608           16         205.799    268435456     33554432
     8388608           32         225.639    536870912     67108864
     8388608           64         284.162   1073741824    134217728
     8388608          128         434.257   2147483648    268435456
     8388608          256         673.936   4294967296    536870912
    16777216            1         571.669     33554432      4194304
    16777216            2        1031.919     67108864      8388608
    16777216            4         819.205    134217728     16777216
    16777216            8         752.132    268435456     33554432
    16777216           16         653.064    536870912     67108864
    16777216           32         633.720   1073741824    134217728
    16777216           64         743.220   2147483648    268435456
    16777216          128        1003.640   4294967296    536870912
    33554432            1        1143.654     67108864      8388608
    33554432            2        2093.880    134217728     16777216
    33554432            4        2110.760    268435456     33554432
    33554432            8        1824.622    536870912     67108864
    33554432           16        1645.814   1073741824    134217728
    33554432           32        1670.545   2147483648    268435456
    33554432           64        1937.016   4294967296    536870912
    67108864            1        2820.687    134217728     16777216
    67108864            2        4687.928    268435456     33554432
    67108864            4        5092.528    536870912     67108864
    67108864            8        4891.226   1073741824    134217728
    67108864           16        5830.043   2147483648    268435456
    67108864           32        5482.594   4294967296    536870912
   134217728            1        6276.431    268435456     33554432
   134217728            2       10954.786    536870912     67108864
   134217728            4       11233.653   1073741824    134217728
   134217728            8       11010.978   2147483648    268435456
   134217728           16       11660.091   4294967296    536870912
   268435456            1       10167.919    536870912     67108864
   268435456            2       22098.826   1073741824    134217728
   268435456            4       23142.600   2147483648    268435456
   268435456            8       21211.887   4294967296    536870912
   536870912            1       23666.309   1073741824    134217728
   536870912            2       43886.829   2147483648    268435456
   536870912            4       43272.879   4294967296    536870912
  1073741824            1       39598.821   2147483648    268435456
  1073741824            2       76228.657   4294967296    536870912
  2147483648            1       76879.962   4294967296    536870912

META_DATA
FLOPS          2
OPENMP_THREADS 4
ERT_VERSION  1.1.0
HOSTNAME  ('areeba-vm', [], ['127.0.1.1'])
UNAME  uname_result(system='Linux', node='areeba-vm', release='6.17.0-23-generic', version='#23~24.04.1-Ubuntu SMP PREEMPT_DYNAMIC Tue Apr 14 16:11:48 UTC 2', machine='x86_64')
TIMESTAMP_DATA  1778236617.3147044
CONFIG  {'ERT_RESULTS': ['roofline/mylaptop/Results'], 'ERT_DRIVER': ['driver1'], 'ERT_KERNEL': ['kernel1'], 'ERT_MPI': ['False'], 'ERT_MPI_CFLAGS': [], 'ERT_MPI_LDFLAGS': [], 'ERT_MPI_PROCS': ['1'], 'ERT_OPENMP': ['True'], 'ERT_OPENMP_CFLAGS': ['-fopenmp'], 'ERT_OPENMP_LDFLAGS': ['-fopenmp'], 'ERT_OPENMP_THREADS': ['1,2,4'], 'ERT_GPU': ['False'], 'ERT_GPU_CFLAGS': [], 'ERT_GPU_LDFLAGS': [], 'ERT_GPU_BLOCKS': ['1'], 'ERT_GPU_THREADS': ['1'], 'ERT_HIP': ['False'], 'ERT_OCL': ['False'], 'ERT_SYCL': ['False'], 'ERT_FLOPS': ['1,2,4,8'], 'ERT_ALIGN': ['32'], 'ERT_CC': ['g++'], 'ERT_CFLAGS': ['-O3', '-march=native', '-mavx2', '-mfma', '-ffast-math'], 'ERT_LD': ['g++'], 'ERT_LDFLAGS': [], 'ERT_LDLIBS': [], 'ERT_PRECISION': ['FP64'], 'ERT_PROCS_THREADS': ['6'], 'ERT_BLOCKS_THREADS': ['1'], 'ERT_WORKING_SET_MIN': ['1'], 'ERT_MEMORY_MAX': ['2147483648'], 'ERT_WSS_MULT': ['2.0'], 'ERT_TRIALS_MIN': ['1'], 'ERT_NUM_EXPERIMENTS': ['1'], 'ERT_RUN': ['OMP_NUM_THREADS=ERT_OPENMP_THREADS', './ERT_CODE'], 'ERT_GNUPLOT': ['False']}
