fp64
 8 268435456 1102085.921 1102085.921 1102085.921 3.897125636178053 3.897125636178053 3.897125636178053 1.9485628180890264 1.9485628180890264 1.9485628180890264
 16 134217728 559479.948 559479.948 559479.948 7.676713546845472 7.676713546845472 7.676713546845472 3.838356773422736 3.838356773422736 3.838356773422736
 32 67108864 289774.379 289774.379 289774.379 14.821763438236891 14.821763438236891 14.821763438236891 7.4108817191184455 7.4108817191184455 7.4108817191184455
 64 33554432 158611.339 158611.339 158611.339 27.078564011113983 27.078564011113983 27.078564011113983 13.539282005556991 13.539282005556991 13.539282005556991
 128 16777216 88475.81 88475.81 88475.81 48.54397259544728 48.54397259544728 48.54397259544728 24.27198629772364 24.27198629772364 24.27198629772364
 256 8388608 41775.776 41775.776 41775.776 102.8099943852629 102.8099943852629 102.8099943852629 51.40499719263145 51.40499719263145 51.40499719263145
 512 4194304 29983.298 29983.298 29983.298 143.24532598115127 143.24532598115127 143.24532598115127 71.62266299057563 71.62266299057563 71.62266299057563
 1024 2097152 29433.618 29433.618 29433.618 145.92046740567199 145.92046740567199 145.92046740567199 72.96023370283599 72.96023370283599 72.96023370283599
 2048 1048576 32310.194 32310.194 32310.194 132.92917077501917 132.92917077501917 132.92917077501917 66.46458538750959 66.46458538750959 66.46458538750959
 4096 524288 29827.304 29827.304 29827.304 143.99448558944516 143.99448558944516 143.99448558944516 71.99724279472258 71.99724279472258 71.99724279472258
 8192 262144 27835.086 27835.086 27835.086 154.30048594065778 154.30048594065778 154.30048594065778 77.15024297032889 77.15024297032889 77.15024297032889
 16384 131072 27769.445 27769.445 27769.445 154.66521912843416 154.66521912843416 154.66521912843416 77.33260956421708 77.33260956421708 77.33260956421708
 32768 65536 29436.794 29436.794 29436.794 145.9047237277266 145.9047237277266 145.9047237277266 72.9523618638633 72.9523618638633 72.9523618638633
 65536 32768 28907.698 28907.698 28907.698 148.5752098281918 148.5752098281918 148.5752098281918 74.2876049140959 74.2876049140959 74.2876049140959
 131072 16384 26862.975 26862.975 26862.975 159.88427551304355 159.88427551304355 159.88427551304355 79.94213775652177 79.94213775652177 79.94213775652177
 262144 8192 28589.886 28589.886 28589.886 150.2268073401902 150.2268073401902 150.2268073401902 75.1134036700951 75.1134036700951 75.1134036700951
 524288 4096 29898.5 29898.5 29898.5 143.6515977724635 143.6515977724635 143.6515977724635 71.82579888623175 71.82579888623175 71.82579888623175
 1048576 2048 32403.73 32403.73 32403.73 132.54545992081776 132.54545992081776 132.54545992081776 66.27272996040888 66.27272996040888 66.27272996040888
 2097152 1024 33762.802 33762.802 33762.802 127.21003712902738 127.21003712902738 127.21003712902738 63.60501856451369 63.60501856451369 63.60501856451369
 4194304 512 42727.249 42727.249 42727.249 100.52056700397445 100.52056700397445 100.52056700397445 50.260283501987224 50.260283501987224 50.260283501987224
 8388608 256 34858.977 34858.977 34858.977 123.20979172739351 123.20979172739351 123.20979172739351 61.604895863696754 61.604895863696754 61.604895863696754
 16777216 128 52629.431 52629.431 52629.431 81.60770911621675 81.60770911621675 81.60770911621675 40.80385455810838 40.80385455810838 40.80385455810838
 33554432 64 99037.594 99037.594 99037.594 43.36703995454494 43.36703995454494 43.36703995454494 21.68351997727247 21.68351997727247 21.68351997727247
 67108864 32 109094.0 109094.0 109094.0 39.369418079821074 39.369418079821074 39.369418079821074 19.684709039910537 19.684709039910537 19.684709039910537
 134217728 16 108342.633 108342.633 108342.633 39.642448933283724 39.642448933283724 39.642448933283724 19.821224466641862 19.821224466641862 19.821224466641862
 268435456 8 105575.138 105575.138 105575.138 40.68161668895947 40.68161668895947 40.68161668895947 20.340808344479736 20.340808344479736 20.340808344479736
 536870912 4 119271.546 119271.546 119271.546 36.00999098309667 36.00999098309667 36.00999098309667 18.004995491548335 18.004995491548335 18.004995491548335
 1073741824 2 160837.707 160837.707 160837.707 26.70373369597964 26.70373369597964 26.70373369597964 13.35186684798982 13.35186684798982 13.35186684798982
 2147483648 1 146088.752 146088.752 146088.752 29.399712415915495 29.399712415915495 29.399712415915495 14.699856207957748 14.699856207957748 14.699856207957748
 
META_DATA
 FLOPS          8
 OPENMP_THREADS 1
 ERT_VERSION  1.1.0
 HOSTNAME  ('areeba-vm', [], ['127.0.1.1'])
 UNAME  uname_result(system='Linux', node='areeba-vm', release='6.17.0-23-generic', version='#23~24.04.1-Ubuntu SMP PREEMPT_DYNAMIC Tue Apr 14 16:11:48 UTC 2', machine='x86_64')
 TIMESTAMP_DATA  1778236640.8424628
 CONFIG  {'ERT_RESULTS': ['roofline/mylaptop/Results'], 'ERT_DRIVER': ['driver1'], 'ERT_KERNEL': ['kernel1'], 'ERT_MPI': ['False'], 'ERT_MPI_CFLAGS': [], 'ERT_MPI_LDFLAGS': [], 'ERT_MPI_PROCS': ['1'], 'ERT_OPENMP': ['True'], 'ERT_OPENMP_CFLAGS': ['-fopenmp'], 'ERT_OPENMP_LDFLAGS': ['-fopenmp'], 'ERT_OPENMP_THREADS': ['1,2,4'], 'ERT_GPU': ['False'], 'ERT_GPU_CFLAGS': [], 'ERT_GPU_LDFLAGS': [], 'ERT_GPU_BLOCKS': ['1'], 'ERT_GPU_THREADS': ['1'], 'ERT_HIP': ['False'], 'ERT_OCL': ['False'], 'ERT_SYCL': ['False'], 'ERT_FLOPS': ['1,2,4,8'], 'ERT_ALIGN': ['32'], 'ERT_CC': ['g++'], 'ERT_CFLAGS': ['-O3', '-march=native', '-mavx2', '-mfma', '-ffast-math'], 'ERT_LD': ['g++'], 'ERT_LDFLAGS': [], 'ERT_LDLIBS': [], 'ERT_PRECISION': ['FP64'], 'ERT_PROCS_THREADS': ['6'], 'ERT_BLOCKS_THREADS': ['1'], 'ERT_WORKING_SET_MIN': ['1'], 'ERT_MEMORY_MAX': ['2147483648'], 'ERT_WSS_MULT': ['2.0'], 'ERT_TRIALS_MIN': ['1'], 'ERT_NUM_EXPERIMENTS': ['1'], 'ERT_RUN': ['OMP_NUM_THREADS=ERT_OPENMP_THREADS', './ERT_CODE'], 'ERT_GNUPLOT': ['False']}
 