fp64

8 1 1.666 1.666 1.666 0.009603841536614647 0.009603841536614647 0.009603841536614647 0.0048019207683073235 0.0048019207683073235 0.0048019207683073235
8 2 0.719 0.719 0.719 0.044506258692628656 0.044506258692628656 0.044506258692628656 0.022253129346314328 0.022253129346314328 0.022253129346314328
8 4 0.603 0.603 0.603 0.10613598673300166 0.10613598673300166 0.10613598673300166 0.05306799336650083 0.05306799336650083 0.05306799336650083
8 8 0.593 0.593 0.593 0.21585160202360879 0.21585160202360879 0.21585160202360879 0.10792580101180439 0.10792580101180439 0.10792580101180439
8 16 0.631 0.631 0.631 0.40570522979397783 0.40570522979397783 0.40570522979397783 0.20285261489698891 0.20285261489698891 0.20285261489698891
8 32 0.706 0.706 0.706 0.7252124645892352 0.7252124645892352 0.7252124645892352 0.3626062322946176 0.3626062322946176 0.3626062322946176
8 64 0.867 0.867 0.867 1.1810841983852365 1.1810841983852365 1.1810841983852365 0.5905420991926182 0.5905420991926182 0.5905420991926182
8 128 1.17 1.17 1.17 1.7504273504273504 1.7504273504273504 1.7504273504273504 0.8752136752136752 0.8752136752136752 0.8752136752136752
8 256 1.792 1.792 1.792 2.285714285714286 2.285714285714286 2.285714285714286 1.142857142857143 1.142857142857143 1.142857142857143
8 512 3.039 3.039 3.039 2.6956235603817045 2.6956235603817045 2.6956235603817045 1.3478117801908522 1.3478117801908522 1.3478117801908522
8 1024 5.535 5.535 5.535 2.9600722673893407 2.9600722673893407 2.9600722673893407 1.4800361336946704 1.4800361336946704 1.4800361336946704
8 2048 10.547 10.547 10.547 3.1068550298663125 3.1068550298663125 3.1068550298663125 1.5534275149331562 1.5534275149331562 1.5534275149331562
8 4096 20.512 20.512 20.512 3.1950078003120126 3.1950078003120126 3.1950078003120126 1.5975039001560063 1.5975039001560063 1.5975039001560063
8 8192 40.516 40.516 40.516 3.23506762760391 3.23506762760391 3.23506762760391 1.617533813801955 1.617533813801955 1.617533813801955
8 16384 80.791 80.791 80.791 3.244717852236017 3.244717852236017 3.244717852236017 1.6223589261180085 1.6223589261180085 1.6223589261180085
8 32768 165.247 165.247 165.247 3.1727535144359655 3.1727535144359655 3.1727535144359655 1.5863767572179828 1.5863767572179828 1.5863767572179828
8 65536 316.359 316.359 316.359 3.3145129425747335 3.3145129425747335 3.3145129425747335 1.6572564712873668 1.6572564712873668 1.6572564712873668
8 131072 654.37 654.37 654.37 3.2048412977367544 3.2048412977367544 3.2048412977367544 1.6024206488683772 1.6024206488683772 1.6024206488683772
8 262144 1271.797 1271.797 1271.797 3.297935126439204 3.297935126439204 3.297935126439204 1.648967563219602 1.648967563219602 1.648967563219602
8 524288 2512.021 2512.021 2512.021 3.3393860958964914 3.3393860958964914 3.3393860958964914 1.6696930479482457 1.6696930479482457 1.6696930479482457
8 1048576 5047.71 5047.71 5047.71 3.3237281856525036 3.3237281856525036 3.3237281856525036 1.6618640928262518 1.6618640928262518 1.6618640928262518
8 2097152 13456.034 13456.034 13456.034 2.4936346028852188 2.4936346028852188 2.4936346028852188 1.2468173014426094 1.2468173014426094 1.2468173014426094
8 4194304 24176.82 24176.82 24176.82 2.775752311511605 2.775752311511605 2.775752311511605 1.3878761557558026 1.3878761557558026 1.3878761557558026
8 8388608 40335.787 40335.787 40335.787 3.3275098363644178 3.3275098363644178 3.3275098363644178 1.6637549181822089 1.6637549181822089 1.6637549181822089
8 16777216 79719.978 79719.978 79719.978 3.367229428989557 3.367229428989557 3.367229428989557 1.6836147144947784 1.6836147144947784 1.6836147144947784
8 33554432 153259.529 153259.529 153259.529 3.50301815164785 3.50301815164785 3.50301815164785 1.751509075823925 1.751509075823925 1.751509075823925
8 67108864 277834.344 277834.344 277834.344 3.864683568421621 3.864683568421621 3.864683568421621 1.9323417842108106 1.9323417842108106 1.9323417842108106
8 134217728 537791.402 537791.402 537791.402 3.9931535536151994 3.9931535536151994 3.9931535536151994 1.9965767768075997 1.9965767768075997 1.9965767768075997
8 268435456 1102085.921 1102085.921 1102085.921 3.897125636178053 3.897125636178053 3.897125636178053 1.9485628180890264 1.9485628180890264 1.9485628180890264

16 1 1.403 1.403 1.403 0.022808267997148968 0.022808267997148968 0.022808267997148968 0.011404133998574484 0.011404133998574484 0.011404133998574484
16 2 0.603 0.603 0.603 0.10613598673300166 0.10613598673300166 0.10613598673300166 0.05306799336650083 0.05306799336650083 0.05306799336650083
16 4 0.498 0.498 0.498 0.2570281124497992 0.2570281124497992 0.2570281124497992 0.1285140562248996 0.1285140562248996 0.1285140562248996
16 8 0.484 0.484 0.484 0.5289256198347109 0.5289256198347109 0.5289256198347109 0.26446280991735543 0.26446280991735543 0.26446280991735543
16 16 0.512 0.512 0.512 1.0 1.0 1.0 0.5 0.5 0.5
16 32 0.573 0.573 0.573 1.7870855148342062 1.7870855148342062 1.7870855148342062 0.8935427574171031 0.8935427574171031 0.8935427574171031
16 64 0.7 0.7 0.7 2.925714285714286 2.925714285714286 2.925714285714286 1.462857142857143 1.462857142857143 1.462857142857143
16 128 0.959 0.959 0.959 4.2711157455683 4.2711157455683 4.2711157455683 2.13555787278415 2.13555787278415 2.13555787278415
16 256 1.472 1.472 1.472 5.565217391304348 5.565217391304348 5.565217391304348 2.782608695652174 2.782608695652174 2.782608695652174
16 512 2.493 2.493 2.493 6.572001604492581 6.572001604492581 6.572001604492581 3.2860008022462903 3.2860008022462903 3.2860008022462903
16 1024 4.544 4.544 4.544 7.211267605633805 7.211267605633805 7.211267605633805 3.6056338028169024 3.6056338028169024 3.6056338028169024
16 2048 8.663 8.663 8.663 7.565046750548309 7.565046750548309 7.565046750548309 3.7825233752741547 3.7825233752741547 3.7825233752741547
16 4096 16.861 16.861 16.861 7.773678903979598 7.773678903979598 7.773678903979598 3.886839451989799 3.886839451989799 3.886839451989799
16 8192 38.959 38.959 38.959 6.728714802741343 6.728714802741343 6.728714802741343 3.3643574013706714 3.3643574013706714 3.3643574013706714
16 16384 66.155 66.155 66.155 7.925145491648402 7.925145491648402 7.925145491648402 3.962572745824201 3.962572745824201 3.962572745824201
16 32768 131.821 131.821 131.821 7.954544420084812 7.954544420084812 7.954544420084812 3.977272210042406 3.977272210042406 3.977272210042406
16 65536 266.571 266.571 266.571 7.867142337313512 7.867142337313512 7.867142337313512 3.933571168656756 3.933571168656756 3.933571168656756
16 131072 503.619 503.619 503.619 8.328327565083923 8.328327565083923 8.328327565083923 4.164163782541961 4.164163782541961 4.164163782541961
16 262144 1026.93 1026.93 1026.93 8.168626878170858 8.168626878170858 8.168626878170858 4.084313439085429 4.084313439085429 4.084313439085429
16 524288 2037.639 2037.639 2037.639 8.23365473471994 8.23365473471994 8.23365473471994 4.11682736735997 4.11682736735997 4.11682736735997
16 1048576 4062.77 4062.77 4062.77 8.259003586223193 8.259003586223193 8.259003586223193 4.129501793111596 4.129501793111596 4.129501793111596
16 2097152 8120.214 8120.214 8120.214 8.26442061748619 8.26442061748619 8.26442061748619 4.132210308743095 4.132210308743095 4.132210308743095
16 4194304 16721.502 16721.502 16721.502 8.026655021779742 8.026655021779742 8.026655021779742 4.013327510889871 4.013327510889871 4.013327510889871
16 8388608 32547.447 32547.447 32547.447 8.247511886262538 8.247511886262538 8.247511886262538 4.123755943131269 4.123755943131269 4.123755943131269
16 16777216 66480.122 66480.122 66480.122 8.075660751645431 8.075660751645431 8.075660751645431 4.037830375822716 4.037830375822716 4.037830375822716
16 33554432 134709.933 134709.933 134709.933 7.9707694903240744 7.9707694903240744 7.9707694903240744 3.9853847451620372 3.9853847451620372 3.9853847451620372
16 67108864 272856.271 272856.271 272856.271 7.8703840675151655 7.8703840675151655 7.8703840675151655 3.9351920337575828 3.9351920337575828 3.9351920337575828
16 134217728 559479.948 559479.948 559479.948 7.676713546845472 7.676713546845472 7.676713546845472 3.838356773422736 3.838356773422736 3.838356773422736

32 1 1.291 1.291 1.291 0.049573973663826494 0.049573973663826494 0.049573973663826494 0.024786986831913247 0.024786986831913247 0.024786986831913247
32 2 0.515 0.515 0.515 0.24854368932038834 0.24854368932038834 0.24854368932038834 0.12427184466019417 0.12427184466019417 0.12427184466019417
32 4 0.544 0.544 0.544 0.4705882352941177 0.4705882352941177 0.4705882352941177 0.23529411764705885 0.23529411764705885 0.23529411764705885
32 8 0.519 0.519 0.519 0.9865125240847784 0.9865125240847784 0.9865125240847784 0.4932562620423892 0.4932562620423892 0.4932562620423892
32 16 0.627 0.627 0.627 1.6331738437001597 1.6331738437001597 1.6331738437001597 0.8165869218500799 0.8165869218500799 0.8165869218500799
32 32 0.613 0.613 0.613 3.34094616639478 3.34094616639478 3.34094616639478 1.67047308319739 1.67047308319739 1.67047308319739
32 64 0.748 0.748 0.748 5.475935828877006 5.475935828877006 5.475935828877006 2.737967914438503 2.737967914438503 2.737967914438503
32 128 1.027 1.027 1.027 7.976630963972737 7.976630963972737 7.976630963972737 3.9883154819863686 3.9883154819863686 3.9883154819863686
32 256 1.577 1.577 1.577 10.389346861128727 10.389346861128727 10.389346861128727 5.194673430564364 5.194673430564364 5.194673430564364
32 512 2.676 2.676 2.676 12.245142002989535 12.245142002989535 12.245142002989535 6.122571001494768 6.122571001494768 6.122571001494768
32 1024 4.873 4.873 4.873 13.448799507490252 13.448799507490252 13.448799507490252 6.724399753745126 6.724399753745126 6.724399753745126
32 2048 9.304 9.304 9.304 14.087704213241615 14.087704213241615 14.087704213241615 7.0438521066208075 7.0438521066208075 7.0438521066208075
32 4096 18.144 18.144 18.144 14.447971781305117 14.447971781305117 14.447971781305117 7.223985890652559 7.223985890652559 7.223985890652559
32 8192 35.808 35.808 35.808 14.64164432529044 14.64164432529044 14.64164432529044 7.32082216264522 7.32082216264522 7.32082216264522
32 16384 71.39 71.39 71.39 14.687995517579493 14.687995517579493 14.687995517579493 7.3439977587897465 7.3439977587897465 7.3439977587897465
32 32768 141.959 141.959 141.959 14.772941483104276 14.772941483104276 14.772941483104276 7.386470741552138 7.386470741552138 7.386470741552138
32 65536 289.494 289.494 289.494 14.48839699613809 14.48839699613809 14.48839699613809 7.244198498069045 7.244198498069045 7.244198498069045
32 131072 529.028 529.028 529.028 15.856642748587975 15.856642748587975 15.856642748587975 7.928321374293987 7.928321374293987 7.928321374293987
32 262144 1088.442 1088.442 1088.442 15.413973367437126 15.413973367437126 15.413973367437126 7.706986683718563 7.706986683718563 7.706986683718563
32 524288 2218.914 2218.914 2218.914 15.122006531122882 15.122006531122882 15.122006531122882 7.561003265561441 7.561003265561441 7.561003265561441
32 1048576 4364.695 4364.695 4364.695 15.375384534314541 15.375384534314541 15.375384534314541 7.687692267157271 7.687692267157271 7.687692267157271
32 2097152 9146.32 9146.32 9146.32 14.67450603084082 14.67450603084082 14.67450603084082 7.33725301542041 7.33725301542041 7.33725301542041
32 4194304 17609.529 17609.529 17609.529 15.24376126130347 15.24376126130347 15.24376126130347 7.621880630651735 7.621880630651735 7.621880630651735
32 8388608 35640.782 35640.782 35640.782 15.063387554178808 15.063387554178808 15.063387554178808 7.531693777089404 7.531693777089404 7.531693777089404
32 16777216 72484.665 72484.665 72484.665 14.813365337344116 14.813365337344116 14.813365337344116 7.406682668672058 7.406682668672058 7.406682668672058
32 33554432 146991.59 146991.59 146991.59 14.609568125632222 14.609568125632222 14.609568125632222 7.304784062816111 7.304784062816111 7.304784062816111
32 67108864 289774.379 289774.379 289774.379 14.821763438236891 14.821763438236891 14.821763438236891 7.4108817191184455 7.4108817191184455 7.4108817191184455

64 1 1.452 1.452 1.452 0.0881542699724518 0.0881542699724518 0.0881542699724518 0.0440771349862259 0.0440771349862259 0.0440771349862259
64 2 0.549 0.549 0.549 0.4663023679417122 0.4663023679417122 0.4663023679417122 0.2331511839708561 0.2331511839708561 0.2331511839708561
64 4 0.547 0.547 0.547 0.9360146252285192 0.9360146252285192 0.9360146252285192 0.4680073126142596 0.4680073126142596 0.4680073126142596
64 8 0.504 0.504 0.504 2.031746031746032 2.031746031746032 2.031746031746032 1.015873015873016 1.015873015873016 1.015873015873016
64 16 0.513 0.513 0.513 3.9922027290448345 3.9922027290448345 3.9922027290448345 1.9961013645224173 1.9961013645224173 1.9961013645224173
64 32 0.591 0.591 0.591 6.930626057529612 6.930626057529612 6.930626057529612 3.465313028764806 3.465313028764806 3.465313028764806
64 64 0.71 0.71 0.71 11.538028169014085 11.538028169014085 11.538028169014085 5.769014084507043 5.769014084507043 5.769014084507043
64 128 0.981 0.981 0.981 16.7013251783894 16.7013251783894 16.7013251783894 8.3506625891947 8.3506625891947 8.3506625891947
64 256 1.517 1.517 1.517 21.600527356624923 21.600527356624923 21.600527356624923 10.800263678312461 10.800263678312461 10.800263678312461
64 512 2.583 2.583 2.583 25.372048006194348 25.372048006194348 25.372048006194348 12.686024003097174 12.686024003097174 12.686024003097174
64 1024 4.729 4.729 4.729 27.7166419961937 27.7166419961937 27.7166419961937 13.85832099809685 13.85832099809685 13.85832099809685
64 2048 8.979 8.979 8.979 29.195233322196238 29.195233322196238 29.195233322196238 14.597616661098119 14.597616661098119 14.597616661098119
64 4096 17.585 17.585 17.585 29.814500995166334 29.814500995166334 29.814500995166334 14.907250497583167 14.907250497583167 14.907250497583167
64 8192 34.667 34.667 34.667 30.247093777944446 30.247093777944446 30.247093777944446 15.123546888972223 15.123546888972223 15.123546888972223
64 16384 68.903 68.903 68.903 30.436294500965126 30.436294500965126 30.436294500965126 15.218147250482563 15.218147250482563 15.218147250482563
64 32768 143.875 143.875 143.875 29.152417028670726 29.152417028670726 29.152417028670726 14.576208514335363 14.576208514335363 14.576208514335363
64 65536 278.861 278.861 278.861 30.08168227181284 30.08168227181284 30.08168227181284 15.04084113590642 15.04084113590642 15.04084113590642
64 131072 528.917 528.917 528.917 31.719940935912437 31.719940935912437 31.719940935912437 15.859970467956218 15.859970467956218 15.859970467956218
64 262144 1089.264 1089.264 1089.264 30.804682794988178 30.804682794988178 30.804682794988178 15.402341397494089 15.402341397494089 15.402341397494089
64 524288 3423.33 3423.33 3423.33 19.603387345070445 19.603387345070445 19.603387345070445 9.801693672535222 9.801693672535222 9.801693672535222
64 1048576 5146.094 5146.094 5146.094 26.081476164251956 26.081476164251956 26.081476164251956 13.040738082125978 13.040738082125978 13.040738082125978
64 2097152 8664.283 8664.283 8664.283 30.98184304460046 30.98184304460046 30.98184304460046 15.49092152230023 15.49092152230023 15.49092152230023
64 4194304 17648.366 17648.366 17648.366 30.420431670558056 30.420431670558056 30.420431670558056 15.210215835279028 15.210215835279028 15.210215835279028
64 8388608 38622.787 38622.787 38622.787 27.80073390353731 27.80073390353731 27.80073390353731 13.900366951768655 13.900366951768655 13.900366951768655
64 16777216 73663.157 73663.157 73663.157 29.152750648468675 29.152750648468675 29.152750648468675 14.576375324234338 14.576375324234338 14.576375324234338
64 33554432 158611.339 158611.339 158611.339 27.078564011113983 27.078564011113983 27.078564011113983 13.539282005556991 13.539282005556991 13.539282005556991

128 1 1.292 1.292 1.292 0.19814241486068113 0.19814241486068113 0.19814241486068113 0.09907120743034056 0.09907120743034056 0.09907120743034056
128 2 0.48 0.48 0.48 1.0666666666666669 1.0666666666666669 1.0666666666666669 0.5333333333333334 0.5333333333333334 0.5333333333333334
128 4 0.556 0.556 0.556 1.8417266187050358 1.8417266187050358 1.8417266187050358 0.9208633093525179 0.9208633093525179 0.9208633093525179
128 8 0.505 0.505 0.505 4.0554455445544555 4.0554455445544555 4.0554455445544555 2.0277227722772277 2.0277227722772277 2.0277227722772277
128 16 0.52 0.52 0.52 7.876923076923077 7.876923076923077 7.876923076923077 3.9384615384615387 3.9384615384615387 3.9384615384615387
128 32 0.589 0.589 0.589 13.908319185059424 13.908319185059424 13.908319185059424 6.954159592529712 6.954159592529712 6.954159592529712
128 64 0.725 0.725 0.725 22.598620689655174 22.598620689655174 22.598620689655174 11.299310344827587 11.299310344827587 11.299310344827587
128 128 0.998 0.998 0.998 32.83366733466934 32.83366733466934 32.83366733466934 16.41683366733467 16.41683366733467 16.41683366733467
128 256 1.549 1.549 1.549 42.30858618463525 42.30858618463525 42.30858618463525 21.154293092317626 21.154293092317626 21.154293092317626
128 512 2.638 2.638 2.638 49.686125852918885 49.686125852918885 49.686125852918885 24.843062926459442 24.843062926459442 24.843062926459442
128 1024 4.832 4.832 4.832 54.25165562913908 54.25165562913908 54.25165562913908 27.12582781456954 27.12582781456954 27.12582781456954
128 2048 9.222 9.222 9.222 56.851875948818055 56.851875948818055 56.851875948818055 28.425937974409027 28.425937974409027 28.425937974409027
128 4096 17.942 17.942 17.942 58.442537063872486 58.442537063872486 58.442537063872486 29.221268531936243 29.221268531936243 29.221268531936243
128 8192 35.461 35.461 35.461 59.13967457206509 59.13967457206509 59.13967457206509 29.569837286032545 29.569837286032545 29.569837286032545
128 16384 70.448 70.448 70.448 59.53758800817626 59.53758800817626 59.53758800817626 29.76879400408813 29.76879400408813 29.76879400408813
128 32768 151.88 151.88 151.88 55.231814590466165 55.231814590466165 55.231814590466165 27.615907295233082 27.615907295233082 27.615907295233082
128 65536 289.31 289.31 289.31 57.99044623414331 57.99044623414331 57.99044623414331 28.995223117071657 28.995223117071657 28.995223117071657
128 131072 574.2 574.2 574.2 58.4368373389063 58.4368373389063 58.4368373389063 29.21841866945315 29.21841866945315 29.21841866945315
128 262144 1175.545 1175.545 1175.545 57.087447949674406 57.087447949674406 57.087447949674406 28.543723974837203 28.543723974837203 28.543723974837203
128 524288 2541.157 2541.157 2541.157 52.8175661716297 52.8175661716297 52.8175661716297 26.40878308581485 26.40878308581485 26.40878308581485
128 1048576 5357.43 5357.43 5357.43 50.10526614440133 50.10526614440133 50.10526614440133 25.052633072200663 25.052633072200663 25.052633072200663
128 2097152 10938.576 10938.576 10938.576 49.080512125161455 49.080512125161455 49.080512125161455 24.540256062580728 24.540256062580728 24.540256062580728
128 4194304 19366.932 19366.932 19366.932 55.44201962396522 55.44201962396522 55.44201962396522 27.72100981198261 27.72100981198261 27.72100981198261
128 8388608 40455.73 40455.73 40455.73 53.082311158394624 53.082311158394624 53.082311158394624 26.541155579197312 26.541155579197312 26.541155579197312
128 16777216 88475.81 88475.81 88475.81 48.54397259544728 48.54397259544728 48.54397259544728 24.27198629772364 24.27198629772364 24.27198629772364

256 1 1.523 1.523 1.523 0.33617859487852925 0.33617859487852925 0.33617859487852925 0.16808929743926462 0.16808929743926462 0.16808929743926462
256 2 0.552 0.552 0.552 1.8550724637681157 1.8550724637681157 1.8550724637681157 0.9275362318840579 0.9275362318840579 0.9275362318840579
256 4 0.624 0.624 0.624 3.2820512820512824 3.2820512820512824 3.2820512820512824 1.6410256410256412 1.6410256410256412 1.6410256410256412
256 8 0.588 0.588 0.588 6.965986394557825 6.965986394557825 6.965986394557825 3.4829931972789123 3.4829931972789123 3.4829931972789123
256 16 0.617 0.617 0.617 13.27714748784441 13.27714748784441 13.27714748784441 6.638573743922205 6.638573743922205 6.638573743922205
256 32 0.679 0.679 0.679 24.12960235640648 24.12960235640648 24.12960235640648 12.06480117820324 12.06480117820324 12.06480117820324
256 64 0.83 0.83 0.83 39.47951807228916 39.47951807228916 39.47951807228916 19.73975903614458 19.73975903614458 19.73975903614458
256 128 1.157 1.157 1.157 56.64304235090752 56.64304235090752 56.64304235090752 28.32152117545376 28.32152117545376 28.32152117545376
256 256 1.807 1.807 1.807 72.53569452130604 72.53569452130604 72.53569452130604 36.26784726065302 36.26784726065302 36.26784726065302
256 512 3.108 3.108 3.108 84.34491634491634 84.34491634491634 84.34491634491634 42.17245817245817 42.17245817245817 42.17245817245817
256 1024 5.696 5.696 5.696 92.04494382022473 92.04494382022473 92.04494382022473 46.022471910112365 46.022471910112365 46.022471910112365
256 2048 10.862 10.862 10.862 96.53618118210275 96.53618118210275 96.53618118210275 48.268090591051376 48.268090591051376 48.268090591051376
256 4096 21.251 21.251 21.251 98.6848618888523 98.6848618888523 98.6848618888523 49.34243094442615 49.34243094442615 49.34243094442615
256 8192 41.963 41.963 41.963 99.9524342873484 99.9524342873484 99.9524342873484 49.9762171436742 49.9762171436742 49.9762171436742
256 16384 83.422 83.422 83.422 100.55630409244564 100.55630409244564 100.55630409244564 50.27815204622282 50.27815204622282 50.27815204622282
256 32768 166.288 166.288 166.288 100.89252381410566 100.89252381410566 100.89252381410566 50.44626190705283 50.44626190705283 50.44626190705283
256 65536 356.253 356.253 356.253 94.18708614383598 94.18708614383598 94.18708614383598 47.09354307191799 47.09354307191799 47.09354307191799
256 131072 638.785 638.785 638.785 105.05704423240998 105.05704423240998 105.05704423240998 52.52852211620499 52.52852211620499 52.52852211620499
256 262144 1402.314 1402.314 1402.314 95.71160809918464 95.71160809918464 95.71160809918464 47.85580404959232 47.85580404959232 47.85580404959232
256 524288 3154.081 3154.081 3154.081 85.10734378730287 85.10734378730287 85.10734378730287 42.55367189365143 42.55367189365143 42.55367189365143
256 1048576 6885.838 6885.838 6885.838 77.9674038221637 77.9674038221637 77.9674038221637 38.98370191108185 38.98370191108185 38.98370191108185
256 2097152 13683.212 13683.212 13683.212 78.47147468006781 78.47147468006781 78.47147468006781 39.23573734003391 39.23573734003391 39.23573734003391
256 4194304 24160.96 24160.96 24160.96 88.88238083254971 88.88238083254971 88.88238083254971 44.44119041627486 44.44119041627486 44.44119041627486
256 8388608 41775.776 41775.776 41775.776 102.8099943852629 102.8099943852629 102.8099943852629 51.40499719263145 51.40499719263145 51.40499719263145

512 1 1.353 1.353 1.353 0.7568366592756837 0.7568366592756837 0.7568366592756837 0.37841832963784183 0.37841832963784183 0.37841832963784183
512 2 0.581 0.581 0.581 3.524956970740104 3.524956970740104 3.524956970740104 1.762478485370052 1.762478485370052 1.762478485370052
512 4 0.617 0.617 0.617 6.638573743922205 6.638573743922205 6.638573743922205 3.3192868719611024 3.3192868719611024 3.3192868719611024
512 8 0.59 0.59 0.59 13.884745762711866 13.884745762711866 13.884745762711866 6.942372881355933 6.942372881355933 6.942372881355933
512 16 0.65 0.65 0.65 25.206153846153846 25.206153846153846 25.206153846153846 12.603076923076923 12.603076923076923 12.603076923076923
512 32 0.76 0.76 0.76 43.11578947368421 43.11578947368421 43.11578947368421 21.557894736842105 21.557894736842105 21.557894736842105
512 64 1.005 1.005 1.005 65.20995024875623 65.20995024875623 65.20995024875623 32.604975124378115 32.604975124378115 32.604975124378115
512 128 1.498 1.498 1.498 87.49799732977303 87.49799732977303 87.49799732977303 43.748998664886514 43.748998664886514 43.748998664886514
512 256 2.474 2.474 2.474 105.95957962813257 105.95957962813257 105.95957962813257 52.97978981406629 52.97978981406629 52.97978981406629
512 512 4.444 4.444 4.444 117.97659765976599 117.97659765976599 117.97659765976599 58.98829882988299 58.98829882988299 58.98829882988299
512 1024 8.369 8.369 8.369 125.29286653124629 125.29286653124629 125.29286653124629 62.646433265623145 62.646433265623145 62.646433265623145
512 2048 14.784 14.784 14.784 141.85281385281385 141.85281385281385 141.85281385281385 70.92640692640693 70.92640692640693 70.92640692640693
512 4096 27.361 27.361 27.361 153.29498190855597 153.29498190855597 153.29498190855597 76.64749095427798 76.64749095427798 76.64749095427798
512 8192 54.173 54.173 54.173 154.84850386724014 154.84850386724014 154.84850386724014 77.42425193362007 77.42425193362007 77.42425193362007
512 16384 107.858 107.858 107.858 155.5491108679931 155.5491108679931 155.5491108679931 77.77455543399655 77.77455543399655 77.77455543399655
512 32768 556.854 556.854 556.854 60.25714460163705 60.25714460163705 60.25714460163705 30.128572300818526 30.128572300818526 30.128572300818526
512 65536 415.709 415.709 415.709 161.4323096204316 161.4323096204316 161.4323096204316 80.7161548102158 80.7161548102158 80.7161548102158
512 131072 829.07 829.07 829.07 161.88950028345013 161.88950028345013 161.88950028345013 80.94475014172507 80.94475014172507 80.94475014172507
512 262144 1707.595 1707.595 1707.595 157.20089131204998 157.20089131204998 157.20089131204998 78.60044565602499 78.60044565602499 78.60044565602499
512 524288 3408.621 3408.621 3408.621 157.50384451659482 157.50384451659482 157.50384451659482 78.75192225829741 78.75192225829741 78.75192225829741
512 1048576 7462.998 7462.998 7462.998 143.87540020779855 143.87540020779855 143.87540020779855 71.93770010389927 71.93770010389927 71.93770010389927
512 2097152 15070.992 15070.992 15070.992 142.4911942093792 142.4911942093792 142.4911942093792 71.2455971046896 71.2455971046896 71.2455971046896
512 4194304 29983.298 29983.298 29983.298 143.24532598115127 143.24532598115127 143.24532598115127 71.62266299057563 71.62266299057563 71.62266299057563

1024 1 1.56 1.56 1.56 1.3128205128205128 1.3128205128205128 1.3128205128205128 0.6564102564102564 0.6564102564102564 0.6564102564102564
1024 2 0.541 0.541 0.541 7.571164510166359 7.571164510166359 7.571164510166359 3.7855822550831797 3.7855822550831797 3.7855822550831797
1024 4 0.603 0.603 0.603 13.585406301824213 13.585406301824213 13.585406301824213 6.792703150912106 6.792703150912106 6.792703150912106
1024 8 0.631 0.631 0.631 25.96513470681458 25.96513470681458 25.96513470681458 12.98256735340729 12.98256735340729 12.98256735340729
1024 16 0.714 0.714 0.714 45.893557422969195 45.893557422969195 45.893557422969195 22.946778711484598 22.946778711484598 22.946778711484598
1024 32 0.939 0.939 0.939 69.79339723109692 69.79339723109692 69.79339723109692 34.89669861554846 34.89669861554846 34.89669861554846
1024 64 1.713 1.713 1.713 76.51605370694688 76.51605370694688 76.51605370694688 38.25802685347344 38.25802685347344 38.25802685347344
1024 128 3.69 3.69 3.69 71.04173441734419 71.04173441734419 71.04173441734419 35.520867208672094 35.520867208672094 35.520867208672094
1024 256 4.393 4.393 4.393 119.34623264284089 119.34623264284089 119.34623264284089 59.673116321420444 59.673116321420444 59.673116321420444
1024 512 8.274 8.274 8.274 126.7314479091129 126.7314479091129 126.7314479091129 63.36572395455645 63.36572395455645 63.36572395455645
1024 1024 16.451 16.451 16.451 127.47869430429763 127.47869430429763 127.47869430429763 63.73934715214882 63.73934715214882 63.73934715214882
1024 2048 31.627 31.627 31.627 132.61782654061403 132.61782654061403 132.61782654061403 66.30891327030702 66.30891327030702 66.30891327030702
1024 4096 59.46 59.46 59.46 141.07985200134544 141.07985200134544 141.07985200134544 70.53992600067272 70.53992600067272 70.53992600067272
1024 8192 124.621 124.621 124.621 134.62591377055233 134.62591377055233 134.62591377055233 67.31295688527617 67.31295688527617 67.31295688527617
1024 16384 242.257 242.257 242.257 138.5075849201468 138.5075849201468 138.5075849201468 69.2537924600734 69.2537924600734 69.2537924600734
1024 32768 415.637 415.637 415.637 161.46027422967637 161.46027422967637 161.46027422967637 80.73013711483819 80.73013711483819 80.73013711483819
1024 65536 794.385 794.385 794.385 168.95803420255922 168.95803420255922 168.95803420255922 84.47901710127961 84.47901710127961 84.47901710127961
1024 131072 1624.43 1624.43 1624.43 165.2490141157206 165.2490141157206 165.2490141157206 82.6245070578603 82.6245070578603 82.6245070578603
1024 262144 3367.6 3367.6 3367.6 159.4224112127331 159.4224112127331 159.4224112127331 79.71120560636655 79.71120560636655 79.71120560636655
1024 524288 7196.007 7196.007 7196.007 149.21356024250673 149.21356024250673 149.21356024250673 74.60678012125337 74.60678012125337 74.60678012125337
1024 1048576 14629.669 14629.669 14629.669 146.78962647753687 146.78962647753687 146.78962647753687 73.39481323876844 73.39481323876844 73.39481323876844
1024 2097152 29433.618 29433.618 29433.618 145.92046740567199 145.92046740567199 145.92046740567199 72.96023370283599 72.96023370283599 72.96023370283599

2048 1 1.515 1.515 1.515 2.703630363036304 2.703630363036304 2.703630363036304 1.351815181518152 1.351815181518152 1.351815181518152
2048 2 0.608 0.608 0.608 13.473684210526319 13.473684210526319 13.473684210526319 6.736842105263159 6.736842105263159 6.736842105263159
2048 4 0.674 0.674 0.674 24.30860534124629 24.30860534124629 24.30860534124629 12.154302670623146 12.154302670623146 12.154302670623146
2048 8 0.753 0.753 0.753 43.516600265604254 43.516600265604254 43.516600265604254 21.758300132802127 21.758300132802127 21.758300132802127
2048 16 0.96 0.96 0.96 68.26666666666668 68.26666666666668 68.26666666666668 34.13333333333334 34.13333333333334 34.13333333333334
2048 32 1.378 1.378 1.378 95.11756168359943 95.11756168359943 95.11756168359943 47.55878084179972 47.55878084179972 47.55878084179972
2048 64 2.221 2.221 2.221 118.02971634398921 118.02971634398921 118.02971634398921 59.014858171994604 59.014858171994604 59.014858171994604
2048 128 3.879 3.879 3.879 135.16060840422793 135.16060840422793 135.16060840422793 67.58030420211396 67.58030420211396 67.58030420211396
2048 256 7.213 7.213 7.213 145.37307638985166 145.37307638985166 145.37307638985166 72.68653819492583 72.68653819492583 72.68653819492583
2048 512 13.927 13.927 13.927 150.58174768435416 150.58174768435416 150.58174768435416 75.29087384217708 75.29087384217708 75.29087384217708
2048 1024 27.266 27.266 27.266 153.82909117582338 153.82909117582338 153.82909117582338 76.91454558791169 76.91454558791169 76.91454558791169
2048 2048 54.032 54.032 54.032 155.25259105715134 155.25259105715134 155.25259105715134 77.62629552857567 77.62629552857567 77.62629552857567
2048 4096 107.467 107.467 107.467 156.115049270939 156.115049270939 156.115049270939 78.0575246354695 78.0575246354695 78.0575246354695
2048 8192 220.428 220.428 220.428 152.22400058068848 152.22400058068848 152.22400058068848 76.11200029034424 76.11200029034424 76.11200029034424
2048 16384 420.955 420.955 420.955 159.42051763252607 159.42051763252607 159.42051763252607 79.71025881626304 79.71025881626304 79.71025881626304
2048 32768 796.455 796.455 796.455 168.51890941735564 168.51890941735564 168.51890941735564 84.25945470867782 84.25945470867782 84.25945470867782
2048 65536 1660.647 1660.647 1660.647 161.6451033844038 161.6451033844038 161.6451033844038 80.8225516922019 80.8225516922019 80.8225516922019
2048 131072 3699.54 3699.54 3699.54 145.11828821961652 145.11828821961652 145.11828821961652 72.55914410980826 72.55914410980826 72.55914410980826
2048 262144 7778.439 7778.439 7778.439 138.04078478985306 138.04078478985306 138.04078478985306 69.02039239492653 69.02039239492653 69.02039239492653
2048 524288 15224.781 15224.781 15224.781 141.05185802015805 141.05185802015805 141.05185802015805 70.52592901007903 70.52592901007903 70.52592901007903
2048 1048576 32310.194 32310.194 32310.194 132.92917077501917 132.92917077501917 132.92917077501917 66.46458538750959 66.46458538750959 66.46458538750959

4096 1 1.979 1.979 1.979 4.1394643759474485 4.1394643759474485 4.1394643759474485 2.0697321879737243 2.0697321879737243 2.0697321879737243
4096 2 0.637 0.637 0.637 25.72056514913658 25.72056514913658 25.72056514913658 12.86028257456829 12.86028257456829 12.86028257456829
4096 4 0.791 0.791 0.791 41.42604298356511 41.42604298356511 41.42604298356511 20.713021491782555 20.713021491782555 20.713021491782555
4096 8 0.924 0.924 0.924 70.92640692640693 70.92640692640693 70.92640692640693 35.46320346320346 35.46320346320346 35.46320346320346
4096 16 1.306 1.306 1.306 100.3614088820827 100.3614088820827 100.3614088820827 50.18070444104135 50.18070444104135 50.18070444104135
4096 32 2.08 2.08 2.08 126.03076923076924 126.03076923076924 126.03076923076924 63.01538461538462 63.01538461538462 63.01538461538462
4096 64 3.617 3.617 3.617 144.951064418026 144.951064418026 144.951064418026 72.475532209013 72.475532209013 72.475532209013
4096 128 6.719 6.719 6.719 156.06131864860842 156.06131864860842 156.06131864860842 78.03065932430421 78.03065932430421 78.03065932430421
4096 256 12.879 12.879 12.879 162.83500271760232 162.83500271760232 162.83500271760232 81.41750135880116 81.41750135880116 81.41750135880116
4096 512 25.249 25.249 25.249 166.1176284209276 166.1176284209276 166.1176284209276 83.0588142104638 83.0588142104638 83.0588142104638
4096 1024 50.002 50.002 50.002 167.76544938202474 167.76544938202474 167.76544938202474 83.88272469101237 83.88272469101237 83.88272469101237
4096 2048 99.328 99.328 99.328 168.90721649484536 168.90721649484536 168.90721649484536 84.45360824742268 84.45360824742268 84.45360824742268
4096 4096 198.185 198.185 198.185 169.30863587052502 169.30863587052502 169.30863587052502 84.65431793526251 84.65431793526251 84.65431793526251
4096 8192 394.762 394.762 394.762 169.9982875758052 169.9982875758052 169.9982875758052 84.9991437879026 84.9991437879026 84.9991437879026
4096 16384 775.561 775.561 775.561 173.05889285304445 173.05889285304445 173.05889285304445 86.52944642652223 86.52944642652223 86.52944642652223
4096 32768 1705.475 1705.475 1705.475 157.39630073733127 157.39630073733127 157.39630073733127 78.69815036866564 78.69815036866564 78.69815036866564
4096 65536 3744.214 3744.214 3744.214 143.38681282640363 143.38681282640363 143.38681282640363 71.69340641320181 71.69340641320181 71.69340641320181
4096 131072 7577.435 7577.435 7577.435 141.7025449904882 141.7025449904882 141.7025449904882 70.8512724952441 70.8512724952441 70.8512724952441
4096 262144 14706.404 14706.404 14706.404 146.0237083110188 146.0237083110188 146.0237083110188 73.0118541555094 73.0118541555094 73.0118541555094
4096 524288 29827.304 29827.304 29827.304 143.99448558944516 143.99448558944516 143.99448558944516 71.99724279472258 71.99724279472258 71.99724279472258

8192 1 2.433 2.433 2.433 6.734073160706947 6.734073160706947 6.734073160706947 3.3670365803534734 3.3670365803534734 3.3670365803534734
8192 2 0.84 0.84 0.84 39.00952380952381 39.00952380952381 39.00952380952381 19.504761904761907 19.504761904761907 19.504761904761907
8192 4 1.219 1.219 1.219 53.76210008203445 53.76210008203445 53.76210008203445 26.881050041017225 26.881050041017225 26.881050041017225
8192 8 1.642 1.642 1.642 79.82460414129112 79.82460414129112 79.82460414129112 39.91230207064556 39.91230207064556 39.91230207064556
8192 16 2.577 2.577 2.577 101.7244858362437 101.7244858362437 101.7244858362437 50.86224291812185 50.86224291812185 50.86224291812185
8192 32 4.14 4.14 4.14 126.63961352657007 126.63961352657007 126.63961352657007 63.31980676328504 63.31980676328504 63.31980676328504
8192 64 6.626 6.626 6.626 158.25173558708119 158.25173558708119 158.25173558708119 79.12586779354059 79.12586779354059 79.12586779354059
8192 128 12.737 12.737 12.737 164.6503886315459 164.6503886315459 164.6503886315459 82.32519431577295 82.32519431577295 82.32519431577295
8192 256 25.504 25.504 25.504 164.45671267252195 164.45671267252195 164.45671267252195 82.22835633626097 82.22835633626097 82.22835633626097
8192 512 56.037 56.037 56.037 149.6976640433999 149.6976640433999 149.6976640433999 74.84883202169995 74.84883202169995 74.84883202169995
8192 1024 121.17 121.17 121.17 138.46014690104812 138.46014690104812 138.46014690104812 69.23007345052406 69.23007345052406 69.23007345052406
8192 2048 200.656 200.656 200.656 167.22366637429232 167.22366637429232 167.22366637429232 83.61183318714616 83.61183318714616 83.61183318714616
8192 4096 381.685 381.685 381.685 175.82263908720543 175.82263908720543 175.82263908720543 87.91131954360272 87.91131954360272 87.91131954360272
8192 8192 780.299 780.299 780.299 172.00807382810947 172.00807382810947 172.00807382810947 86.00403691405474 86.00403691405474 86.00403691405474
8192 16384 1675.866 1675.866 1675.866 160.17715974904917 160.17715974904917 160.17715974904917 80.08857987452458 80.08857987452458 80.08857987452458
8192 32768 3335.084 3335.084 3335.084 160.97672862212767 160.97672862212767 160.97672862212767 80.48836431106383 80.48836431106383 80.48836431106383
8192 65536 8526.115 8526.115 8526.115 125.93564876851886 125.93564876851886 125.93564876851886 62.96782438425943 62.96782438425943 62.96782438425943
8192 131072 14391.48 14391.48 14391.48 149.21909685452783 149.21909685452783 149.21909685452783 74.60954842726392 74.60954842726392 74.60954842726392
8192 262144 27835.086 27835.086 27835.086 154.30048594065778 154.30048594065778 154.30048594065778 77.15024297032889 77.15024297032889 77.15024297032889

16384 1 2.935 2.935 2.935 11.164565587734243 11.164565587734243 11.164565587734243 5.582282793867122 5.582282793867122 5.582282793867122
16384 2 1.012 1.012 1.012 64.75889328063242 64.75889328063242 64.75889328063242 32.37944664031621 32.37944664031621 32.37944664031621
16384 4 1.4 1.4 1.4 93.62285714285716 93.62285714285716 93.62285714285716 46.81142857142858 46.81142857142858 46.81142857142858
16384 8 2.143 2.143 2.143 122.32571161922542 122.32571161922542 122.32571161922542 61.16285580961271 61.16285580961271 61.16285580961271
16384 16 3.645 3.645 3.645 143.83758573388204 143.83758573388204 143.83758573388204 71.91879286694102 71.91879286694102 71.91879286694102
16384 32 6.678 6.678 6.678 157.01946690625937 157.01946690625937 157.01946690625937 78.50973345312968 78.50973345312968 78.50973345312968
16384 64 12.672 12.672 12.672 165.4949494949495 165.4949494949495 165.4949494949495 82.74747474747475 82.74747474747475 82.74747474747475
16384 128 24.787 24.787 24.787 169.21386210513577 169.21386210513577 169.21386210513577 84.60693105256789 84.60693105256789 84.60693105256789
16384 256 55.066 55.066 55.066 152.33734064577052 152.33734064577052 152.33734064577052 76.16867032288526 76.16867032288526 76.16867032288526
16384 512 97.286 97.286 97.286 172.45252143165513 172.45252143165513 172.45252143165513 86.22626071582756 86.22626071582756 86.22626071582756
16384 1024 206.15 206.15 206.15 162.76707252000972 162.76707252000972 162.76707252000972 81.38353626000486 81.38353626000486 81.38353626000486
16384 2048 381.76 381.76 381.76 175.78809723386422 175.78809723386422 175.78809723386422 87.89404861693211 87.89404861693211 87.89404861693211
16384 4096 717.919 717.919 717.919 186.9538596972639 186.9538596972639 186.9538596972639 93.47692984863195 93.47692984863195 93.47692984863195
16384 8192 1611.155 1611.155 1611.155 166.6105719189029 166.6105719189029 166.6105719189029 83.30528595945145 83.30528595945145 83.30528595945145
16384 16384 3544.892 3544.892 3544.892 151.4491589588625 151.4491589588625 151.4491589588625 75.72457947943126 75.72457947943126 75.72457947943126
16384 32768 6677.288 6677.288 6677.288 160.80507894821972 160.80507894821972 160.80507894821972 80.40253947410986 80.40253947410986 80.40253947410986
16384 65536 14407.373 14407.373 14407.373 149.05449091933693 149.05449091933693 149.05449091933693 74.52724545966846 74.52724545966846 74.52724545966846
16384 131072 27769.445 27769.445 27769.445 154.66521912843416 154.66521912843416 154.66521912843416 77.33260956421708 77.33260956421708 77.33260956421708

32768 1 4.687 4.687 4.687 13.982504800512055 13.982504800512055 13.982504800512055 6.991252400256028 6.991252400256028 6.991252400256028
32768 2 1.466 1.466 1.466 89.40791268758527 89.40791268758527 89.40791268758527 44.70395634379263 44.70395634379263 44.70395634379263
32768 4 2.199 2.199 2.199 119.2105502501137 119.2105502501137 119.2105502501137 59.60527512505685 59.60527512505685 59.60527512505685
32768 8 3.655 3.655 3.655 143.44404924760605 143.44404924760605 143.44404924760605 71.72202462380302 71.72202462380302 71.72202462380302
32768 16 6.599 6.599 6.599 158.89922715562966 158.89922715562966 158.89922715562966 79.44961357781483 79.44961357781483 79.44961357781483
32768 32 12.526 12.526 12.526 167.42391825003992 167.42391825003992 167.42391825003992 83.71195912501996 83.71195912501996 83.71195912501996
32768 64 24.781 24.781 24.781 169.2548323312215 169.2548323312215 169.2548323312215 84.62741616561075 84.62741616561075 84.62741616561075
32768 128 48.859 48.859 48.859 171.69012873779653 171.69012873779653 171.69012873779653 85.84506436889826 85.84506436889826 85.84506436889826
32768 256 97.024 97.024 97.024 172.91820580474936 172.91820580474936 172.91820580474936 86.45910290237468 86.45910290237468 86.45910290237468
32768 512 193.277 193.277 193.277 173.60799267372735 173.60799267372735 173.60799267372735 86.80399633686368 86.80399633686368 86.80399633686368
32768 1024 378.688 378.688 378.688 177.21412878147711 177.21412878147711 177.21412878147711 88.60706439073856 88.60706439073856 88.60706439073856
32768 2048 778.307 778.307 778.307 172.4483115274564 172.4483115274564 172.4483115274564 86.2241557637282 86.2241557637282 86.2241557637282
32768 4096 1587.656 1587.656 1587.656 169.07658585990922 169.07658585990922 169.07658585990922 84.53829292995461 84.53829292995461 84.53829292995461
32768 8192 2987.407 2987.407 2987.407 179.7113389638573 179.7113389638573 179.7113389638573 89.85566948192864 89.85566948192864 89.85566948192864
32768 16384 7137.087 7137.087 7137.087 150.44538815345814 150.44538815345814 150.44538815345814 75.22269407672907 75.22269407672907 75.22269407672907
32768 32768 15213.918 15213.918 15213.918 141.1525714809295 141.1525714809295 141.1525714809295 70.57628574046475 70.57628574046475 70.57628574046475
32768 65536 29436.794 29436.794 29436.794 145.9047237277266 145.9047237277266 145.9047237277266 72.9523618638633 72.9523618638633 72.9523618638633

65536 1 7.349 7.349 7.349 17.835351748537217 17.835351748537217 17.835351748537217 8.917675874268609 8.917675874268609 8.917675874268609
65536 2 3.143 3.143 3.143 83.40566337893733 83.40566337893733 83.40566337893733 41.70283168946867 41.70283168946867 41.70283168946867
65536 4 4.624 4.624 4.624 113.38408304498273 113.38408304498273 113.38408304498273 56.692041522491365 56.692041522491365 56.692041522491365
65536 8 7.498 7.498 7.498 139.84742598026142 139.84742598026142 139.84742598026142 69.92371299013071 69.92371299013071 69.92371299013071
65536 16 13.359 13.359 13.359 156.98420540459617 156.98420540459617 156.98420540459617 78.49210270229808 78.49210270229808 78.49210270229808
65536 32 85.232 85.232 85.232 49.21043739440586 49.21043739440586 49.21043739440586 24.60521869720293 24.60521869720293 24.60521869720293
65536 64 53.471 53.471 53.471 156.88144975781267 156.88144975781267 156.88144975781267 78.44072487890634 78.44072487890634 78.44072487890634
65536 128 101.473 101.473 101.473 165.33674967725406 165.33674967725406 165.33674967725406 82.66837483862703 82.66837483862703 82.66837483862703
65536 256 199.023 199.023 199.023 168.59575023992204 168.59575023992204 168.59575023992204 84.29787511996102 84.29787511996102 84.29787511996102
65536 512 375.441 375.441 375.441 178.74676447164805 178.74676447164805 178.74676447164805 89.37338223582402 89.37338223582402 89.37338223582402
65536 1024 993.874 993.874 993.874 135.04501375425858 135.04501375425858 135.04501375425858 67.52250687712929 67.52250687712929 67.52250687712929
65536 2048 2080.344 2080.344 2080.344 129.03416742615644 129.03416742615644 129.03416742615644 64.51708371307822 64.51708371307822 64.51708371307822
65536 4096 4245.434 4245.434 4245.434 126.45842851402236 126.45842851402236 126.45842851402236 63.22921425701118 63.22921425701118 63.22921425701118
65536 8192 7772.943 7772.943 7772.943 138.1383890245947 138.1383890245947 138.1383890245947 69.06919451229734 69.06919451229734 69.06919451229734
65536 16384 14995.646 14995.646 14995.646 143.2071447938955 143.2071447938955 143.2071447938955 71.60357239694775 71.60357239694775 71.60357239694775
65536 32768 28907.698 28907.698 28907.698 148.5752098281918 148.5752098281918 148.5752098281918 74.2876049140959 74.2876049140959 74.2876049140959

131072 1 12.96 12.96 12.96 20.22716049382716 20.22716049382716 20.22716049382716 10.11358024691358 10.11358024691358 10.11358024691358
131072 2 5.87 5.87 5.87 89.31652470187394 89.31652470187394 89.31652470187394 44.65826235093697 44.65826235093697 44.65826235093697
131072 4 8.829 8.829 8.829 118.7649790463246 118.7649790463246 118.7649790463246 59.3824895231623 59.3824895231623 59.3824895231623
131072 8 15.151 15.151 15.151 138.41673816909775 138.41673816909775 138.41673816909775 69.20836908454888 69.20836908454888 69.20836908454888
131072 16 27.924 27.924 27.924 150.2042687294084 150.2042687294084 150.2042687294084 75.1021343647042 75.1021343647042 75.1021343647042
131072 32 61.162 61.162 61.162 137.15391910009484 137.15391910009484 137.15391910009484 68.57695955004742 68.57695955004742 68.57695955004742
131072 64 106.541 106.541 106.541 157.47192160764402 157.47192160764402 157.47192160764402 78.73596080382201 78.73596080382201 78.73596080382201
131072 128 210.683 210.683 210.683 159.2650190096021 159.2650190096021 159.2650190096021 79.63250950480105 79.63250950480105 79.63250950480105
131072 256 390.592 390.592 390.592 171.81320661969525 171.81320661969525 171.81320661969525 85.90660330984763 85.90660330984763 85.90660330984763
131072 512 745.543 745.543 745.543 180.0268099894976 180.0268099894976 180.0268099894976 90.0134049947488 90.0134049947488 90.0134049947488
131072 1024 2135.482 2135.482 2135.482 125.70251399918145 125.70251399918145 125.70251399918145 62.851256999590724 62.851256999590724 62.851256999590724
131072 2048 4570.724 4570.724 4570.724 117.45861530908452 117.45861530908452 117.45861530908452 58.72930765454226 58.72930765454226 58.72930765454226
131072 4096 6206.993 6206.993 6206.993 172.98905025348023 172.98905025348023 172.98905025348023 86.49452512674011 86.49452512674011 86.49452512674011
131072 8192 13181.019 13181.019 13181.019 162.9224302005786 162.9224302005786 162.9224302005786 81.4612151002893 81.4612151002893 81.4612151002893
131072 16384 26862.975 26862.975 26862.975 159.88427551304355 159.88427551304355 159.88427551304355 79.94213775652177 79.94213775652177 79.94213775652177

262144 1 22.981 22.981 22.981 22.813976763413255 22.813976763413255 22.813976763413255 11.406988381706627 11.406988381706627 11.406988381706627
262144 2 10.611 10.611 10.611 98.81971538968995 98.81971538968995 98.81971538968995 49.40985769484497 49.40985769484497 49.40985769484497
262144 4 16.56 16.56 16.56 126.63961352657007 126.63961352657007 126.63961352657007 63.31980676328504 63.31980676328504 63.31980676328504
262144 8 28.49 28.49 28.49 147.22021762021762 147.22021762021762 147.22021762021762 73.61010881010881 73.61010881010881 73.61010881010881
262144 16 52.89 52.89 52.89 158.6048024201172 158.6048024201172 158.6048024201172 79.3024012100586 79.3024012100586 79.3024012100586
262144 32 108.81 108.81 108.81 154.18818123334253 154.18818123334253 154.18818123334253 77.09409061667127 77.09409061667127 77.09409061667127
262144 64 202.804 202.804 202.804 165.4525157294728 165.4525157294728 165.4525157294728 82.7262578647364 82.7262578647364 82.7262578647364
262144 128 401.553 401.553 401.553 167.12330377310093 167.12330377310093 167.12330377310093 83.56165188655046 83.56165188655046 83.56165188655046
262144 256 727.44 727.44 727.44 184.50693940393708 184.50693940393708 184.50693940393708 92.25346970196854 92.25346970196854 92.25346970196854
262144 512 1579.034 1579.034 1579.034 169.999794811258 169.999794811258 169.999794811258 84.999897405629 84.999897405629 84.999897405629
262144 1024 3417.366 3417.366 3417.366 157.10079400333476 157.10079400333476 157.10079400333476 78.55039700166738 78.55039700166738 78.55039700166738
262144 2048 7000.497 7000.497 7000.497 153.3807991061206 153.3807991061206 153.3807991061206 76.6903995530603 76.6903995530603 76.6903995530603
262144 4096 14456.158 14456.158 14456.158 148.55147875389852 148.55147875389852 148.55147875389852 74.27573937694926 74.27573937694926 74.27573937694926
262144 8192 28589.886 28589.886 28589.886 150.2268073401902 150.2268073401902 150.2268073401902 75.1134036700951 75.1134036700951 75.1134036700951

524288 1 45.635 45.635 45.635 22.977451517475625 22.977451517475625 22.977451517475625 11.488725758737813 11.488725758737813 11.488725758737813
524288 2 21.846 21.846 21.846 95.99707040190424 95.99707040190424 95.99707040190424 47.99853520095212 47.99853520095212 47.99853520095212
524288 4 38.876 38.876 38.876 107.88928902150428 107.88928902150428 107.88928902150428 53.94464451075214 53.94464451075214 53.94464451075214
524288 8 56.117 56.117 56.117 149.48425610777485 149.48425610777485 149.48425610777485 74.74212805388743 74.74212805388743 74.74212805388743
524288 16 106.001 106.001 106.001 158.27412948934443 158.27412948934443 158.27412948934443 79.13706474467222 79.13706474467222 79.13706474467222
524288 32 204.901 204.901 204.901 163.7592398280145 163.7592398280145 163.7592398280145 81.87961991400725 81.87961991400725 81.87961991400725
524288 64 389.807 389.807 389.807 172.15920699217818 172.15920699217818 172.15920699217818 86.07960349608909 86.07960349608909 86.07960349608909
524288 128 715.519 715.519 715.519 187.58094194563668 187.58094194563668 187.58094194563668 93.79047097281834 93.79047097281834 93.79047097281834
524288 256 1610.121 1610.121 1610.121 166.71756718904976 166.71756718904976 166.71756718904976 83.35878359452488 83.35878359452488 83.35878359452488
524288 512 3608.314 3608.314 3608.314 148.78719313230502 148.78719313230502 148.78719313230502 74.39359656615251 74.39359656615251 74.39359656615251
524288 1024 7401.22 7401.22 7401.22 145.0763284971937 145.0763284971937 145.0763284971937 72.53816424859686 72.53816424859686 72.53816424859686
524288 2048 14046.903 14046.903 14046.903 152.87951002438047 152.87951002438047 152.87951002438047 76.43975501219023 76.43975501219023 76.43975501219023
524288 4096 29898.5 29898.5 29898.5 143.6515977724635 143.6515977724635 143.6515977724635 71.82579888623175 71.82579888623175 71.82579888623175

1048576 1 85.684 85.684 85.684 24.475421315531488 24.475421315531488 24.475421315531488 12.237710657765744 12.237710657765744 12.237710657765744
1048576 2 44.097 44.097 44.097 95.11540467605506 95.11540467605506 95.11540467605506 47.55770233802753 47.55770233802753 47.55770233802753
1048576 4 63.648 63.648 63.648 131.7968828557064 131.7968828557064 131.7968828557064 65.8984414278532 65.8984414278532 65.8984414278532
1048576 8 112.333 112.333 112.333 149.35251439915254 149.35251439915254 149.35251439915254 74.67625719957627 74.67625719957627 74.67625719957627
1048576 16 228.427 228.427 228.427 146.89345830396584 146.89345830396584 146.89345830396584 73.44672915198292 73.44672915198292 73.44672915198292
1048576 32 384.773 384.773 384.773 174.4115725375741 174.4115725375741 174.4115725375741 87.20578626878705 87.20578626878705 87.20578626878705
1048576 64 972.422 972.422 972.422 138.02415823582766 138.02415823582766 138.02415823582766 69.01207911791383 69.01207911791383 69.01207911791383
1048576 128 1929.066 1929.066 1929.066 139.1530699312517 139.1530699312517 139.1530699312517 69.57653496562585 69.57653496562585 69.57653496562585
1048576 256 3889.884 3889.884 3889.884 138.01720359784508 138.01720359784508 138.01720359784508 69.00860179892254 69.00860179892254 69.00860179892254
1048576 512 8207.446 8207.446 8207.446 130.8253290975049 130.8253290975049 130.8253290975049 65.41266454875245 65.41266454875245 65.41266454875245
1048576 1024 15960.172 15960.172 15960.172 134.5526632169127 134.5526632169127 134.5526632169127 67.27633160845635 67.27633160845635 67.27633160845635
1048576 2048 32403.73 32403.73 32403.73 132.54545992081776 132.54545992081776 132.54545992081776 66.27272996040888 66.27272996040888 66.27272996040888

2097152 1 172.376 172.376 172.376 24.33229683946721 24.33229683946721 24.33229683946721 12.166148419733606 12.166148419733606 12.166148419733606
2097152 2 187.75 187.75 187.75 44.679669773635155 44.679669773635155 44.679669773635155 22.339834886817577 22.339834886817577 22.339834886817577
2097152 4 231.007 231.007 231.007 72.62643989143186 72.62643989143186 72.62643989143186 36.31321994571593 36.31321994571593 36.31321994571593
2097152 8 384.931 384.931 384.931 87.16999150497104 87.16999150497104 87.16999150497104 43.58499575248552 43.58499575248552 43.58499575248552
2097152 16 625.908 625.908 625.908 107.21841548598198 107.21841548598198 107.21841548598198 53.60920774299099 53.60920774299099 53.60920774299099
2097152 32 1232.339 1232.339 1232.339 108.91299228540198 108.91299228540198 108.91299228540198 54.45649614270099 54.45649614270099 54.45649614270099
2097152 64 2318.019 2318.019 2318.019 115.80382041734777 115.80382041734777 115.80382041734777 57.90191020867388 57.90191020867388 57.90191020867388
2097152 128 4434.565 4434.565 4434.565 121.0650677123912 121.0650677123912 121.0650677123912 60.5325338561956 60.5325338561956 60.5325338561956
2097152 256 10371.219 10371.219 10371.219 103.53091801455548 103.53091801455548 103.53091801455548 51.76545900727774 51.76545900727774 51.76545900727774
2097152 512 14633.787 14633.787 14633.787 146.74831935164835 146.74831935164835 146.74831935164835 73.37415967582417 73.37415967582417 73.37415967582417
2097152 1024 33762.802 33762.802 33762.802 127.21003712902738 127.21003712902738 127.21003712902738 63.60501856451369 63.60501856451369 63.60501856451369

4194304 1 350.794 350.794 350.794 23.913202620341288 23.913202620341288 23.913202620341288 11.956601310170644 11.956601310170644 11.956601310170644
4194304 2 586.08 586.08 586.08 28.62615342615343 28.62615342615343 28.62615342615343 14.313076713076715 14.313076713076715 14.313076713076715
4194304 4 445.136 445.136 445.136 75.38018043923655 75.38018043923655 75.38018043923655 37.69009021961828 37.69009021961828 37.69009021961828
4194304 8 717.775 717.775 717.775 93.49568318762844 93.49568318762844 93.49568318762844 46.74784159381422 46.74784159381422 46.74784159381422
4194304 16 1346.537 1346.537 1346.537 99.67622724069224 99.67622724069224 99.67622724069224 49.83811362034612 49.83811362034612 49.83811362034612
4194304 32 2533.992 2533.992 2533.992 105.93382141695791 105.93382141695791 105.93382141695791 52.966910708478956 52.966910708478956 52.966910708478956
4194304 64 4831.688 4831.688 4831.688 111.11456534445107 111.11456534445107 111.11456534445107 55.55728267222553 55.55728267222553 55.55728267222553
4194304 128 10174.573 10174.573 10174.573 105.53188069907209 105.53188069907209 105.53188069907209 52.765940349536045 52.765940349536045 52.765940349536045
4194304 256 20619.766 20619.766 20619.766 104.14684861118211 104.14684861118211 104.14684861118211 52.073424305591054 52.073424305591054 52.073424305591054
4194304 512 42727.249 42727.249 42727.249 100.52056700397445 100.52056700397445 100.52056700397445 50.260283501987224 50.260283501987224 50.260283501987224

8388608 1 697.013 697.013 697.013 24.070162249484586 24.070162249484586 24.070162249484586 12.035081124742293 12.035081124742293 12.035081124742293
8388608 2 1146.642 1146.642 1146.642 29.263215545915816 29.263215545915816 29.263215545915816 14.631607772957908 14.631607772957908 14.631607772957908
8388608 4 1347.195 1347.195 1347.195 49.81377157724012 49.81377157724012 49.81377157724012 24.90688578862006 24.90688578862006 24.90688578862006
8388608 8 1210.292 1210.292 1210.292 110.89698023286944 110.89698023286944 110.89698023286944 55.44849011643472 55.44849011643472 55.44849011643472
8388608 16 1984.298 1984.298 1984.298 135.2798097866349 135.2798097866349 135.2798097866349 67.63990489331745 67.63990489331745 67.63990489331745
8388608 32 4232.841 4232.841 4232.841 126.83465124251065 126.83465124251065 126.83465124251065 63.41732562125532 63.41732562125532 63.41732562125532
8388608 64 10179.28 10179.28 10179.28 105.48308171108368 105.48308171108368 105.48308171108368 52.74154085554184 52.74154085554184 52.74154085554184
8388608 128 18266.85 18266.85 18266.85 117.56179352214532 117.56179352214532 117.56179352214532 58.78089676107266 58.78089676107266 58.78089676107266
8388608 256 34858.977 34858.977 34858.977 123.20979172739351 123.20979172739351 123.20979172739351 61.604895863696754 61.604895863696754 61.604895863696754

16777216 1 1588.014 1588.014 1588.014 21.129808679268574 21.129808679268574 21.129808679268574 10.564904339634287 10.564904339634287 10.564904339634287
16777216 2 2052.432 2052.432 2052.432 32.69724112662442 32.69724112662442 32.69724112662442 16.34862056331221 16.34862056331221 16.34862056331221
16777216 4 1913.342 1913.342 1913.342 70.14832058252001 70.14832058252001 70.14832058252001 35.07416029126001 35.07416029126001 35.07416029126001
16777216 8 3778.703 3778.703 3778.703 71.03904593719062 71.03904593719062 71.03904593719062 35.51952296859531 35.51952296859531 35.51952296859531
16777216 16 6659.695 6659.695 6659.695 80.61493987337259 80.61493987337259 80.61493987337259 40.307469936686296 40.307469936686296 40.307469936686296
16777216 32 13025.325 13025.325 13025.325 82.43493532790929 82.43493532790929 82.43493532790929 41.21746766395464 41.21746766395464 41.21746766395464
16777216 64 28929.3 28929.3 28929.3 74.23213309689486 74.23213309689486 74.23213309689486 37.11606654844743 37.11606654844743 37.11606654844743
16777216 128 52629.431 52629.431 52629.431 81.60770911621675 81.60770911621675 81.60770911621675 40.80385455810838 40.80385455810838 40.80385455810838

33554432 1 2708.613 2708.613 2708.613 24.77609905881719 24.77609905881719 24.77609905881719 12.388049529408596 12.388049529408596 12.388049529408596
33554432 2 5239.065 5239.065 5239.065 25.618641494236094 25.618641494236094 25.618641494236094 12.809320747118047 12.809320747118047 12.809320747118047
33554432 4 9218.286 9218.286 9218.286 29.119888013888914 29.119888013888914 29.119888013888914 14.559944006944457 14.559944006944457 14.559944006944457
33554432 8 13728.513 13728.513 13728.513 39.106268246240504 39.106268246240504 39.106268246240504 19.553134123120252 19.553134123120252 19.553134123120252
33554432 16 24220.917 24220.917 24220.917 44.33117969893543 44.33117969893543 44.33117969893543 22.165589849467715 22.165589849467715 22.165589849467715
33554432 32 49032.031 49032.031 49032.031 43.79756669675788 43.79756669675788 43.79756669675788 21.89878334837894 21.89878334837894 21.89878334837894
33554432 64 99037.594 99037.594 99037.594 43.36703995454494 43.36703995454494 43.36703995454494 21.68351997727247 21.68351997727247 21.68351997727247

67108864 1 5441.395 5441.395 5441.395 24.666051260752067 24.666051260752067 24.666051260752067 12.333025630376033 12.333025630376033 12.333025630376033
67108864 2 10873.195 10873.195 10873.195 24.687817702156543 24.687817702156543 24.687817702156543 12.343908851078272 12.343908851078272 12.343908851078272
67108864 4 16552.349 16552.349 16552.349 32.434726454837325 32.434726454837325 32.434726454837325 16.217363227418662 16.217363227418662 16.217363227418662
67108864 8 29754.554 29754.554 29754.554 36.08663816637951 36.08663816637951 36.08663816637951 18.043319083189754 18.043319083189754 18.043319083189754
67108864 16 56047.136 56047.136 56047.136 38.31567143769844 38.31567143769844 38.31567143769844 19.15783571884922 19.15783571884922 19.15783571884922
67108864 32 109094.0 109094.0 109094.0 39.369418079821074 39.369418079821074 39.369418079821074 19.684709039910537 19.684709039910537 19.684709039910537

134217728 1 10573.284 10573.284 10573.284 25.388087182752304 25.388087182752304 25.388087182752304 12.694043591376152 12.694043591376152 12.694043591376152
134217728 2 22709.83 22709.83 22709.83 23.640463711088987 23.640463711088987 23.640463711088987 11.820231855544494 11.820231855544494 11.820231855544494
134217728 4 34429.975 34429.975 34429.975 31.186250469249543 31.186250469249543 31.186250469249543 15.593125234624772 15.593125234624772 15.593125234624772
134217728 8 61632.481 61632.481 61632.481 34.84337500546181 34.84337500546181 34.84337500546181 17.421687502730904 17.421687502730904 17.421687502730904
134217728 16 108342.633 108342.633 108342.633 39.642448933283724 39.642448933283724 39.642448933283724 19.821224466641862 19.821224466641862 19.821224466641862

268435456 1 22356.079 22356.079 22356.079 24.014538148661938 24.014538148661938 24.014538148661938 12.007269074330969 12.007269074330969 12.007269074330969
268435456 2 40079.661 40079.661 40079.661 26.790192262354715 26.790192262354715 26.790192262354715 13.395096131177358 13.395096131177358 13.395096131177358
268435456 4 58652.352 58652.352 58652.352 36.61376866864606 36.61376866864606 36.61376866864606 18.30688433432303 18.30688433432303 18.30688433432303
268435456 8 105575.138 105575.138 105575.138 40.68161668895947 40.68161668895947 40.68161668895947 20.340808344479736 20.340808344479736 20.340808344479736

536870912 1 39748.515 39748.515 39748.515 27.013382109998325 27.013382109998325 27.013382109998325 13.506691054999163 13.506691054999163 13.506691054999163
536870912 2 74836.759 74836.759 74836.759 28.69557255946907 28.69557255946907 28.69557255946907 14.347786279734535 14.347786279734535 14.347786279734535
536870912 4 119271.546 119271.546 119271.546 36.00999098309667 36.00999098309667 36.00999098309667 18.004995491548335 18.004995491548335 18.004995491548335

1073741824 1 79311.092 79311.092 79311.092 27.07671264947405 27.07671264947405 27.07671264947405 13.538356324737025 13.538356324737025 13.538356324737025
1073741824 2 160837.707 160837.707 160837.707 26.70373369597964 26.70373369597964 26.70373369597964 13.35186684798982 13.35186684798982 13.35186684798982

2147483648 1 146088.752 146088.752 146088.752 29.399712415915495 29.399712415915495 29.399712415915495 14.699856207957748 14.699856207957748 14.699856207957748

META_DATA
FLOPS          8
OPENMP_THREADS 1
ERT_VERSION  1.1.0
HOSTNAME  ('areeba-vm', [], ['127.0.1.1'])
UNAME  uname_result(system='Linux', node='areeba-vm', release='6.17.0-23-generic', version='#23~24.04.1-Ubuntu SMP PREEMPT_DYNAMIC Tue Apr 14 16:11:48 UTC 2', machine='x86_64')
TIMESTAMP_DATA  1778236640.8424628
CONFIG  {'ERT_RESULTS': ['roofline/mylaptop/Results'], 'ERT_DRIVER': ['driver1'], 'ERT_KERNEL': ['kernel1'], 'ERT_MPI': ['False'], 'ERT_MPI_CFLAGS': [], 'ERT_MPI_LDFLAGS': [], 'ERT_MPI_PROCS': ['1'], 'ERT_OPENMP': ['True'], 'ERT_OPENMP_CFLAGS': ['-fopenmp'], 'ERT_OPENMP_LDFLAGS': ['-fopenmp'], 'ERT_OPENMP_THREADS': ['1,2,4'], 'ERT_GPU': ['False'], 'ERT_GPU_CFLAGS': [], 'ERT_GPU_LDFLAGS': [], 'ERT_GPU_BLOCKS': ['1'], 'ERT_GPU_THREADS': ['1'], 'ERT_HIP': ['False'], 'ERT_OCL': ['False'], 'ERT_SYCL': ['False'], 'ERT_FLOPS': ['1,2,4,8'], 'ERT_ALIGN': ['32'], 'ERT_CC': ['g++'], 'ERT_CFLAGS': ['-O3', '-march=native', '-mavx2', '-mfma', '-ffast-math'], 'ERT_LD': ['g++'], 'ERT_LDFLAGS': [], 'ERT_LDLIBS': [], 'ERT_PRECISION': ['FP64'], 'ERT_PROCS_THREADS': ['6'], 'ERT_BLOCKS_THREADS': ['1'], 'ERT_WORKING_SET_MIN': ['1'], 'ERT_MEMORY_MAX': ['2147483648'], 'ERT_WSS_MULT': ['2.0'], 'ERT_TRIALS_MIN': ['1'], 'ERT_NUM_EXPERIMENTS': ['1'], 'ERT_RUN': ['OMP_NUM_THREADS=ERT_OPENMP_THREADS', './ERT_CODE'], 'ERT_GNUPLOT': ['False']}
