fp64
           8            1           1.666           16            8
           8            2           0.719           32           16
           8            4           0.603           64           32
           8            8           0.593          128           64
           8           16           0.631          256          128
           8           32           0.706          512          256
           8           64           0.867         1024          512
           8          128           1.170         2048         1024
           8          256           1.792         4096         2048
           8          512           3.039         8192         4096
           8         1024           5.535        16384         8192
           8         2048          10.547        32768        16384
           8         4096          20.512        65536        32768
           8         8192          40.516       131072        65536
           8        16384          80.791       262144       131072
           8        32768         165.247       524288       262144
           8        65536         316.359      1048576       524288
           8       131072         654.370      2097152      1048576
           8       262144        1271.797      4194304      2097152
           8       524288        2512.021      8388608      4194304
           8      1048576        5047.710     16777216      8388608
           8      2097152       13456.034     33554432     16777216
           8      4194304       24176.820     67108864     33554432
           8      8388608       40335.787    134217728     67108864
           8     16777216       79719.978    268435456    134217728
           8     33554432      153259.529    536870912    268435456
           8     67108864      277834.344   1073741824    536870912
           8    134217728      537791.402   2147483648   1073741824
           8    268435456     1102085.921   4294967296   2147483648
          16            1           1.403           32           16
          16            2           0.603           64           32
          16            4           0.498          128           64
          16            8           0.484          256          128
          16           16           0.512          512          256
          16           32           0.573         1024          512
          16           64           0.700         2048         1024
          16          128           0.959         4096         2048
          16          256           1.472         8192         4096
          16          512           2.493        16384         8192
          16         1024           4.544        32768        16384
          16         2048           8.663        65536        32768
          16         4096          16.861       131072        65536
          16         8192          38.959       262144       131072
          16        16384          66.155       524288       262144
          16        32768         131.821      1048576       524288
          16        65536         266.571      2097152      1048576
          16       131072         503.619      4194304      2097152
          16       262144        1026.930      8388608      4194304
          16       524288        2037.639     16777216      8388608
          16      1048576        4062.770     33554432     16777216
          16      2097152        8120.214     67108864     33554432
          16      4194304       16721.502    134217728     67108864
          16      8388608       32547.447    268435456    134217728
          16     16777216       66480.122    536870912    268435456
          16     33554432      134709.933   1073741824    536870912
          16     67108864      272856.271   2147483648   1073741824
          16    134217728      559479.948   4294967296   2147483648
          32            1           1.291           64           32
          32            2           0.515          128           64
          32            4           0.544          256          128
          32            8           0.519          512          256
          32           16           0.627         1024          512
          32           32           0.613         2048         1024
          32           64           0.748         4096         2048
          32          128           1.027         8192         4096
          32          256           1.577        16384         8192
          32          512           2.676        32768        16384
          32         1024           4.873        65536        32768
          32         2048           9.304       131072        65536
          32         4096          18.144       262144       131072
          32         8192          35.808       524288       262144
          32        16384          71.390      1048576       524288
          32        32768         141.959      2097152      1048576
          32        65536         289.494      4194304      2097152
          32       131072         529.028      8388608      4194304
          32       262144        1088.442     16777216      8388608
          32       524288        2218.914     33554432     16777216
          32      1048576        4364.695     67108864     33554432
          32      2097152        9146.320    134217728     67108864
          32      4194304       17609.529    268435456    134217728
          32      8388608       35640.782    536870912    268435456
          32     16777216       72484.665   1073741824    536870912
          32     33554432      146991.590   2147483648   1073741824
          32     67108864      289774.379   4294967296   2147483648
          64            1           1.452          128           64
          64            2           0.549          256          128
          64            4           0.547          512          256
          64            8           0.504         1024          512
          64           16           0.513         2048         1024
          64           32           0.591         4096         2048
          64           64           0.710         8192         4096
          64          128           0.981        16384         8192
          64          256           1.517        32768        16384
          64          512           2.583        65536        32768
          64         1024           4.729       131072        65536
          64         2048           8.979       262144       131072
          64         4096          17.585       524288       262144
          64         8192          34.667      1048576       524288
          64        16384          68.903      2097152      1048576
          64        32768         143.875      4194304      2097152
          64        65536         278.861      8388608      4194304
          64       131072         528.917     16777216      8388608
          64       262144        1089.264     33554432     16777216
          64       524288        3423.330     67108864     33554432
          64      1048576        5146.094    134217728     67108864
          64      2097152        8664.283    268435456    134217728
          64      4194304       17648.366    536870912    268435456
          64      8388608       38622.787   1073741824    536870912
          64     16777216       73663.157   2147483648   1073741824
          64     33554432      158611.339   4294967296   2147483648
         128            1           1.292          256          128
         128            2           0.480          512          256
         128            4           0.556         1024          512
         128            8           0.505         2048         1024
         128           16           0.520         4096         2048
         128           32           0.589         8192         4096
         128           64           0.725        16384         8192
         128          128           0.998        32768        16384
         128          256           1.549        65536        32768
         128          512           2.638       131072        65536
         128         1024           4.832       262144       131072
         128         2048           9.222       524288       262144
         128         4096          17.942      1048576       524288
         128         8192          35.461      2097152      1048576
         128        16384          70.448      4194304      2097152
         128        32768         151.880      8388608      4194304
         128        65536         289.310     16777216      8388608
         128       131072         574.200     33554432     16777216
         128       262144        1175.545     67108864     33554432
         128       524288        2541.157    134217728     67108864
         128      1048576        5357.430    268435456    134217728
         128      2097152       10938.576    536870912    268435456
         128      4194304       19366.932   1073741824    536870912
         128      8388608       40455.730   2147483648   1073741824
         128     16777216       88475.810   4294967296   2147483648
         256            1           1.523          512          256
         256            2           0.552         1024          512
         256            4           0.624         2048         1024
         256            8           0.588         4096         2048
         256           16           0.617         8192         4096
         256           32           0.679        16384         8192
         256           64           0.830        32768        16384
         256          128           1.157        65536        32768
         256          256           1.807       131072        65536
         256          512           3.108       262144       131072
         256         1024           5.696       524288       262144
         256         2048          10.862      1048576       524288
         256         4096          21.251      2097152      1048576
         256         8192          41.963      4194304      2097152
         256        16384          83.422      8388608      4194304
         256        32768         166.288     16777216      8388608
         256        65536         356.253     33554432     16777216
         256       131072         638.785     67108864     33554432
         256       262144        1402.314    134217728     67108864
         256       524288        3154.081    268435456    134217728
         256      1048576        6885.838    536870912    268435456
         256      2097152       13683.212   1073741824    536870912
         256      4194304       24160.960   2147483648   1073741824
         256      8388608       41775.776   4294967296   2147483648
         512            1           1.353         1024          512
         512            2           0.581         2048         1024
         512            4           0.617         4096         2048
         512            8           0.590         8192         4096
         512           16           0.650        16384         8192
         512           32           0.760        32768        16384
         512           64           1.005        65536        32768
         512          128           1.498       131072        65536
         512          256           2.474       262144       131072
         512          512           4.444       524288       262144
         512         1024           8.369      1048576       524288
         512         2048          14.784      2097152      1048576
         512         4096          27.361      4194304      2097152
         512         8192          54.173      8388608      4194304
         512        16384         107.858     16777216      8388608
         512        32768         556.854     33554432     16777216
         512        65536         415.709     67108864     33554432
         512       131072         829.070    134217728     67108864
         512       262144        1707.595    268435456    134217728
         512       524288        3408.621    536870912    268435456
         512      1048576        7462.998   1073741824    536870912
         512      2097152       15070.992   2147483648   1073741824
         512      4194304       29983.298   4294967296   2147483648
        1024            1           1.560         2048         1024
        1024            2           0.541         4096         2048
        1024            4           0.603         8192         4096
        1024            8           0.631        16384         8192
        1024           16           0.714        32768        16384
        1024           32           0.939        65536        32768
        1024           64           1.713       131072        65536
        1024          128           3.690       262144       131072
        1024          256           4.393       524288       262144
        1024          512           8.274      1048576       524288
        1024         1024          16.451      2097152      1048576
        1024         2048          31.627      4194304      2097152
        1024         4096          59.460      8388608      4194304
        1024         8192         124.621     16777216      8388608
        1024        16384         242.257     33554432     16777216
        1024        32768         415.637     67108864     33554432
        1024        65536         794.385    134217728     67108864
        1024       131072        1624.430    268435456    134217728
        1024       262144        3367.600    536870912    268435456
        1024       524288        7196.007   1073741824    536870912
        1024      1048576       14629.669   2147483648   1073741824
        1024      2097152       29433.618   4294967296   2147483648
        2048            1           1.515         4096         2048
        2048            2           0.608         8192         4096
        2048            4           0.674        16384         8192
        2048            8           0.753        32768        16384
        2048           16           0.960        65536        32768
        2048           32           1.378       131072        65536
        2048           64           2.221       262144       131072
        2048          128           3.879       524288       262144
        2048          256           7.213      1048576       524288
        2048          512          13.927      2097152      1048576
        2048         1024          27.266      4194304      2097152
        2048         2048          54.032      8388608      4194304
        2048         4096         107.467     16777216      8388608
        2048         8192         220.428     33554432     16777216
        2048        16384         420.955     67108864     33554432
        2048        32768         796.455    134217728     67108864
        2048        65536        1660.647    268435456    134217728
        2048       131072        3699.540    536870912    268435456
        2048       262144        7778.439   1073741824    536870912
        2048       524288       15224.781   2147483648   1073741824
        2048      1048576       32310.194   4294967296   2147483648
        4096            1           1.979         8192         4096
        4096            2           0.637        16384         8192
        4096            4           0.791        32768        16384
        4096            8           0.924        65536        32768
        4096           16           1.306       131072        65536
        4096           32           2.080       262144       131072
        4096           64           3.617       524288       262144
        4096          128           6.719      1048576       524288
        4096          256          12.879      2097152      1048576
        4096          512          25.249      4194304      2097152
        4096         1024          50.002      8388608      4194304
        4096         2048          99.328     16777216      8388608
        4096         4096         198.185     33554432     16777216
        4096         8192         394.762     67108864     33554432
        4096        16384         775.561    134217728     67108864
        4096        32768        1705.475    268435456    134217728
        4096        65536        3744.214    536870912    268435456
        4096       131072        7577.435   1073741824    536870912
        4096       262144       14706.404   2147483648   1073741824
        4096       524288       29827.304   4294967296   2147483648
        8192            1           2.433        16384         8192
        8192            2           0.840        32768        16384
        8192            4           1.219        65536        32768
        8192            8           1.642       131072        65536
        8192           16           2.577       262144       131072
        8192           32           4.140       524288       262144
        8192           64           6.626      1048576       524288
        8192          128          12.737      2097152      1048576
        8192          256          25.504      4194304      2097152
        8192          512          56.037      8388608      4194304
        8192         1024         121.170     16777216      8388608
        8192         2048         200.656     33554432     16777216
        8192         4096         381.685     67108864     33554432
        8192         8192         780.299    134217728     67108864
        8192        16384        1675.866    268435456    134217728
        8192        32768        3335.084    536870912    268435456
        8192        65536        8526.115   1073741824    536870912
        8192       131072       14391.480   2147483648   1073741824
        8192       262144       27835.086   4294967296   2147483648
       16384            1           2.935        32768        16384
       16384            2           1.012        65536        32768
       16384            4           1.400       131072        65536
       16384            8           2.143       262144       131072
       16384           16           3.645       524288       262144
       16384           32           6.678      1048576       524288
       16384           64          12.672      2097152      1048576
       16384          128          24.787      4194304      2097152
       16384          256          55.066      8388608      4194304
       16384          512          97.286     16777216      8388608
       16384         1024         206.150     33554432     16777216
       16384         2048         381.760     67108864     33554432
       16384         4096         717.919    134217728     67108864
       16384         8192        1611.155    268435456    134217728
       16384        16384        3544.892    536870912    268435456
       16384        32768        6677.288   1073741824    536870912
       16384        65536       14407.373   2147483648   1073741824
       16384       131072       27769.445   4294967296   2147483648
       32768            1           4.687        65536        32768
       32768            2           1.466       131072        65536
       32768            4           2.199       262144       131072
       32768            8           3.655       524288       262144
       32768           16           6.599      1048576       524288
       32768           32          12.526      2097152      1048576
       32768           64          24.781      4194304      2097152
       32768          128          48.859      8388608      4194304
       32768          256          97.024     16777216      8388608
       32768          512         193.277     33554432     16777216
       32768         1024         378.688     67108864     33554432
       32768         2048         778.307    134217728     67108864
       32768         4096        1587.656    268435456    134217728
       32768         8192        2987.407    536870912    268435456
       32768        16384        7137.087   1073741824    536870912
       32768        32768       15213.918   2147483648   1073741824
       32768        65536       29436.794   4294967296   2147483648
       65536            1           7.349       131072        65536
       65536            2           3.143       262144       131072
       65536            4           4.624       524288       262144
       65536            8           7.498      1048576       524288
       65536           16          13.359      2097152      1048576
       65536           32          85.232      4194304      2097152
       65536           64          53.471      8388608      4194304
       65536          128         101.473     16777216      8388608
       65536          256         199.023     33554432     16777216
       65536          512         375.441     67108864     33554432
       65536         1024         993.874    134217728     67108864
       65536         2048        2080.344    268435456    134217728
       65536         4096        4245.434    536870912    268435456
       65536         8192        7772.943   1073741824    536870912
       65536        16384       14995.646   2147483648   1073741824
       65536        32768       28907.698   4294967296   2147483648
      131072            1          12.960       262144       131072
      131072            2           5.870       524288       262144
      131072            4           8.829      1048576       524288
      131072            8          15.151      2097152      1048576
      131072           16          27.924      4194304      2097152
      131072           32          61.162      8388608      4194304
      131072           64         106.541     16777216      8388608
      131072          128         210.683     33554432     16777216
      131072          256         390.592     67108864     33554432
      131072          512         745.543    134217728     67108864
      131072         1024        2135.482    268435456    134217728
      131072         2048        4570.724    536870912    268435456
      131072         4096        6206.993   1073741824    536870912
      131072         8192       13181.019   2147483648   1073741824
      131072        16384       26862.975   4294967296   2147483648
      262144            1          22.981       524288       262144
      262144            2          10.611      1048576       524288
      262144            4          16.560      2097152      1048576
      262144            8          28.490      4194304      2097152
      262144           16          52.890      8388608      4194304
      262144           32         108.810     16777216      8388608
      262144           64         202.804     33554432     16777216
      262144          128         401.553     67108864     33554432
      262144          256         727.440    134217728     67108864
      262144          512        1579.034    268435456    134217728
      262144         1024        3417.366    536870912    268435456
      262144         2048        7000.497   1073741824    536870912
      262144         4096       14456.158   2147483648   1073741824
      262144         8192       28589.886   4294967296   2147483648
      524288            1          45.635      1048576       524288
      524288            2          21.846      2097152      1048576
      524288            4          38.876      4194304      2097152
      524288            8          56.117      8388608      4194304
      524288           16         106.001     16777216      8388608
      524288           32         204.901     33554432     16777216
      524288           64         389.807     67108864     33554432
      524288          128         715.519    134217728     67108864
      524288          256        1610.121    268435456    134217728
      524288          512        3608.314    536870912    268435456
      524288         1024        7401.220   1073741824    536870912
      524288         2048       14046.903   2147483648   1073741824
      524288         4096       29898.500   4294967296   2147483648
     1048576            1          85.684      2097152      1048576
     1048576            2          44.097      4194304      2097152
     1048576            4          63.648      8388608      4194304
     1048576            8         112.333     16777216      8388608
     1048576           16         228.427     33554432     16777216
     1048576           32         384.773     67108864     33554432
     1048576           64         972.422    134217728     67108864
     1048576          128        1929.066    268435456    134217728
     1048576          256        3889.884    536870912    268435456
     1048576          512        8207.446   1073741824    536870912
     1048576         1024       15960.172   2147483648   1073741824
     1048576         2048       32403.730   4294967296   2147483648
     2097152            1         172.376      4194304      2097152
     2097152            2         187.750      8388608      4194304
     2097152            4         231.007     16777216      8388608
     2097152            8         384.931     33554432     16777216
     2097152           16         625.908     67108864     33554432
     2097152           32        1232.339    134217728     67108864
     2097152           64        2318.019    268435456    134217728
     2097152          128        4434.565    536870912    268435456
     2097152          256       10371.219   1073741824    536870912
     2097152          512       14633.787   2147483648   1073741824
     2097152         1024       33762.802   4294967296   2147483648
     4194304            1         350.794      8388608      4194304
     4194304            2         586.080     16777216      8388608
     4194304            4         445.136     33554432     16777216
     4194304            8         717.775     67108864     33554432
     4194304           16        1346.537    134217728     67108864
     4194304           32        2533.992    268435456    134217728
     4194304           64        4831.688    536870912    268435456
     4194304          128       10174.573   1073741824    536870912
     4194304          256       20619.766   2147483648   1073741824
     4194304          512       42727.249   4294967296   2147483648
     8388608            1         697.013     16777216      8388608
     8388608            2        1146.642     33554432     16777216
     8388608            4        1347.195     67108864     33554432
     8388608            8        1210.292    134217728     67108864
     8388608           16        1984.298    268435456    134217728
     8388608           32        4232.841    536870912    268435456
     8388608           64       10179.280   1073741824    536870912
     8388608          128       18266.850   2147483648   1073741824
     8388608          256       34858.977   4294967296   2147483648
    16777216            1        1588.014     33554432     16777216
    16777216            2        2052.432     67108864     33554432
    16777216            4        1913.342    134217728     67108864
    16777216            8        3778.703    268435456    134217728
    16777216           16        6659.695    536870912    268435456
    16777216           32       13025.325   1073741824    536870912
    16777216           64       28929.300   2147483648   1073741824
    16777216          128       52629.431   4294967296   2147483648
    33554432            1        2708.613     67108864     33554432
    33554432            2        5239.065    134217728     67108864
    33554432            4        9218.286    268435456    134217728
    33554432            8       13728.513    536870912    268435456
    33554432           16       24220.917   1073741824    536870912
    33554432           32       49032.031   2147483648   1073741824
    33554432           64       99037.594   4294967296   2147483648
    67108864            1        5441.395    134217728     67108864
    67108864            2       10873.195    268435456    134217728
    67108864            4       16552.349    536870912    268435456
    67108864            8       29754.554   1073741824    536870912
    67108864           16       56047.136   2147483648   1073741824
    67108864           32      109094.000   4294967296   2147483648
   134217728            1       10573.284    268435456    134217728
   134217728            2       22709.830    536870912    268435456
   134217728            4       34429.975   1073741824    536870912
   134217728            8       61632.481   2147483648   1073741824
   134217728           16      108342.633   4294967296   2147483648
   268435456            1       22356.079    536870912    268435456
   268435456            2       40079.661   1073741824    536870912
   268435456            4       58652.352   2147483648   1073741824
   268435456            8      105575.138   4294967296   2147483648
   536870912            1       39748.515   1073741824    536870912
   536870912            2       74836.759   2147483648   1073741824
   536870912            4      119271.546   4294967296   2147483648
  1073741824            1       79311.092   2147483648   1073741824
  1073741824            2      160837.707   4294967296   2147483648
  2147483648            1      146088.752   4294967296   2147483648

META_DATA
FLOPS          8
OPENMP_THREADS 1
ERT_VERSION  1.1.0
HOSTNAME  ('areeba-vm', [], ['127.0.1.1'])
UNAME  uname_result(system='Linux', node='areeba-vm', release='6.17.0-23-generic', version='#23~24.04.1-Ubuntu SMP PREEMPT_DYNAMIC Tue Apr 14 16:11:48 UTC 2', machine='x86_64')
TIMESTAMP_DATA  1778236640.8424628
CONFIG  {'ERT_RESULTS': ['roofline/mylaptop/Results'], 'ERT_DRIVER': ['driver1'], 'ERT_KERNEL': ['kernel1'], 'ERT_MPI': ['False'], 'ERT_MPI_CFLAGS': [], 'ERT_MPI_LDFLAGS': [], 'ERT_MPI_PROCS': ['1'], 'ERT_OPENMP': ['True'], 'ERT_OPENMP_CFLAGS': ['-fopenmp'], 'ERT_OPENMP_LDFLAGS': ['-fopenmp'], 'ERT_OPENMP_THREADS': ['1,2,4'], 'ERT_GPU': ['False'], 'ERT_GPU_CFLAGS': [], 'ERT_GPU_LDFLAGS': [], 'ERT_GPU_BLOCKS': ['1'], 'ERT_GPU_THREADS': ['1'], 'ERT_HIP': ['False'], 'ERT_OCL': ['False'], 'ERT_SYCL': ['False'], 'ERT_FLOPS': ['1,2,4,8'], 'ERT_ALIGN': ['32'], 'ERT_CC': ['g++'], 'ERT_CFLAGS': ['-O3', '-march=native', '-mavx2', '-mfma', '-ffast-math'], 'ERT_LD': ['g++'], 'ERT_LDFLAGS': [], 'ERT_LDLIBS': [], 'ERT_PRECISION': ['FP64'], 'ERT_PROCS_THREADS': ['6'], 'ERT_BLOCKS_THREADS': ['1'], 'ERT_WORKING_SET_MIN': ['1'], 'ERT_MEMORY_MAX': ['2147483648'], 'ERT_WSS_MULT': ['2.0'], 'ERT_TRIALS_MIN': ['1'], 'ERT_NUM_EXPERIMENTS': ['1'], 'ERT_RUN': ['OMP_NUM_THREADS=ERT_OPENMP_THREADS', './ERT_CODE'], 'ERT_GNUPLOT': ['False']}
