fp64
 32 67108864 314288.032 314288.032 314288.032 13.665704254370082 13.665704254370082 13.665704254370082 6.832852127185041 6.832852127185041 6.832852127185041
 64 33554432 158382.741 158382.741 158382.741 27.117647218897417 27.117647218897417 27.117647218897417 13.558823609448709 13.558823609448709 13.558823609448709
 128 16777216 93222.323 93222.323 93222.323 46.072304977853854 46.072304977853854 46.072304977853854 23.036152488926927 23.036152488926927 23.036152488926927
 256 8388608 43929.461 43929.461 43929.461 97.76963336745698 97.76963336745698 97.76963336745698 48.88481668372849 48.88481668372849 48.88481668372849
 512 4194304 23415.466 23415.466 23415.466 183.42437840015657 183.42437840015657 183.42437840015657 91.71218920007829 91.71218920007829 91.71218920007829
 1024 2097152 16838.92 16838.92 16838.92 255.06192178595782 255.06192178595782 255.06192178595782 127.53096089297891 127.53096089297891 127.53096089297891
 2048 1048576 8412.258 8412.258 8412.258 510.56057672030505 510.56057672030505 510.56057672030505 255.28028836015253 255.28028836015253 255.28028836015253
 4096 524288 10379.834 10379.834 10379.834 413.7799598721906 413.7799598721906 413.7799598721906 206.8899799360953 206.8899799360953 206.8899799360953
 8192 262144 8365.006 8365.006 8365.006 513.4446162979441 513.4446162979441 513.4446162979441 256.72230814897205 256.72230814897205 256.72230814897205
 16384 131072 7783.755 7783.755 7783.755 551.7860333476581 551.7860333476581 551.7860333476581 275.89301667382904 275.89301667382904 275.89301667382904
 32768 65536 8445.689 8445.689 8445.689 508.53959884149174 508.53959884149174 508.53959884149174 254.26979942074587 254.26979942074587 254.26979942074587
 65536 32768 7729.352 7729.352 7729.352 555.669776198574 555.669776198574 555.669776198574 277.834888099287 277.834888099287 277.834888099287
 131072 16384 7673.408 7673.408 7673.408 559.7209604910881 559.7209604910881 559.7209604910881 279.86048024554407 279.86048024554407 279.86048024554407
 262144 8192 7757.952 7757.952 7757.952 553.6212773680477 553.6212773680477 553.6212773680477 276.81063868402384 276.81063868402384 276.81063868402384
 524288 4096 7513.6 7513.6 7513.6 571.6257580919931 571.6257580919931 571.6257580919931 285.81287904599657 285.81287904599657 285.81287904599657
 1048576 2048 7476.864 7476.864 7476.864 574.4343211271464 574.4343211271464 574.4343211271464 287.2171605635732 287.2171605635732 287.2171605635732
 2097152 1024 7559.87 7559.87 7559.87 568.1271365777454 568.1271365777454 568.1271365777454 284.0635682888727 284.0635682888727 284.0635682888727
 4194304 512 8503.763 8503.763 8503.763 505.06667413002924 505.06667413002924 505.06667413002924 252.53333706501462 252.53333706501462 252.53333706501462
 8388608 256 11159.068 11159.068 11159.068 384.8858431546434 384.8858431546434 384.8858431546434 192.4429215773217 192.4429215773217 192.4429215773217
 16777216 128 16680.227 16680.227 16680.227 257.4885399341388 257.4885399341388 257.4885399341388 128.7442699670694 128.7442699670694 128.7442699670694
 33554432 64 25275.677 25275.677 25275.677 169.9249161951231 169.9249161951231 169.9249161951231 84.96245809756155 84.96245809756155 84.96245809756155
 67108864 32 37660.074 37660.074 37660.074 114.04564143979111 114.04564143979111 114.04564143979111 57.022820719895556 57.022820719895556 57.022820719895556
 134217728 16 46098.515 46098.515 46098.515 93.16932000954912 93.16932000954912 93.16932000954912 46.58466000477456 46.58466000477456 46.58466000477456
 268435456 8 48822.571 48822.571 48822.571 87.97093655719196 87.97093655719196 87.97093655719196 43.98546827859598 43.98546827859598 43.98546827859598
 536870912 4 55470.754 55470.754 55470.754 77.42759898306052 77.42759898306052 77.42759898306052 38.71379949153026 38.71379949153026 38.71379949153026
 1073741824 2 85953.537 85953.537 85953.537 49.968476527033445 49.968476527033445 49.968476527033445 24.984238263516723 24.984238263516723 24.984238263516723
 2147483648 1 85620.798 85620.798 85620.798 50.162663702340176 50.162663702340176 50.162663702340176 25.081331851170088 25.081331851170088 25.081331851170088
 
META_DATA
 FLOPS          8
 OPENMP_THREADS 4
 ERT_VERSION  1.1.0
 HOSTNAME  ('areeba-vm', [], ['127.0.1.1'])
 UNAME  uname_result(system='Linux', node='areeba-vm', release='6.17.0-23-generic', version='#23~24.04.1-Ubuntu SMP PREEMPT_DYNAMIC Tue Apr 14 16:11:48 UTC 2', machine='x86_64')
 TIMESTAMP_DATA  1778236660.6944568
 CONFIG  {'ERT_RESULTS': ['roofline/mylaptop/Results'], 'ERT_DRIVER': ['driver1'], 'ERT_KERNEL': ['kernel1'], 'ERT_MPI': ['False'], 'ERT_MPI_CFLAGS': [], 'ERT_MPI_LDFLAGS': [], 'ERT_MPI_PROCS': ['1'], 'ERT_OPENMP': ['True'], 'ERT_OPENMP_CFLAGS': ['-fopenmp'], 'ERT_OPENMP_LDFLAGS': ['-fopenmp'], 'ERT_OPENMP_THREADS': ['1,2,4'], 'ERT_GPU': ['False'], 'ERT_GPU_CFLAGS': [], 'ERT_GPU_LDFLAGS': [], 'ERT_GPU_BLOCKS': ['1'], 'ERT_GPU_THREADS': ['1'], 'ERT_HIP': ['False'], 'ERT_OCL': ['False'], 'ERT_SYCL': ['False'], 'ERT_FLOPS': ['1,2,4,8'], 'ERT_ALIGN': ['32'], 'ERT_CC': ['g++'], 'ERT_CFLAGS': ['-O3', '-march=native', '-mavx2', '-mfma', '-ffast-math'], 'ERT_LD': ['g++'], 'ERT_LDFLAGS': [], 'ERT_LDLIBS': [], 'ERT_PRECISION': ['FP64'], 'ERT_PROCS_THREADS': ['6'], 'ERT_BLOCKS_THREADS': ['1'], 'ERT_WORKING_SET_MIN': ['1'], 'ERT_MEMORY_MAX': ['2147483648'], 'ERT_WSS_MULT': ['2.0'], 'ERT_TRIALS_MIN': ['1'], 'ERT_NUM_EXPERIMENTS': ['1'], 'ERT_RUN': ['OMP_NUM_THREADS=ERT_OPENMP_THREADS', './ERT_CODE'], 'ERT_GNUPLOT': ['False']}
 