fp64

32 1 2.578 2.578 2.578 0.024825446082234293 0.024825446082234293 0.024825446082234293 0.012412723041117147 0.012412723041117147 0.012412723041117147
32 2 0.674 0.674 0.674 0.18991097922848665 0.18991097922848665 0.18991097922848665 0.09495548961424333 0.09495548961424333 0.09495548961424333
32 4 0.606 0.606 0.606 0.42244224422442245 0.42244224422442245 0.42244224422442245 0.21122112211221122 0.21122112211221122 0.21122112211221122
32 8 0.581 0.581 0.581 0.881239242685026 0.881239242685026 0.881239242685026 0.440619621342513 0.440619621342513 0.440619621342513
32 16 0.583 0.583 0.583 1.756432246998285 1.756432246998285 1.756432246998285 0.8782161234991425 0.8782161234991425 0.8782161234991425
32 32 0.654 0.654 0.654 3.1314984709480123 3.1314984709480123 3.1314984709480123 1.5657492354740061 1.5657492354740061 1.5657492354740061
32 64 0.8 0.8 0.8 5.12 5.12 5.12 2.56 2.56 2.56
32 128 1.088 1.088 1.088 7.529411764705883 7.529411764705883 7.529411764705883 3.7647058823529416 3.7647058823529416 3.7647058823529416
32 256 1.666 1.666 1.666 9.834333733493398 9.834333733493398 9.834333733493398 4.917166866746699 4.917166866746699 4.917166866746699
32 512 2.815 2.815 2.815 11.640497335701598 11.640497335701598 11.640497335701598 5.820248667850799 5.820248667850799 5.820248667850799
32 1024 5.119 5.119 5.119 12.802500488376637 12.802500488376637 12.802500488376637 6.401250244188319 6.401250244188319 6.401250244188319
32 2048 9.594 9.594 9.594 13.66187200333542 13.66187200333542 13.66187200333542 6.83093600166771 6.83093600166771 6.83093600166771
32 4096 19.269 19.269 19.269 13.604442368571283 13.604442368571283 13.604442368571283 6.802221184285641 6.802221184285641 6.802221184285641
32 8192 38.744 38.744 38.744 13.532108197398308 13.532108197398308 13.532108197398308 6.766054098699154 6.766054098699154 6.766054098699154
32 16384 77.577 77.577 77.577 13.516583523467009 13.516583523467009 13.516583523467009 6.7582917617335045 6.7582917617335045 6.7582917617335045
32 32768 155.335 155.335 155.335 13.500833682042037 13.500833682042037 13.500833682042037 6.750416841021019 6.750416841021019 6.750416841021019
32 65536 325.119 325.119 325.119 12.900827081776212 12.900827081776212 12.900827081776212 6.450413540888106 6.450413540888106 6.450413540888106
32 131072 710.56 710.56 710.56 11.805629362756138 11.805629362756138 11.805629362756138 5.902814681378069 5.902814681378069 5.902814681378069
32 262144 1317.553 1317.553 1317.553 12.733617547074006 12.733617547074006 12.733617547074006 6.366808773537003 6.366808773537003 6.366808773537003
32 524288 2504.344 2504.344 2504.344 13.398491581028805 13.398491581028805 13.398491581028805 6.699245790514403 6.699245790514403 6.699245790514403
32 1048576 5015.239 5015.239 5015.239 13.38099021801354 13.38099021801354 13.38099021801354 6.69049510900677 6.69049510900677 6.69049510900677
32 2097152 10007.079 10007.079 10007.079 13.41227824822808 13.41227824822808 13.41227824822808 6.70613912411404 6.70613912411404 6.70613912411404
32 4194304 19654.363 19654.363 19654.363 13.657804936237312 13.657804936237312 13.657804936237312 6.828902468118656 6.828902468118656 6.828902468118656
32 8388608 39342.839 39342.839 39342.839 13.64596266171844 13.64596266171844 13.64596266171844 6.82298133085922 6.82298133085922 6.82298133085922
32 16777216 86819.717 86819.717 86819.717 12.367488182436716 12.367488182436716 12.367488182436716 6.183744091218358 6.183744091218358 6.183744091218358
32 33554432 174260.459 174260.459 174260.459 12.323413242013784 12.323413242013784 12.323413242013784 6.161706621006892 6.161706621006892 6.161706621006892
32 67108864 314288.032 314288.032 314288.032 13.665704254370082 13.665704254370082 13.665704254370082 6.832852127185041 6.832852127185041 6.832852127185041

64 1 2.121 2.121 2.121 0.06034889203206035 0.06034889203206035 0.06034889203206035 0.030174446016030174 0.030174446016030174 0.030174446016030174
64 2 0.593 0.593 0.593 0.43170320404721757 0.43170320404721757 0.43170320404721757 0.21585160202360879 0.21585160202360879 0.21585160202360879
64 4 0.607 0.607 0.607 0.8434925864909392 0.8434925864909392 0.8434925864909392 0.4217462932454696 0.4217462932454696 0.4217462932454696
64 8 0.584 0.584 0.584 1.753424657534247 1.753424657534247 1.753424657534247 0.8767123287671235 0.8767123287671235 0.8767123287671235
64 16 0.586 0.586 0.586 3.494880546075086 3.494880546075086 3.494880546075086 1.747440273037543 1.747440273037543 1.747440273037543
64 32 0.648 0.648 0.648 6.320987654320988 6.320987654320988 6.320987654320988 3.160493827160494 3.160493827160494 3.160493827160494
64 64 0.793 0.793 0.793 10.330390920554855 10.330390920554855 10.330390920554855 5.1651954602774275 5.1651954602774275 5.1651954602774275
64 128 1.08 1.08 1.08 15.170370370370371 15.170370370370371 15.170370370370371 7.5851851851851855 7.5851851851851855 7.5851851851851855
64 256 1.659 1.659 1.659 19.751657625075346 19.751657625075346 19.751657625075346 9.875828812537673 9.875828812537673 9.875828812537673
64 512 2.809 2.809 2.809 23.330722677109293 23.330722677109293 23.330722677109293 11.665361338554646 11.665361338554646 11.665361338554646
64 1024 5.12 5.12 5.12 25.6 25.6 25.6 12.8 12.8 12.8
64 2048 9.755 9.755 9.755 26.872783188108663 26.872783188108663 26.872783188108663 13.436391594054331 13.436391594054331 13.436391594054331
64 4096 18.795 18.795 18.795 27.895078478318702 27.895078478318702 27.895078478318702 13.947539239159351 13.947539239159351 13.947539239159351
64 8192 37.805 37.805 37.805 27.736436979235553 27.736436979235553 27.736436979235553 13.868218489617776 13.868218489617776 13.868218489617776
64 16384 89.419 89.419 89.419 23.45309162482247 23.45309162482247 23.45309162482247 11.726545812411235 11.726545812411235 11.726545812411235
64 32768 151.559 151.559 151.559 27.674397429383937 27.674397429383937 27.674397429383937 13.837198714691969 13.837198714691969 13.837198714691969
64 65536 304.737 304.737 304.737 27.52736950222651 27.52736950222651 27.52736950222651 13.763684751113255 13.763684751113255 13.763684751113255
64 131072 782.082 782.082 782.082 21.45199096769904 21.45199096769904 21.45199096769904 10.72599548384952 10.72599548384952 10.72599548384952
64 262144 1196.144 1196.144 1196.144 28.052167631990795 28.052167631990795 28.052167631990795 14.026083815995397 14.026083815995397 14.026083815995397
64 524288 2394.493 2394.493 2394.493 28.026335428836084 28.026335428836084 28.026335428836084 14.013167714418042 14.013167714418042 14.013167714418042
64 1048576 4793.587 4793.587 4793.587 27.99943507857477 27.99943507857477 27.99943507857477 13.999717539287385 13.999717539287385 13.999717539287385
64 2097152 9543.529 9543.529 9543.529 28.12748365934656 28.12748365934656 28.12748365934656 14.06374182967328 14.06374182967328 14.06374182967328
64 4194304 19093.994 19093.994 19093.994 28.117266193757054 28.117266193757054 28.117266193757054 14.058633096878527 14.058633096878527 14.058633096878527
64 8388608 37808.96 37808.96 37808.96 28.399136712567604 28.399136712567604 28.399136712567604 14.199568356283802 14.199568356283802 14.199568356283802
64 16777216 76822.833 76822.833 76822.833 27.953715895897776 27.953715895897776 27.953715895897776 13.976857947948888 13.976857947948888 13.976857947948888
64 33554432 158382.741 158382.741 158382.741 27.117647218897417 27.117647218897417 27.117647218897417 13.558823609448709 13.558823609448709 13.558823609448709

128 1 1.843 1.843 1.843 0.138903960933261 0.138903960933261 0.138903960933261 0.0694519804666305 0.0694519804666305 0.0694519804666305
128 2 0.774 0.774 0.774 0.661498708010336 0.661498708010336 0.661498708010336 0.330749354005168 0.330749354005168 0.330749354005168
128 4 0.614 0.614 0.614 1.667752442996743 1.667752442996743 1.667752442996743 0.8338762214983715 0.8338762214983715 0.8338762214983715
128 8 0.614 0.614 0.614 3.335504885993486 3.335504885993486 3.335504885993486 1.667752442996743 1.667752442996743 1.667752442996743
128 16 0.628 0.628 0.628 6.5222929936305745 6.5222929936305745 6.5222929936305745 3.2611464968152872 3.2611464968152872 3.2611464968152872
128 32 0.691 0.691 0.691 11.855282199710567 11.855282199710567 11.855282199710567 5.9276410998552835 5.9276410998552835 5.9276410998552835
128 64 0.844 0.844 0.844 19.412322274881518 19.412322274881518 19.412322274881518 9.706161137440759 9.706161137440759 9.706161137440759
128 128 1.253 1.253 1.253 26.151636073423788 26.151636073423788 26.151636073423788 13.075818036711894 13.075818036711894 13.075818036711894
128 256 1.931 1.931 1.931 33.93889176592439 33.93889176592439 33.93889176592439 16.969445882962194 16.969445882962194 16.969445882962194
128 512 3.657 3.657 3.657 35.84140005468964 35.84140005468964 35.84140005468964 17.92070002734482 17.92070002734482 17.92070002734482
128 1024 7.941 7.941 7.941 33.01145951391513 33.01145951391513 33.01145951391513 16.505729756957564 16.505729756957564 16.505729756957564
128 2048 14.517 14.517 14.517 36.11545085072674 36.11545085072674 36.11545085072674 18.05772542536337 18.05772542536337 18.05772542536337
128 4096 29.38 29.38 29.38 35.69012933968686 35.69012933968686 35.69012933968686 17.84506466984343 17.84506466984343 17.84506466984343
128 8192 58.936 58.936 58.936 35.58354825573504 35.58354825573504 35.58354825573504 17.79177412786752 17.79177412786752 17.79177412786752
128 16384 118.133 118.133 118.133 35.50493088298782 35.50493088298782 35.50493088298782 17.75246544149391 17.75246544149391 17.75246544149391
128 32768 236.403 236.403 236.403 35.484355105476666 35.484355105476666 35.484355105476666 17.742177552738333 17.742177552738333 17.742177552738333
128 65536 696.376 696.376 696.376 24.092180086619877 24.092180086619877 24.092180086619877 12.046090043309938 12.046090043309938 12.046090043309938
128 131072 995.089 995.089 995.089 33.72003107259753 33.72003107259753 33.72003107259753 16.860015536298764 16.860015536298764 16.860015536298764
128 262144 2411.306 2411.306 2411.306 27.830919841778687 27.830919841778687 27.830919841778687 13.915459920889344 13.915459920889344 13.915459920889344
128 524288 3107.107 3107.107 3107.107 43.19700866432988 43.19700866432988 43.19700866432988 21.59850433216494 21.59850433216494 21.59850433216494
128 1048576 5515.165 5515.165 5515.165 48.67224389478828 48.67224389478828 48.67224389478828 24.33612194739414 24.33612194739414 24.33612194739414
128 2097152 12174.268 12174.268 12174.268 44.098824832835945 44.098824832835945 44.098824832835945 22.049412416417972 22.049412416417972 22.049412416417972
128 4194304 21426.505 21426.505 21426.505 50.112784329502176 50.112784329502176 50.112784329502176 25.056392164751088 25.056392164751088 25.056392164751088
128 8388608 44410.322 44410.322 44410.322 48.355507262478305 48.355507262478305 48.355507262478305 24.177753631239153 24.177753631239153 24.177753631239153
128 16777216 93222.323 93222.323 93222.323 46.072304977853854 46.072304977853854 46.072304977853854 23.036152488926927 23.036152488926927 23.036152488926927

256 1 1.106 1.106 1.106 0.4629294755877034 0.4629294755877034 0.4629294755877034 0.2314647377938517 0.2314647377938517 0.2314647377938517
256 2 0.629 0.629 0.629 1.6279809220985693 1.6279809220985693 1.6279809220985693 0.8139904610492846 0.8139904610492846 0.8139904610492846
256 4 0.639 0.639 0.639 3.2050078247261347 3.2050078247261347 3.2050078247261347 1.6025039123630673 1.6025039123630673 1.6025039123630673
256 8 0.655 0.655 0.655 6.253435114503818 6.253435114503818 6.253435114503818 3.126717557251909 3.126717557251909 3.126717557251909
256 16 0.636 0.636 0.636 12.880503144654089 12.880503144654089 12.880503144654089 6.440251572327044 6.440251572327044 6.440251572327044
256 32 0.71 0.71 0.71 23.07605633802817 23.07605633802817 23.07605633802817 11.538028169014085 11.538028169014085 11.538028169014085
256 64 0.869 0.869 0.869 37.70771001150749 37.70771001150749 37.70771001150749 18.853855005753744 18.853855005753744 18.853855005753744
256 128 1.188 1.188 1.188 55.16498316498318 55.16498316498318 55.16498316498318 27.58249158249159 27.58249158249159 27.58249158249159
256 256 1.824 1.824 1.824 71.85964912280703 71.85964912280703 71.85964912280703 35.929824561403514 35.929824561403514 35.929824561403514
256 512 3.127 3.127 3.127 83.8324272465622 83.8324272465622 83.8324272465622 41.9162136232811 41.9162136232811 41.9162136232811
256 1024 5.744 5.744 5.744 91.2757660167131 91.2757660167131 91.2757660167131 45.63788300835655 45.63788300835655 45.63788300835655
256 2048 10.95 10.95 10.95 95.76036529680367 95.76036529680367 95.76036529680367 47.880182648401835 47.880182648401835 47.880182648401835
256 4096 21.359 21.359 21.359 98.18587012500585 98.18587012500585 98.18587012500585 49.092935062502924 49.092935062502924 49.092935062502924
256 8192 42.157 42.157 42.157 99.49246862917192 99.49246862917192 99.49246862917192 49.74623431458596 49.74623431458596 49.74623431458596
256 16384 91.377 91.377 91.377 91.80218216837937 91.80218216837937 91.80218216837937 45.90109108418969 45.90109108418969 45.90109108418969
256 32768 178.675 178.675 178.675 93.89794878970197 93.89794878970197 93.89794878970197 46.948974394850985 46.948974394850985 46.948974394850985
256 65536 343.623 343.623 343.623 97.64896994671487 97.64896994671487 97.64896994671487 48.824484973357436 48.824484973357436 48.824484973357436
256 131072 698.592 698.592 698.592 96.06302963675509 96.06302963675509 96.06302963675509 48.031514818377545 48.031514818377545 48.031514818377545
256 262144 1315.509 1315.509 1315.509 102.02722140251416 102.02722140251416 102.02722140251416 51.01361070125708 51.01361070125708 51.01361070125708
256 524288 2638.456 2638.456 2638.456 101.73959922014997 101.73959922014997 101.73959922014997 50.869799610074985 50.869799610074985 50.869799610074985
256 1048576 5287.654 5287.654 5287.654 101.53291270571033 101.53291270571033 101.53291270571033 50.766456352855165 50.766456352855165 50.766456352855165
256 2097152 11425.709 11425.709 11425.709 93.97594705063817 93.97594705063817 93.97594705063817 46.987973525319084 46.987973525319084 46.987973525319084
256 4194304 21163.44 21163.44 21163.44 101.4713887723357 101.4713887723357 101.4713887723357 50.73569438616785 50.73569438616785 50.73569438616785
256 8388608 43929.461 43929.461 43929.461 97.76963336745698 97.76963336745698 97.76963336745698 48.88481668372849 48.88481668372849 48.88481668372849

512 1 1.442 1.442 1.442 0.7101248266296811 0.7101248266296811 0.7101248266296811 0.35506241331484056 0.35506241331484056 0.35506241331484056
512 2 0.754 0.754 0.754 2.7161803713527854 2.7161803713527854 2.7161803713527854 1.3580901856763927 1.3580901856763927 1.3580901856763927
512 4 0.629 0.629 0.629 6.511923688394277 6.511923688394277 6.511923688394277 3.2559618441971385 3.2559618441971385 3.2559618441971385
512 8 0.726 0.726 0.726 11.28374655647383 11.28374655647383 11.28374655647383 5.641873278236915 5.641873278236915 5.641873278236915
512 16 0.654 0.654 0.654 25.051987767584098 25.051987767584098 25.051987767584098 12.525993883792049 12.525993883792049 12.525993883792049
512 32 0.73 0.73 0.73 44.88767123287671 44.88767123287671 44.88767123287671 22.443835616438356 22.443835616438356 22.443835616438356
512 64 0.88 0.88 0.88 74.47272727272727 74.47272727272727 74.47272727272727 37.236363636363635 37.236363636363635 37.236363636363635
512 128 1.195 1.195 1.195 109.68368200836821 109.68368200836821 109.68368200836821 54.841841004184104 54.841841004184104 54.841841004184104
512 256 1.854 1.854 1.854 141.39374325782092 141.39374325782092 141.39374325782092 70.69687162891046 70.69687162891046 70.69687162891046
512 512 3.138 3.138 3.138 167.07711918419378 167.07711918419378 167.07711918419378 83.53855959209689 83.53855959209689 83.53855959209689
512 1024 5.719 5.719 5.719 183.34953663227836 183.34953663227836 183.34953663227836 91.67476831613918 91.67476831613918 91.67476831613918
512 2048 10.93 10.93 10.93 191.8711802378774 191.8711802378774 191.8711802378774 95.9355901189387 95.9355901189387 95.9355901189387
512 4096 21.043 21.043 21.043 199.32062918785348 199.32062918785348 199.32062918785348 99.66031459392674 99.66031459392674 99.66031459392674
512 8192 42.321 42.321 42.321 198.21384182793415 198.21384182793415 198.21384182793415 99.10692091396707 99.10692091396707 99.10692091396707
512 16384 84.9 84.9 84.9 197.61149587750296 197.61149587750296 197.61149587750296 98.80574793875148 98.80574793875148 98.80574793875148
512 32768 170.02 170.02 170.02 197.35579343606636 197.35579343606636 197.35579343606636 98.67789671803318 98.67789671803318 98.67789671803318
512 65536 340.139 340.139 340.139 197.29835155627555 197.29835155627555 197.29835155627555 98.64917577813777 98.64917577813777 98.64917577813777
512 131072 721.773 721.773 721.773 185.95559545729753 185.95559545729753 185.95559545729753 92.97779772864877 92.97779772864877 92.97779772864877
512 262144 1471.117 1471.117 1471.117 182.47050098666526 182.47050098666526 182.47050098666526 91.23525049333263 91.23525049333263 91.23525049333263
512 524288 2975.732 2975.732 2975.732 180.4164192205481 180.4164192205481 180.4164192205481 90.20820961027405 90.20820961027405 90.20820961027405
512 1048576 5917.035 5917.035 5917.035 181.46619447071043 181.46619447071043 181.46619447071043 90.73309723535522 90.73309723535522 90.73309723535522
512 2097152 12593.033 12593.033 12593.033 170.52950214614702 170.52950214614702 170.52950214614702 85.26475107307351 85.26475107307351 85.26475107307351
512 4194304 23415.466 23415.466 23415.466 183.42437840015657 183.42437840015657 183.42437840015657 91.71218920007829 91.71218920007829 91.71218920007829

1024 1 2.142 2.142 2.142 0.9561157796451915 0.9561157796451915 0.9561157796451915 0.4780578898225957 0.4780578898225957 0.4780578898225957
1024 2 0.723 0.723 0.723 5.665283540802213 5.665283540802213 5.665283540802213 2.8326417704011067 2.8326417704011067 2.8326417704011067
1024 4 0.677 0.677 0.677 12.100443131462335 12.100443131462335 12.100443131462335 6.050221565731167 6.050221565731167 6.050221565731167
1024 8 0.675 0.675 0.675 24.272592592592595 24.272592592592595 24.272592592592595 12.136296296296297 12.136296296296297 12.136296296296297
1024 16 0.701 0.701 0.701 46.74465049928674 46.74465049928674 46.74465049928674 23.37232524964337 23.37232524964337 23.37232524964337
1024 32 0.788 0.788 0.788 83.16751269035534 83.16751269035534 83.16751269035534 41.58375634517767 41.58375634517767 41.58375634517767
1024 64 0.97 0.97 0.97 135.1257731958763 135.1257731958763 135.1257731958763 67.56288659793815 67.56288659793815 67.56288659793815
1024 128 1.326 1.326 1.326 197.6953242835596 197.6953242835596 197.6953242835596 98.8476621417798 98.8476621417798 98.8476621417798
1024 256 2.03 2.03 2.03 258.2699507389163 258.2699507389163 258.2699507389163 129.13497536945815 129.13497536945815 129.13497536945815
1024 512 3.475 3.475 3.475 301.7484892086331 301.7484892086331 301.7484892086331 150.87424460431654 150.87424460431654 150.87424460431654
1024 1024 6.097 6.097 6.097 343.9645727406922 343.9645727406922 343.9645727406922 171.9822863703461 171.9822863703461 171.9822863703461
1024 2048 13.131 13.131 13.131 319.41999847688675 319.41999847688675 319.41999847688675 159.70999923844337 159.70999923844337 159.70999923844337
1024 4096 43.051 43.051 43.051 194.8528024900699 194.8528024900699 194.8528024900699 97.42640124503495 97.42640124503495 97.42640124503495
1024 8192 50.045 50.045 50.045 335.24260165850734 335.24260165850734 335.24260165850734 167.62130082925367 167.62130082925367 167.62130082925367
1024 16384 100.386 100.386 100.386 334.2540991771761 334.2540991771761 334.2540991771761 167.12704958858805 167.12704958858805 167.12704958858805
1024 32768 216.209 216.209 216.209 310.38885522804327 310.38885522804327 310.38885522804327 155.19442761402163 155.19442761402163 155.19442761402163
1024 65536 401.503 401.503 401.503 334.28823196837885 334.28823196837885 334.28823196837885 167.14411598418943 167.14411598418943 167.14411598418943
1024 131072 874.953 874.953 874.953 306.79985782093445 306.79985782093445 306.79985782093445 153.39992891046722 153.39992891046722 153.39992891046722
1024 262144 1744.977 1744.977 1744.977 307.66646895632437 307.66646895632437 307.66646895632437 153.83323447816218 153.83323447816218 153.83323447816218
1024 524288 3465.77 3465.77 3465.77 309.8133528768499 309.8133528768499 309.8133528768499 154.90667643842494 154.90667643842494 154.90667643842494
1024 1048576 6023.74 6023.74 6023.74 356.5033763077424 356.5033763077424 356.5033763077424 178.2516881538712 178.2516881538712 178.2516881538712
1024 2097152 16838.92 16838.92 16838.92 255.06192178595782 255.06192178595782 255.06192178595782 127.53096089297891 127.53096089297891 127.53096089297891

2048 1 1.951 1.951 1.951 2.099436186570989 2.099436186570989 2.099436186570989 1.0497180932854946 1.0497180932854946 1.0497180932854946
2048 2 0.589 0.589 0.589 13.908319185059424 13.908319185059424 13.908319185059424 6.954159592529712 6.954159592529712 6.954159592529712
2048 4 0.71 0.71 0.71 23.07605633802817 23.07605633802817 23.07605633802817 11.538028169014085 11.538028169014085 11.538028169014085
2048 8 0.682 0.682 0.682 48.04692082111436 48.04692082111436 48.04692082111436 24.02346041055718 24.02346041055718 24.02346041055718
2048 16 0.696 0.696 0.696 94.1609195402299 94.1609195402299 94.1609195402299 47.08045977011495 47.08045977011495 47.08045977011495
2048 32 0.812 0.812 0.812 161.41871921182266 161.41871921182266 161.41871921182266 80.70935960591133 80.70935960591133 80.70935960591133
2048 64 1.047 1.047 1.047 250.3763132760268 250.3763132760268 250.3763132760268 125.1881566380134 125.1881566380134 125.1881566380134
2048 128 2.017 2.017 2.017 259.93455627169067 259.93455627169067 259.93455627169067 129.96727813584533 129.96727813584533 129.96727813584533
2048 256 3.714 3.714 3.714 282.3306408185245 282.3306408185245 282.3306408185245 141.16532040926225 141.16532040926225 141.16532040926225
2048 512 7.216 7.216 7.216 290.6252771618625 290.6252771618625 290.6252771618625 145.31263858093126 145.31263858093126 145.31263858093126
2048 1024 12.386 12.386 12.386 338.6326497658647 338.6326497658647 338.6326497658647 169.31632488293235 169.31632488293235 169.31632488293235
2048 2048 25.356 25.356 25.356 330.8332544565389 330.8332544565389 330.8332544565389 165.41662722826945 165.41662722826945 165.41662722826945
2048 4096 47.286 47.286 47.286 354.8030283804932 354.8030283804932 354.8030283804932 177.4015141902466 177.4015141902466 177.4015141902466
2048 8192 73.04 73.04 73.04 459.3980284775465 459.3980284775465 459.3980284775465 229.69901423877326 229.69901423877326 229.69901423877326
2048 16384 115.389 115.389 115.389 581.5880543206026 581.5880543206026 581.5880543206026 290.7940271603013 290.7940271603013 290.7940271603013
2048 32768 245.534 245.534 245.534 546.636017822379 546.636017822379 546.636017822379 273.3180089111895 273.3180089111895 273.3180089111895
2048 65536 493.955 493.955 493.955 543.4411150813334 543.4411150813334 543.4411150813334 271.7205575406667 271.7205575406667 271.7205575406667
2048 131072 930.182 930.182 930.182 577.1675994590306 577.1675994590306 577.1675994590306 288.5837997295153 288.5837997295153 288.5837997295153
2048 262144 2062.7 2062.7 2062.7 520.551618752121 520.551618752121 520.551618752121 260.2758093760605 260.2758093760605 260.2758093760605
2048 524288 4044.946 4044.946 4044.946 530.9053935454268 530.9053935454268 530.9053935454268 265.4526967727134 265.4526967727134 265.4526967727134
2048 1048576 8412.258 8412.258 8412.258 510.56057672030505 510.56057672030505 510.56057672030505 255.28028836015253 255.28028836015253 255.28028836015253

4096 1 2.97 2.97 2.97 2.758249158249158 2.758249158249158 2.758249158249158 1.379124579124579 1.379124579124579 1.379124579124579
4096 2 0.776 0.776 0.776 21.11340206185567 21.11340206185567 21.11340206185567 10.556701030927835 10.556701030927835 10.556701030927835
4096 4 0.878 0.878 0.878 37.321184510250575 37.321184510250575 37.321184510250575 18.660592255125287 18.660592255125287 18.660592255125287
4096 8 0.757 0.757 0.757 86.57331571994716 86.57331571994716 86.57331571994716 43.28665785997358 43.28665785997358 43.28665785997358
4096 16 0.849 0.849 0.849 154.3839811542992 154.3839811542992 154.3839811542992 77.1919905771496 77.1919905771496 77.1919905771496
4096 32 1.163 1.163 1.163 225.40326741186584 225.40326741186584 225.40326741186584 112.70163370593292 112.70163370593292 112.70163370593292
4096 64 1.507 1.507 1.507 347.901791639018 347.901791639018 347.901791639018 173.950895819509 173.950895819509 173.950895819509
4096 128 2.215 2.215 2.215 473.3977426636569 473.3977426636569 473.3977426636569 236.69887133182846 236.69887133182846 236.69887133182846
4096 256 6.4 6.4 6.4 327.68 327.68 327.68 163.84 163.84 163.84
4096 512 12.433 12.433 12.433 337.3525295584332 337.3525295584332 337.3525295584332 168.6762647792166 168.6762647792166 168.6762647792166
4096 1024 22.021 22.021 22.021 380.93674220062667 380.93674220062667 380.93674220062667 190.46837110031333 190.46837110031333 190.46837110031333
4096 2048 40.342 40.342 40.342 415.8746715581776 415.8746715581776 415.8746715581776 207.9373357790888 207.9373357790888 207.9373357790888
4096 4096 88.232 88.232 88.232 380.29776044972346 380.29776044972346 380.29776044972346 190.14888022486173 190.14888022486173 190.14888022486173
4096 8192 121.875 121.875 121.875 550.6368328205128 550.6368328205128 550.6368328205128 275.3184164102564 275.3184164102564 275.3184164102564
4096 16384 4207.296 4207.296 4207.296 31.901184989123657 31.901184989123657 31.901184989123657 15.950592494561828 15.950592494561828 15.950592494561828
4096 32768 5617.438 5617.438 5617.438 47.7861003539336 47.7861003539336 47.7861003539336 23.8930501769668 23.8930501769668 23.8930501769668
4096 65536 5234.964 5234.964 5234.964 102.55484316606571 102.55484316606571 102.55484316606571 51.277421583032854 51.277421583032854 51.277421583032854
4096 131072 9435.192 9435.192 9435.192 113.80179905189001 113.80179905189001 113.80179905189001 56.90089952594501 56.90089952594501 56.90089952594501
4096 262144 12135.964 12135.964 12135.964 176.95204501265826 176.95204501265826 176.95204501265826 88.47602250632913 88.47602250632913 88.47602250632913
4096 524288 10379.834 10379.834 10379.834 413.7799598721906 413.7799598721906 413.7799598721906 206.8899799360953 206.8899799360953 206.8899799360953

8192 1 1.475 1.475 1.475 11.107796610169492 11.107796610169492 11.107796610169492 5.553898305084746 5.553898305084746 5.553898305084746
8192 2 0.839 0.839 0.839 39.05601907032182 39.05601907032182 39.05601907032182 19.52800953516091 19.52800953516091 19.52800953516091
8192 4 0.82 0.82 0.82 79.9219512195122 79.9219512195122 79.9219512195122 39.9609756097561 39.9609756097561 39.9609756097561
8192 8 0.9 0.9 0.9 145.63555555555556 145.63555555555556 145.63555555555556 72.81777777777778 72.81777777777778 72.81777777777778
8192 16 1.135 1.135 1.135 230.96387665198242 230.96387665198242 230.96387665198242 115.48193832599121 115.48193832599121 115.48193832599121
8192 32 1.594 1.594 1.594 328.9134253450439 328.9134253450439 328.9134253450439 164.45671267252195 164.45671267252195 164.45671267252195
8192 64 2.555 2.555 2.555 410.40156555772995 410.40156555772995 410.40156555772995 205.20078277886498 205.20078277886498 205.20078277886498
8192 128 4.146 4.146 4.146 505.8253738543175 505.8253738543175 505.8253738543175 252.91268692715875 252.91268692715875 252.91268692715875
8192 256 9.265 9.265 9.265 452.70415542363736 452.70415542363736 452.70415542363736 226.35207771181868 226.35207771181868 226.35207771181868
8192 512 16.683 16.683 16.683 502.82371276149377 502.82371276149377 502.82371276149377 251.41185638074688 251.41185638074688 251.41185638074688
8192 1024 33.374 33.374 33.374 502.70318211781625 502.70318211781625 502.70318211781625 251.35159105890813 251.35159105890813 251.35159105890813
8192 2048 66.673 66.673 66.673 503.26866947639974 503.26866947639974 503.26866947639974 251.63433473819987 251.63433473819987 251.63433473819987
8192 4096 133.527 133.527 133.527 502.586473147753 502.586473147753 502.586473147753 251.2932365738765 251.2932365738765 251.2932365738765
8192 8192 267.337 267.337 267.337 502.05444064981657 502.05444064981657 502.05444064981657 251.02722032490828 251.02722032490828 251.02722032490828
8192 16384 504.819 504.819 504.819 531.7459445860794 531.7459445860794 531.7459445860794 265.8729722930397 265.8729722930397 265.8729722930397
8192 32768 994.001 994.001 994.001 540.1110381176679 540.1110381176679 540.1110381176679 270.05551905883397 270.05551905883397 270.05551905883397
8192 65536 1981.819 1981.819 1981.819 541.7961095337163 541.7961095337163 541.7961095337163 270.89805476685814 270.89805476685814 270.89805476685814
8192 131072 4022.067 4022.067 4022.067 533.9253791644943 533.9253791644943 533.9253791644943 266.96268958224715 266.96268958224715 266.96268958224715
8192 262144 8365.006 8365.006 8365.006 513.4446162979441 513.4446162979441 513.4446162979441 256.72230814897205 256.72230814897205 256.72230814897205

16384 1 2.848 2.848 2.848 11.505617977528091 11.505617977528091 11.505617977528091 5.752808988764046 5.752808988764046 5.752808988764046
16384 2 0.925 0.925 0.925 70.84972972972973 70.84972972972973 70.84972972972973 35.424864864864865 35.424864864864865 35.424864864864865
16384 4 1.056 1.056 1.056 124.12121212121211 124.12121212121211 124.12121212121211 62.060606060606055 62.060606060606055 62.060606060606055
16384 8 2.874 2.874 2.874 91.21224773834378 91.21224773834378 91.21224773834378 45.60612386917189 45.60612386917189 45.60612386917189
16384 16 5.055 5.055 5.055 103.71671612265085 103.71671612265085 103.71671612265085 51.858358061325426 51.858358061325426 51.858358061325426
16384 32 9.524 9.524 9.524 110.09827803443933 110.09827803443933 110.09827803443933 55.049139017219666 55.049139017219666 55.049139017219666
16384 64 17.619 17.619 17.619 119.02786764288554 119.02786764288554 119.02786764288554 59.51393382144277 59.51393382144277 59.51393382144277
16384 128 35.425 35.425 35.425 118.3995483415667 118.3995483415667 118.3995483415667 59.19977417078335 59.19977417078335 59.19977417078335
16384 256 71.562 71.562 71.562 117.22154215924652 117.22154215924652 117.22154215924652 58.61077107962326 58.61077107962326 58.61077107962326
16384 512 143.961 143.961 143.961 116.54000736310529 116.54000736310529 116.54000736310529 58.270003681552645 58.270003681552645 58.270003681552645
16384 1024 301.133 301.133 301.133 111.42728296134932 111.42728296134932 111.42728296134932 55.71364148067466 55.71364148067466 55.71364148067466
16384 2048 590.771 590.771 590.771 113.59539313879661 113.59539313879661 113.59539313879661 56.797696569398305 56.797696569398305 56.797696569398305
16384 4096 610.524 610.524 610.524 219.84021594564672 219.84021594564672 219.84021594564672 109.92010797282336 109.92010797282336 109.92010797282336
16384 8192 1471.418 1471.418 1471.418 182.4331739859102 182.4331739859102 182.4331739859102 91.2165869929551 91.2165869929551 91.2165869929551
16384 16384 2370.236 2370.236 2370.236 226.50525601670046 226.50525601670046 226.50525601670046 113.25262800835023 113.25262800835023 113.25262800835023
16384 32768 2016.733 2016.733 2016.733 532.4164497729744 532.4164497729744 532.4164497729744 266.2082248864872 266.2082248864872 266.2082248864872
16384 65536 4087.935 4087.935 4087.935 525.3223566421677 525.3223566421677 525.3223566421677 262.66117832108387 262.66117832108387 262.66117832108387
16384 131072 7783.755 7783.755 7783.755 551.7860333476581 551.7860333476581 551.7860333476581 275.89301667382904 275.89301667382904 275.89301667382904

32768 1 2.425 2.425 2.425 27.025154639175263 27.025154639175263 27.025154639175263 13.512577319587631 13.512577319587631 13.512577319587631
32768 2 1.206 1.206 1.206 108.6832504145937 108.6832504145937 108.6832504145937 54.34162520729685 54.34162520729685 54.34162520729685
32768 4 1.334 1.334 1.334 196.50974512743628 196.50974512743628 196.50974512743628 98.25487256371814 98.25487256371814 98.25487256371814
32768 8 1.629 1.629 1.629 321.84653161448745 321.84653161448745 321.84653161448745 160.92326580724372 160.92326580724372 160.92326580724372
32768 16 2.57 2.57 2.57 408.0062256809339 408.0062256809339 408.0062256809339 204.00311284046694 204.00311284046694 204.00311284046694
32768 32 4.406 4.406 4.406 475.9763958238766 475.9763958238766 475.9763958238766 237.9881979119383 237.9881979119383 237.9881979119383
32768 64 7.927 7.927 7.927 529.1161851898576 529.1161851898576 529.1161851898576 264.5580925949288 264.5580925949288 264.5580925949288
32768 128 17.598 17.598 17.598 476.679622684396 476.679622684396 476.679622684396 238.339811342198 238.339811342198 238.339811342198
32768 256 33.945 33.945 33.945 494.24704669318015 494.24704669318015 494.24704669318015 247.12352334659008 247.12352334659008 247.12352334659008
32768 512 65.104 65.104 65.104 515.397394937331 515.397394937331 515.397394937331 257.6986974686655 257.6986974686655 257.6986974686655
32768 1024 127.542 127.542 127.542 526.170704552226 526.170704552226 526.170704552226 263.085352276113 263.085352276113 263.085352276113
32768 2048 255.489 255.489 255.489 525.3366211461158 525.3366211461158 525.3366211461158 262.6683105730579 262.6683105730579 262.6683105730579
32768 4096 538.485 538.485 538.485 498.50126930183757 498.50126930183757 498.50126930183757 249.25063465091878 249.25063465091878 249.25063465091878
32768 8192 942.812 942.812 942.812 569.4358069265135 569.4358069265135 569.4358069265135 284.71790346325673 284.71790346325673 284.71790346325673
32768 16384 7478.513 7478.513 7478.513 143.5769148225055 143.5769148225055 143.5769148225055 71.78845741125275 71.78845741125275 71.78845741125275
32768 32768 6447.965 6447.965 6447.965 333.0482792633025 333.0482792633025 333.0482792633025 166.52413963165125 166.52413963165125 166.52413963165125
32768 65536 8445.689 8445.689 8445.689 508.53959884149174 508.53959884149174 508.53959884149174 254.26979942074587 254.26979942074587 254.26979942074587

65536 1 3.149 3.149 3.149 41.6233724992061 41.6233724992061 41.6233724992061 20.81168624960305 20.81168624960305 20.81168624960305
65536 2 1.27 1.27 1.27 206.41259842519685 206.41259842519685 206.41259842519685 103.20629921259842 103.20629921259842 103.20629921259842
65536 4 1.717 1.717 1.717 305.3511939429237 305.3511939429237 305.3511939429237 152.67559697146186 152.67559697146186 152.67559697146186
65536 8 2.616 2.616 2.616 400.83180428134557 400.83180428134557 400.83180428134557 200.41590214067278 200.41590214067278 200.41590214067278
65536 16 4.333 4.333 4.333 483.99538426032774 483.99538426032774 483.99538426032774 241.99769213016387 241.99769213016387 241.99769213016387
65536 32 7.595 7.595 7.595 552.2454246214616 552.2454246214616 552.2454246214616 276.1227123107308 276.1227123107308 276.1227123107308
65536 64 15.78 15.78 15.78 531.5974651457542 531.5974651457542 531.5974651457542 265.7987325728771 265.7987325728771 265.7987325728771
65536 128 30.788 30.788 30.788 544.9271144601794 544.9271144601794 544.9271144601794 272.4635572300897 272.4635572300897 272.4635572300897
65536 256 61.618 61.618 61.618 544.5556817812976 544.5556817812976 544.5556817812976 272.2778408906488 272.2778408906488 272.2778408906488
65536 512 118.849 118.849 118.849 564.6565305555789 564.6565305555789 564.6565305555789 282.32826527778946 282.32826527778946 282.32826527778946
65536 1024 241.379 241.379 241.379 556.0455880586132 556.0455880586132 556.0455880586132 278.0227940293066 278.0227940293066 278.0227940293066
65536 2048 572.259 572.259 572.259 469.0803569712316 469.0803569712316 469.0803569712316 234.5401784856158 234.5401784856158 234.5401784856158
65536 4096 945.018 945.018 945.018 568.1065461186982 568.1065461186982 568.1065461186982 284.0532730593491 284.0532730593491 284.0532730593491
65536 8192 1934.169 1934.169 1934.169 555.1437459704918 555.1437459704918 555.1437459704918 277.5718729852459 277.5718729852459 277.5718729852459
65536 16384 3774.102 3774.102 3774.102 569.0051959380007 569.0051959380007 569.0051959380007 284.50259796900036 284.50259796900036 284.50259796900036
65536 32768 7729.352 7729.352 7729.352 555.669776198574 555.669776198574 555.669776198574 277.834888099287 277.834888099287 277.834888099287

131072 1 6.943 6.943 6.943 37.75658937058909 37.75658937058909 37.75658937058909 18.878294685294545 18.878294685294545 18.878294685294545
131072 2 2.003 2.003 2.003 261.75137294058914 261.75137294058914 261.75137294058914 130.87568647029457 130.87568647029457 130.87568647029457
131072 4 2.889 2.889 2.889 362.95465559016964 362.95465559016964 362.95465559016964 181.47732779508482 181.47732779508482 181.47732779508482
131072 8 4.693 4.693 4.693 446.86810142765825 446.86810142765825 446.86810142765825 223.43405071382912 223.43405071382912 223.43405071382912
131072 16 8.276 8.276 8.276 506.8032866118898 506.8032866118898 506.8032866118898 253.4016433059449 253.4016433059449 253.4016433059449
131072 32 15.063 15.063 15.063 556.9015468366196 556.9015468366196 556.9015468366196 278.4507734183098 278.4507734183098 278.4507734183098
131072 64 30.702 30.702 30.702 546.4535209432611 546.4535209432611 546.4535209432611 273.22676047163054 273.22676047163054 273.22676047163054
131072 128 68.969 68.969 68.969 486.51469500790216 486.51469500790216 486.51469500790216 243.25734750395108 243.25734750395108 243.25734750395108
131072 256 131.806 131.806 131.806 509.1487792664977 509.1487792664977 509.1487792664977 254.57438963324884 254.57438963324884 254.57438963324884
131072 512 244.135 244.135 244.135 549.7684805537921 549.7684805537921 549.7684805537921 274.88424027689604 274.88424027689604 274.88424027689604
131072 1024 522.188 522.188 522.188 514.0590285491049 514.0590285491049 514.0590285491049 257.02951427455247 257.02951427455247 257.02951427455247
131072 2048 936.53 936.53 936.53 573.2554344228162 573.2554344228162 573.2554344228162 286.6277172114081 286.6277172114081 286.6277172114081
131072 4096 1956.924 1956.924 1956.924 548.6885663418713 548.6885663418713 548.6885663418713 274.3442831709356 274.3442831709356 274.3442831709356
131072 8192 5156.576 5156.576 5156.576 416.45534711405395 416.45534711405395 416.45534711405395 208.22767355702698 208.22767355702698 208.22767355702698
131072 16384 7673.408 7673.408 7673.408 559.7209604910881 559.7209604910881 559.7209604910881 279.86048024554407 279.86048024554407 279.86048024554407

262144 1 11.106 11.106 11.106 47.20763551233568 47.20763551233568 47.20763551233568 23.60381775616784 23.60381775616784 23.60381775616784
262144 2 4.649 4.649 4.649 225.54872015487203 225.54872015487203 225.54872015487203 112.77436007743601 112.77436007743601 112.77436007743601
262144 4 8.071 8.071 8.071 259.83793829760873 259.83793829760873 259.83793829760873 129.91896914880436 129.91896914880436 129.91896914880436
262144 8 14.518 14.518 14.518 288.9037057445929 288.9037057445929 288.9037057445929 144.45185287229646 144.45185287229646 144.45185287229646
262144 16 26.877 26.877 26.877 312.11102429586634 312.11102429586634 312.11102429586634 156.05551214793317 156.05551214793317 156.05551214793317
262144 32 49.807 49.807 49.807 336.8445399241071 336.8445399241071 336.8445399241071 168.42226996205355 168.42226996205355 168.42226996205355
262144 64 99.726 99.726 99.726 336.4662374907246 336.4662374907246 336.4662374907246 168.2331187453623 168.2331187453623 168.2331187453623
262144 128 175.323 175.323 175.323 382.7727337542707 382.7727337542707 382.7727337542707 191.38636687713534 191.38636687713534 191.38636687713534
262144 256 280.516 280.516 280.516 478.4672817236806 478.4672817236806 478.4672817236806 239.2336408618403 239.2336408618403 239.2336408618403
262144 512 467.208 467.208 467.208 574.5523535555898 574.5523535555898 574.5523535555898 287.2761767777949 287.2761767777949 287.2761767777949
262144 1024 910.517 910.517 910.517 589.6330458409893 589.6330458409893 589.6330458409893 294.81652292049466 294.81652292049466 294.81652292049466
262144 2048 1839.924 1839.924 1839.924 583.5794434987532 583.5794434987532 583.5794434987532 291.7897217493766 291.7897217493766 291.7897217493766
262144 4096 3672.238 3672.238 3672.238 584.7887985473709 584.7887985473709 584.7887985473709 292.39439927368545 292.39439927368545 292.39439927368545
262144 8192 7757.952 7757.952 7757.952 553.6212773680477 553.6212773680477 553.6212773680477 276.81063868402384 276.81063868402384 276.81063868402384

524288 1 18.714 18.714 18.714 56.031634070749185 56.031634070749185 56.031634070749185 28.015817035374592 28.015817035374592 28.015817035374592
524288 2 6.366 6.366 6.366 329.43009739239716 329.43009739239716 329.43009739239716 164.71504869619858 164.71504869619858 164.71504869619858
524288 4 10.265 10.265 10.265 408.602435460302 408.602435460302 408.602435460302 204.301217730151 204.301217730151 204.301217730151
524288 8 18.317 18.317 18.317 457.96844461429276 457.96844461429276 457.96844461429276 228.98422230714638 228.98422230714638 228.98422230714638
524288 16 35.488 35.488 35.488 472.75743913435537 472.75743913435537 472.75743913435537 236.37871956717768 236.37871956717768 236.37871956717768
524288 32 68.444 68.444 68.444 490.2465080942085 490.2465080942085 490.2465080942085 245.12325404710424 245.12325404710424 245.12325404710424
524288 64 124.809 124.809 124.809 537.6925061493963 537.6925061493963 537.6925061493963 268.84625307469815 268.84625307469815 268.84625307469815
524288 128 249.633 249.633 249.633 537.6601971694447 537.6601971694447 537.6601971694447 268.83009858472235 268.83009858472235 268.83009858472235
524288 256 469.389 469.389 469.389 571.8827156154065 571.8827156154065 571.8827156154065 285.94135780770324 285.94135780770324 285.94135780770324
524288 512 916.039 916.039 916.039 586.0786625896933 586.0786625896933 586.0786625896933 293.03933129484665 293.03933129484665 293.03933129484665
524288 1024 1901.1 1901.1 1901.1 564.8002861501236 564.8002861501236 564.8002861501236 282.4001430750618 282.4001430750618 282.4001430750618
524288 2048 4035.478 4035.478 4035.478 532.1509987168806 532.1509987168806 532.1509987168806 266.0754993584403 266.0754993584403 266.0754993584403
524288 4096 7513.6 7513.6 7513.6 571.6257580919931 571.6257580919931 571.6257580919931 285.81287904599657 285.81287904599657 285.81287904599657

1048576 1 54.387 54.387 54.387 38.559802894073954 38.559802894073954 38.559802894073954 19.279901447036977 19.279901447036977 19.279901447036977
1048576 2 14.853 14.853 14.853 282.38766579142265 282.38766579142265 282.38766579142265 141.19383289571132 141.19383289571132 141.19383289571132
1048576 4 22.388 22.388 22.388 374.69215651241734 374.69215651241734 374.69215651241734 187.34607825620867 187.34607825620867 187.34607825620867
1048576 8 39.053 39.053 39.053 429.60120861393494 429.60120861393494 429.60120861393494 214.80060430696747 214.80060430696747 214.80060430696747
1048576 16 72.952 72.952 72.952 459.95218773988375 459.95218773988375 459.95218773988375 229.97609386994188 229.97609386994188 229.97609386994188
1048576 32 140.143 140.143 140.143 478.85990738031876 478.85990738031876 478.85990738031876 239.42995369015938 239.42995369015938 239.42995369015938
1048576 64 295.409 295.409 295.409 454.3454261718499 454.3454261718499 454.3454261718499 227.17271308592495 227.17271308592495 227.17271308592495
1048576 128 485.873 485.873 485.873 552.4807017471644 552.4807017471644 552.4807017471644 276.2403508735822 276.2403508735822 276.2403508735822
1048576 256 911.95 911.95 911.95 588.7065211908548 588.7065211908548 588.7065211908548 294.3532605954274 294.3532605954274 294.3532605954274
1048576 512 1927.532 1927.532 1927.532 557.0552520010044 557.0552520010044 557.0552520010044 278.5276260005022 278.5276260005022 278.5276260005022
1048576 1024 3720.586 3720.586 3720.586 577.1896276554286 577.1896276554286 577.1896276554286 288.5948138277143 288.5948138277143 288.5948138277143
1048576 2048 7476.864 7476.864 7476.864 574.4343211271464 574.4343211271464 574.4343211271464 287.2171605635732 287.2171605635732 287.2171605635732

2097152 1 75.12 75.12 75.12 55.83471778487753 55.83471778487753 55.83471778487753 27.917358892438767 27.917358892438767 27.917358892438767
2097152 2 35.42 35.42 35.42 236.8325239977414 236.8325239977414 236.8325239977414 118.4162619988707 118.4162619988707 118.4162619988707
2097152 4 57.105 57.105 57.105 293.79591979686546 293.79591979686546 293.79591979686546 146.89795989843273 146.89795989843273 146.89795989843273
2097152 8 93.498 93.498 93.498 358.87860702902736 358.87860702902736 358.87860702902736 179.43930351451368 179.43930351451368 179.43930351451368
2097152 16 144.672 144.672 144.672 463.86905551869063 463.86905551869063 463.86905551869063 231.93452775934531 231.93452775934531 231.93452775934531
2097152 32 294.637 294.637 294.637 455.53588992556945 455.53588992556945 455.53588992556945 227.76794496278472 227.76794496278472 227.76794496278472
2097152 64 562.925 562.925 562.925 476.8582955100592 476.8582955100592 476.8582955100592 238.4291477550296 238.4291477550296 238.4291477550296
2097152 128 935.956 935.956 935.956 573.6069986195932 573.6069986195932 573.6069986195932 286.8034993097966 286.8034993097966 286.8034993097966
2097152 256 1874.27 1874.27 1874.27 572.8853494960705 572.8853494960705 572.8853494960705 286.44267474803524 286.44267474803524 286.44267474803524
2097152 512 3859.812 3859.812 3859.812 556.3700118036837 556.3700118036837 556.3700118036837 278.18500590184186 278.18500590184186 278.18500590184186
2097152 1024 7559.87 7559.87 7559.87 568.1271365777454 568.1271365777454 568.1271365777454 284.0635682888727 284.0635682888727 284.0635682888727

4194304 1 153.662 153.662 153.662 54.59129778344679 54.59129778344679 54.59129778344679 27.295648891723395 27.295648891723395 27.295648891723395
4194304 2 67.915 67.915 67.915 247.03255540013254 247.03255540013254 247.03255540013254 123.51627770006627 123.51627770006627 123.51627770006627
4194304 4 100.42 100.42 100.42 334.1409281019717 334.1409281019717 334.1409281019717 167.07046405098586 167.07046405098586 167.07046405098586
4194304 8 156.494 156.494 156.494 428.82707324242466 428.82707324242466 428.82707324242466 214.41353662121233 214.41353662121233 214.41353662121233
4194304 16 293.073 293.073 293.073 457.96688197138604 457.96688197138604 457.96688197138604 228.98344098569302 228.98344098569302 228.98344098569302
4194304 32 525.248 525.248 525.248 511.06421347630067 511.06421347630067 511.06421347630067 255.53210673815033 255.53210673815033 255.53210673815033
4194304 64 1025.078 1025.078 1025.078 523.7366444309604 523.7366444309604 523.7366444309604 261.8683222154802 261.8683222154802 261.8683222154802
4194304 128 2059.871 2059.871 2059.871 521.266537564731 521.266537564731 521.266537564731 260.6332687823655 260.6332687823655 260.6332687823655
4194304 256 3960.605 3960.605 3960.605 542.2110127114419 542.2110127114419 542.2110127114419 271.10550635572093 271.10550635572093 271.10550635572093
4194304 512 8503.763 8503.763 8503.763 505.06667413002924 505.06667413002924 505.06667413002924 252.53333706501462 252.53333706501462 252.53333706501462

8388608 1 304.926 304.926 304.926 55.020614837698325 55.020614837698325 55.020614837698325 27.510307418849163 27.510307418849163 27.510307418849163
8388608 2 261.809 261.809 261.809 128.16378352157489 128.16378352157489 128.16378352157489 64.08189176078744 64.08189176078744 64.08189176078744
8388608 4 313.473 313.473 313.473 214.08179970842784 214.08179970842784 214.08179970842784 107.04089985421392 107.04089985421392 107.04089985421392
8388608 8 468.184 468.184 468.184 286.67730635818396 286.67730635818396 286.67730635818396 143.33865317909198 143.33865317909198 143.33865317909198
8388608 16 806.529 806.529 806.529 332.82802726250395 332.82802726250395 332.82802726250395 166.41401363125198 166.41401363125198 166.41401363125198
8388608 32 1472.637 1472.637 1472.637 364.56432372675687 364.56432372675687 364.56432372675687 182.28216186337843 182.28216186337843 182.28216186337843
8388608 64 2829.729 2829.729 2829.729 379.45040814862483 379.45040814862483 379.45040814862483 189.72520407431242 189.72520407431242 189.72520407431242
8388608 128 5553.126 5553.126 5553.126 386.71617535780746 386.71617535780746 386.71617535780746 193.35808767890373 193.35808767890373 193.35808767890373
8388608 256 11159.068 11159.068 11159.068 384.8858431546434 384.8858431546434 384.8858431546434 192.4429215773217 192.4429215773217 192.4429215773217

16777216 1 662.361 662.361 662.361 50.65882804090217 50.65882804090217 50.65882804090217 25.329414020451086 25.329414020451086 25.329414020451086
16777216 2 899.795 899.795 899.795 74.582392656105 74.582392656105 74.582392656105 37.2911963280525 37.2911963280525 37.2911963280525
16777216 4 1056.124 1056.124 1056.124 127.08519832898409 127.08519832898409 127.08519832898409 63.542599164492046 63.542599164492046 63.542599164492046
16777216 8 1398.68 1398.68 1398.68 191.92056510424115 191.92056510424115 191.92056510424115 95.96028255212057 95.96028255212057 95.96028255212057
16777216 16 2141.493 2141.493 2141.493 250.69935414218025 250.69935414218025 250.69935414218025 125.34967707109013 125.34967707109013 125.34967707109013
16777216 32 3922.939 3922.939 3922.939 273.70851904656183 273.70851904656183 273.70851904656183 136.85425952328092 136.85425952328092 136.85425952328092
16777216 64 7480.43 7480.43 7480.43 287.0802411091341 287.0802411091341 287.0802411091341 143.54012055456704 143.54012055456704 143.54012055456704
16777216 128 16680.227 16680.227 16680.227 257.4885399341388 257.4885399341388 257.4885399341388 128.7442699670694 128.7442699670694 128.7442699670694

33554432 1 1312.617 1312.617 1312.617 51.12600552941186 51.12600552941186 51.12600552941186 25.56300276470593 25.56300276470593 25.56300276470593
33554432 2 2484.61 2484.61 2484.61 54.01963607970668 54.01963607970668 54.01963607970668 27.00981803985334 27.00981803985334 27.00981803985334
33554432 4 4209.32 4209.32 4209.32 63.77169138958312 63.77169138958312 63.77169138958312 31.88584569479156 31.88584569479156 31.88584569479156
33554432 8 4501.708 4501.708 4501.708 119.25938155029161 119.25938155029161 119.25938155029161 59.629690775145804 59.629690775145804 59.629690775145804
33554432 16 6519.222 6519.222 6519.222 164.7039821622887 164.7039821622887 164.7039821622887 82.35199108114435 82.35199108114435 82.35199108114435
33554432 32 12183.149 12183.149 12183.149 176.26671462361662 176.26671462361662 176.26671462361662 88.13335731180831 88.13335731180831 88.13335731180831
33554432 64 25275.677 25275.677 25275.677 169.9249161951231 169.9249161951231 169.9249161951231 84.96245809756155 84.96245809756155 84.96245809756155

67108864 1 2538.987 2538.987 2538.987 52.86270784371878 52.86270784371878 52.86270784371878 26.43135392185939 26.43135392185939 26.43135392185939
67108864 2 4699.62 4699.62 4699.62 57.118544903630514 57.118544903630514 57.118544903630514 28.559272451815257 28.559272451815257 28.559272451815257
67108864 4 6773.463 6773.463 6773.463 79.26092044793042 79.26092044793042 79.26092044793042 39.63046022396521 39.63046022396521 39.63046022396521
67108864 8 11401.009 11401.009 11401.009 94.17954358250222 94.17954358250222 94.17954358250222 47.08977179125111 47.08977179125111 47.08977179125111
67108864 16 20450.565 20450.565 20450.565 105.00852411657087 105.00852411657087 105.00852411657087 52.504262058285434 52.504262058285434 52.504262058285434
67108864 32 37660.074 37660.074 37660.074 114.04564143979111 114.04564143979111 114.04564143979111 57.022820719895556 57.022820719895556 57.022820719895556

134217728 1 4972.303 4972.303 4972.303 53.98614203518974 53.98614203518974 53.98614203518974 26.99307101759487 26.99307101759487 26.99307101759487
134217728 2 9534.711 9534.711 9534.711 56.30699367815134 56.30699367815134 56.30699367815134 28.15349683907567 28.15349683907567 28.15349683907567
134217728 4 14428.815 14428.815 14428.815 74.4164939393845 74.4164939393845 74.4164939393845 37.20824696969225 37.20824696969225 37.20824696969225
134217728 8 24497.589 24497.589 24497.589 87.66102035592156 87.66102035592156 87.66102035592156 43.83051017796078 43.83051017796078 43.83051017796078
134217728 16 46098.515 46098.515 46098.515 93.16932000954912 93.16932000954912 93.16932000954912 46.58466000477456 46.58466000477456 46.58466000477456

268435456 1 9459.617 9459.617 9459.617 56.75397978586237 56.75397978586237 56.75397978586237 28.376989892931185 28.376989892931185 28.376989892931185
268435456 2 18369.257 18369.257 18369.257 58.45319840644616 58.45319840644616 58.45319840644616 29.22659920322308 29.22659920322308 29.22659920322308
268435456 4 28837.55 28837.55 28837.55 74.46831121229093 74.46831121229093 74.46831121229093 37.234155606145464 37.234155606145464 37.234155606145464
268435456 8 48822.571 48822.571 48822.571 87.97093655719196 87.97093655719196 87.97093655719196 43.98546827859598 43.98546827859598 43.98546827859598

536870912 1 19152.291 19152.291 19152.291 56.063362028072774 56.063362028072774 56.063362028072774 28.031681014036387 28.031681014036387 28.031681014036387
536870912 2 36059.868 36059.868 36059.868 59.5532864402055 59.5532864402055 59.5532864402055 29.77664322010275 29.77664322010275 29.77664322010275
536870912 4 55470.754 55470.754 55470.754 77.42759898306052 77.42759898306052 77.42759898306052 38.71379949153026 38.71379949153026 38.71379949153026

1073741824 1 44201.039 44201.039 44201.039 48.584460831339285 48.584460831339285 48.584460831339285 24.292230415669643 24.292230415669643 24.292230415669643
1073741824 2 85953.537 85953.537 85953.537 49.968476527033445 49.968476527033445 49.968476527033445 24.984238263516723 24.984238263516723 24.984238263516723

2147483648 1 85620.798 85620.798 85620.798 50.162663702340176 50.162663702340176 50.162663702340176 25.081331851170088 25.081331851170088 25.081331851170088

META_DATA
FLOPS          8
OPENMP_THREADS 4
ERT_VERSION  1.1.0
HOSTNAME  ('areeba-vm', [], ['127.0.1.1'])
UNAME  uname_result(system='Linux', node='areeba-vm', release='6.17.0-23-generic', version='#23~24.04.1-Ubuntu SMP PREEMPT_DYNAMIC Tue Apr 14 16:11:48 UTC 2', machine='x86_64')
TIMESTAMP_DATA  1778236660.6944568
CONFIG  {'ERT_RESULTS': ['roofline/mylaptop/Results'], 'ERT_DRIVER': ['driver1'], 'ERT_KERNEL': ['kernel1'], 'ERT_MPI': ['False'], 'ERT_MPI_CFLAGS': [], 'ERT_MPI_LDFLAGS': [], 'ERT_MPI_PROCS': ['1'], 'ERT_OPENMP': ['True'], 'ERT_OPENMP_CFLAGS': ['-fopenmp'], 'ERT_OPENMP_LDFLAGS': ['-fopenmp'], 'ERT_OPENMP_THREADS': ['1,2,4'], 'ERT_GPU': ['False'], 'ERT_GPU_CFLAGS': [], 'ERT_GPU_LDFLAGS': [], 'ERT_GPU_BLOCKS': ['1'], 'ERT_GPU_THREADS': ['1'], 'ERT_HIP': ['False'], 'ERT_OCL': ['False'], 'ERT_SYCL': ['False'], 'ERT_FLOPS': ['1,2,4,8'], 'ERT_ALIGN': ['32'], 'ERT_CC': ['g++'], 'ERT_CFLAGS': ['-O3', '-march=native', '-mavx2', '-mfma', '-ffast-math'], 'ERT_LD': ['g++'], 'ERT_LDFLAGS': [], 'ERT_LDLIBS': [], 'ERT_PRECISION': ['FP64'], 'ERT_PROCS_THREADS': ['6'], 'ERT_BLOCKS_THREADS': ['1'], 'ERT_WORKING_SET_MIN': ['1'], 'ERT_MEMORY_MAX': ['2147483648'], 'ERT_WSS_MULT': ['2.0'], 'ERT_TRIALS_MIN': ['1'], 'ERT_NUM_EXPERIMENTS': ['1'], 'ERT_RUN': ['OMP_NUM_THREADS=ERT_OPENMP_THREADS', './ERT_CODE'], 'ERT_GNUPLOT': ['False']}
