fp64
          32            1           2.578           64           32
          32            2           0.674          128           64
          32            4           0.606          256          128
          32            8           0.581          512          256
          32           16           0.583         1024          512
          32           32           0.654         2048         1024
          32           64           0.800         4096         2048
          32          128           1.088         8192         4096
          32          256           1.666        16384         8192
          32          512           2.815        32768        16384
          32         1024           5.119        65536        32768
          32         2048           9.594       131072        65536
          32         4096          19.269       262144       131072
          32         8192          38.744       524288       262144
          32        16384          77.577      1048576       524288
          32        32768         155.335      2097152      1048576
          32        65536         325.119      4194304      2097152
          32       131072         710.560      8388608      4194304
          32       262144        1317.553     16777216      8388608
          32       524288        2504.344     33554432     16777216
          32      1048576        5015.239     67108864     33554432
          32      2097152       10007.079    134217728     67108864
          32      4194304       19654.363    268435456    134217728
          32      8388608       39342.839    536870912    268435456
          32     16777216       86819.717   1073741824    536870912
          32     33554432      174260.459   2147483648   1073741824
          32     67108864      314288.032   4294967296   2147483648
          64            1           2.121          128           64
          64            2           0.593          256          128
          64            4           0.607          512          256
          64            8           0.584         1024          512
          64           16           0.586         2048         1024
          64           32           0.648         4096         2048
          64           64           0.793         8192         4096
          64          128           1.080        16384         8192
          64          256           1.659        32768        16384
          64          512           2.809        65536        32768
          64         1024           5.120       131072        65536
          64         2048           9.755       262144       131072
          64         4096          18.795       524288       262144
          64         8192          37.805      1048576       524288
          64        16384          89.419      2097152      1048576
          64        32768         151.559      4194304      2097152
          64        65536         304.737      8388608      4194304
          64       131072         782.082     16777216      8388608
          64       262144        1196.144     33554432     16777216
          64       524288        2394.493     67108864     33554432
          64      1048576        4793.587    134217728     67108864
          64      2097152        9543.529    268435456    134217728
          64      4194304       19093.994    536870912    268435456
          64      8388608       37808.960   1073741824    536870912
          64     16777216       76822.833   2147483648   1073741824
          64     33554432      158382.741   4294967296   2147483648
         128            1           1.843          256          128
         128            2           0.774          512          256
         128            4           0.614         1024          512
         128            8           0.614         2048         1024
         128           16           0.628         4096         2048
         128           32           0.691         8192         4096
         128           64           0.844        16384         8192
         128          128           1.253        32768        16384
         128          256           1.931        65536        32768
         128          512           3.657       131072        65536
         128         1024           7.941       262144       131072
         128         2048          14.517       524288       262144
         128         4096          29.380      1048576       524288
         128         8192          58.936      2097152      1048576
         128        16384         118.133      4194304      2097152
         128        32768         236.403      8388608      4194304
         128        65536         696.376     16777216      8388608
         128       131072         995.089     33554432     16777216
         128       262144        2411.306     67108864     33554432
         128       524288        3107.107    134217728     67108864
         128      1048576        5515.165    268435456    134217728
         128      2097152       12174.268    536870912    268435456
         128      4194304       21426.505   1073741824    536870912
         128      8388608       44410.322   2147483648   1073741824
         128     16777216       93222.323   4294967296   2147483648
         256            1           1.106          512          256
         256            2           0.629         1024          512
         256            4           0.639         2048         1024
         256            8           0.655         4096         2048
         256           16           0.636         8192         4096
         256           32           0.710        16384         8192
         256           64           0.869        32768        16384
         256          128           1.188        65536        32768
         256          256           1.824       131072        65536
         256          512           3.127       262144       131072
         256         1024           5.744       524288       262144
         256         2048          10.950      1048576       524288
         256         4096          21.359      2097152      1048576
         256         8192          42.157      4194304      2097152
         256        16384          91.377      8388608      4194304
         256        32768         178.675     16777216      8388608
         256        65536         343.623     33554432     16777216
         256       131072         698.592     67108864     33554432
         256       262144        1315.509    134217728     67108864
         256       524288        2638.456    268435456    134217728
         256      1048576        5287.654    536870912    268435456
         256      2097152       11425.709   1073741824    536870912
         256      4194304       21163.440   2147483648   1073741824
         256      8388608       43929.461   4294967296   2147483648
         512            1           1.442         1024          512
         512            2           0.754         2048         1024
         512            4           0.629         4096         2048
         512            8           0.726         8192         4096
         512           16           0.654        16384         8192
         512           32           0.730        32768        16384
         512           64           0.880        65536        32768
         512          128           1.195       131072        65536
         512          256           1.854       262144       131072
         512          512           3.138       524288       262144
         512         1024           5.719      1048576       524288
         512         2048          10.930      2097152      1048576
         512         4096          21.043      4194304      2097152
         512         8192          42.321      8388608      4194304
         512        16384          84.900     16777216      8388608
         512        32768         170.020     33554432     16777216
         512        65536         340.139     67108864     33554432
         512       131072         721.773    134217728     67108864
         512       262144        1471.117    268435456    134217728
         512       524288        2975.732    536870912    268435456
         512      1048576        5917.035   1073741824    536870912
         512      2097152       12593.033   2147483648   1073741824
         512      4194304       23415.466   4294967296   2147483648
        1024            1           2.142         2048         1024
        1024            2           0.723         4096         2048
        1024            4           0.677         8192         4096
        1024            8           0.675        16384         8192
        1024           16           0.701        32768        16384
        1024           32           0.788        65536        32768
        1024           64           0.970       131072        65536
        1024          128           1.326       262144       131072
        1024          256           2.030       524288       262144
        1024          512           3.475      1048576       524288
        1024         1024           6.097      2097152      1048576
        1024         2048          13.131      4194304      2097152
        1024         4096          43.051      8388608      4194304
        1024         8192          50.045     16777216      8388608
        1024        16384         100.386     33554432     16777216
        1024        32768         216.209     67108864     33554432
        1024        65536         401.503    134217728     67108864
        1024       131072         874.953    268435456    134217728
        1024       262144        1744.977    536870912    268435456
        1024       524288        3465.770   1073741824    536870912
        1024      1048576        6023.740   2147483648   1073741824
        1024      2097152       16838.920   4294967296   2147483648
        2048            1           1.951         4096         2048
        2048            2           0.589         8192         4096
        2048            4           0.710        16384         8192
        2048            8           0.682        32768        16384
        2048           16           0.696        65536        32768
        2048           32           0.812       131072        65536
        2048           64           1.047       262144       131072
        2048          128           2.017       524288       262144
        2048          256           3.714      1048576       524288
        2048          512           7.216      2097152      1048576
        2048         1024          12.386      4194304      2097152
        2048         2048          25.356      8388608      4194304
        2048         4096          47.286     16777216      8388608
        2048         8192          73.040     33554432     16777216
        2048        16384         115.389     67108864     33554432
        2048        32768         245.534    134217728     67108864
        2048        65536         493.955    268435456    134217728
        2048       131072         930.182    536870912    268435456
        2048       262144        2062.700   1073741824    536870912
        2048       524288        4044.946   2147483648   1073741824
        2048      1048576        8412.258   4294967296   2147483648
        4096            1           2.970         8192         4096
        4096            2           0.776        16384         8192
        4096            4           0.878        32768        16384
        4096            8           0.757        65536        32768
        4096           16           0.849       131072        65536
        4096           32           1.163       262144       131072
        4096           64           1.507       524288       262144
        4096          128           2.215      1048576       524288
        4096          256           6.400      2097152      1048576
        4096          512          12.433      4194304      2097152
        4096         1024          22.021      8388608      4194304
        4096         2048          40.342     16777216      8388608
        4096         4096          88.232     33554432     16777216
        4096         8192         121.875     67108864     33554432
        4096        16384        4207.296    134217728     67108864
        4096        32768        5617.438    268435456    134217728
        4096        65536        5234.964    536870912    268435456
        4096       131072        9435.192   1073741824    536870912
        4096       262144       12135.964   2147483648   1073741824
        4096       524288       10379.834   4294967296   2147483648
        8192            1           1.475        16384         8192
        8192            2           0.839        32768        16384
        8192            4           0.820        65536        32768
        8192            8           0.900       131072        65536
        8192           16           1.135       262144       131072
        8192           32           1.594       524288       262144
        8192           64           2.555      1048576       524288
        8192          128           4.146      2097152      1048576
        8192          256           9.265      4194304      2097152
        8192          512          16.683      8388608      4194304
        8192         1024          33.374     16777216      8388608
        8192         2048          66.673     33554432     16777216
        8192         4096         133.527     67108864     33554432
        8192         8192         267.337    134217728     67108864
        8192        16384         504.819    268435456    134217728
        8192        32768         994.001    536870912    268435456
        8192        65536        1981.819   1073741824    536870912
        8192       131072        4022.067   2147483648   1073741824
        8192       262144        8365.006   4294967296   2147483648
       16384            1           2.848        32768        16384
       16384            2           0.925        65536        32768
       16384            4           1.056       131072        65536
       16384            8           2.874       262144       131072
       16384           16           5.055       524288       262144
       16384           32           9.524      1048576       524288
       16384           64          17.619      2097152      1048576
       16384          128          35.425      4194304      2097152
       16384          256          71.562      8388608      4194304
       16384          512         143.961     16777216      8388608
       16384         1024         301.133     33554432     16777216
       16384         2048         590.771     67108864     33554432
       16384         4096         610.524    134217728     67108864
       16384         8192        1471.418    268435456    134217728
       16384        16384        2370.236    536870912    268435456
       16384        32768        2016.733   1073741824    536870912
       16384        65536        4087.935   2147483648   1073741824
       16384       131072        7783.755   4294967296   2147483648
       32768            1           2.425        65536        32768
       32768            2           1.206       131072        65536
       32768            4           1.334       262144       131072
       32768            8           1.629       524288       262144
       32768           16           2.570      1048576       524288
       32768           32           4.406      2097152      1048576
       32768           64           7.927      4194304      2097152
       32768          128          17.598      8388608      4194304
       32768          256          33.945     16777216      8388608
       32768          512          65.104     33554432     16777216
       32768         1024         127.542     67108864     33554432
       32768         2048         255.489    134217728     67108864
       32768         4096         538.485    268435456    134217728
       32768         8192         942.812    536870912    268435456
       32768        16384        7478.513   1073741824    536870912
       32768        32768        6447.965   2147483648   1073741824
       32768        65536        8445.689   4294967296   2147483648
       65536            1           3.149       131072        65536
       65536            2           1.270       262144       131072
       65536            4           1.717       524288       262144
       65536            8           2.616      1048576       524288
       65536           16           4.333      2097152      1048576
       65536           32           7.595      4194304      2097152
       65536           64          15.780      8388608      4194304
       65536          128          30.788     16777216      8388608
       65536          256          61.618     33554432     16777216
       65536          512         118.849     67108864     33554432
       65536         1024         241.379    134217728     67108864
       65536         2048         572.259    268435456    134217728
       65536         4096         945.018    536870912    268435456
       65536         8192        1934.169   1073741824    536870912
       65536        16384        3774.102   2147483648   1073741824
       65536        32768        7729.352   4294967296   2147483648
      131072            1           6.943       262144       131072
      131072            2           2.003       524288       262144
      131072            4           2.889      1048576       524288
      131072            8           4.693      2097152      1048576
      131072           16           8.276      4194304      2097152
      131072           32          15.063      8388608      4194304
      131072           64          30.702     16777216      8388608
      131072          128          68.969     33554432     16777216
      131072          256         131.806     67108864     33554432
      131072          512         244.135    134217728     67108864
      131072         1024         522.188    268435456    134217728
      131072         2048         936.530    536870912    268435456
      131072         4096        1956.924   1073741824    536870912
      131072         8192        5156.576   2147483648   1073741824
      131072        16384        7673.408   4294967296   2147483648
      262144            1          11.106       524288       262144
      262144            2           4.649      1048576       524288
      262144            4           8.071      2097152      1048576
      262144            8          14.518      4194304      2097152
      262144           16          26.877      8388608      4194304
      262144           32          49.807     16777216      8388608
      262144           64          99.726     33554432     16777216
      262144          128         175.323     67108864     33554432
      262144          256         280.516    134217728     67108864
      262144          512         467.208    268435456    134217728
      262144         1024         910.517    536870912    268435456
      262144         2048        1839.924   1073741824    536870912
      262144         4096        3672.238   2147483648   1073741824
      262144         8192        7757.952   4294967296   2147483648
      524288            1          18.714      1048576       524288
      524288            2           6.366      2097152      1048576
      524288            4          10.265      4194304      2097152
      524288            8          18.317      8388608      4194304
      524288           16          35.488     16777216      8388608
      524288           32          68.444     33554432     16777216
      524288           64         124.809     67108864     33554432
      524288          128         249.633    134217728     67108864
      524288          256         469.389    268435456    134217728
      524288          512         916.039    536870912    268435456
      524288         1024        1901.100   1073741824    536870912
      524288         2048        4035.478   2147483648   1073741824
      524288         4096        7513.600   4294967296   2147483648
     1048576            1          54.387      2097152      1048576
     1048576            2          14.853      4194304      2097152
     1048576            4          22.388      8388608      4194304
     1048576            8          39.053     16777216      8388608
     1048576           16          72.952     33554432     16777216
     1048576           32         140.143     67108864     33554432
     1048576           64         295.409    134217728     67108864
     1048576          128         485.873    268435456    134217728
     1048576          256         911.950    536870912    268435456
     1048576          512        1927.532   1073741824    536870912
     1048576         1024        3720.586   2147483648   1073741824
     1048576         2048        7476.864   4294967296   2147483648
     2097152            1          75.120      4194304      2097152
     2097152            2          35.420      8388608      4194304
     2097152            4          57.105     16777216      8388608
     2097152            8          93.498     33554432     16777216
     2097152           16         144.672     67108864     33554432
     2097152           32         294.637    134217728     67108864
     2097152           64         562.925    268435456    134217728
     2097152          128         935.956    536870912    268435456
     2097152          256        1874.270   1073741824    536870912
     2097152          512        3859.812   2147483648   1073741824
     2097152         1024        7559.870   4294967296   2147483648
     4194304            1         153.662      8388608      4194304
     4194304            2          67.915     16777216      8388608
     4194304            4         100.420     33554432     16777216
     4194304            8         156.494     67108864     33554432
     4194304           16         293.073    134217728     67108864
     4194304           32         525.248    268435456    134217728
     4194304           64        1025.078    536870912    268435456
     4194304          128        2059.871   1073741824    536870912
     4194304          256        3960.605   2147483648   1073741824
     4194304          512        8503.763   4294967296   2147483648
     8388608            1         304.926     16777216      8388608
     8388608            2         261.809     33554432     16777216
     8388608            4         313.473     67108864     33554432
     8388608            8         468.184    134217728     67108864
     8388608           16         806.529    268435456    134217728
     8388608           32        1472.637    536870912    268435456
     8388608           64        2829.729   1073741824    536870912
     8388608          128        5553.126   2147483648   1073741824
     8388608          256       11159.068   4294967296   2147483648
    16777216            1         662.361     33554432     16777216
    16777216            2         899.795     67108864     33554432
    16777216            4        1056.124    134217728     67108864
    16777216            8        1398.680    268435456    134217728
    16777216           16        2141.493    536870912    268435456
    16777216           32        3922.939   1073741824    536870912
    16777216           64        7480.430   2147483648   1073741824
    16777216          128       16680.227   4294967296   2147483648
    33554432            1        1312.617     67108864     33554432
    33554432            2        2484.610    134217728     67108864
    33554432            4        4209.320    268435456    134217728
    33554432            8        4501.708    536870912    268435456
    33554432           16        6519.222   1073741824    536870912
    33554432           32       12183.149   2147483648   1073741824
    33554432           64       25275.677   4294967296   2147483648
    67108864            1        2538.987    134217728     67108864
    67108864            2        4699.620    268435456    134217728
    67108864            4        6773.463    536870912    268435456
    67108864            8       11401.009   1073741824    536870912
    67108864           16       20450.565   2147483648   1073741824
    67108864           32       37660.074   4294967296   2147483648
   134217728            1        4972.303    268435456    134217728
   134217728            2        9534.711    536870912    268435456
   134217728            4       14428.815   1073741824    536870912
   134217728            8       24497.589   2147483648   1073741824
   134217728           16       46098.515   4294967296   2147483648
   268435456            1        9459.617    536870912    268435456
   268435456            2       18369.257   1073741824    536870912
   268435456            4       28837.550   2147483648   1073741824
   268435456            8       48822.571   4294967296   2147483648
   536870912            1       19152.291   1073741824    536870912
   536870912            2       36059.868   2147483648   1073741824
   536870912            4       55470.754   4294967296   2147483648
  1073741824            1       44201.039   2147483648   1073741824
  1073741824            2       85953.537   4294967296   2147483648
  2147483648            1       85620.798   4294967296   2147483648

META_DATA
FLOPS          8
OPENMP_THREADS 4
ERT_VERSION  1.1.0
HOSTNAME  ('areeba-vm', [], ['127.0.1.1'])
UNAME  uname_result(system='Linux', node='areeba-vm', release='6.17.0-23-generic', version='#23~24.04.1-Ubuntu SMP PREEMPT_DYNAMIC Tue Apr 14 16:11:48 UTC 2', machine='x86_64')
TIMESTAMP_DATA  1778236660.6944568
CONFIG  {'ERT_RESULTS': ['roofline/mylaptop/Results'], 'ERT_DRIVER': ['driver1'], 'ERT_KERNEL': ['kernel1'], 'ERT_MPI': ['False'], 'ERT_MPI_CFLAGS': [], 'ERT_MPI_LDFLAGS': [], 'ERT_MPI_PROCS': ['1'], 'ERT_OPENMP': ['True'], 'ERT_OPENMP_CFLAGS': ['-fopenmp'], 'ERT_OPENMP_LDFLAGS': ['-fopenmp'], 'ERT_OPENMP_THREADS': ['1,2,4'], 'ERT_GPU': ['False'], 'ERT_GPU_CFLAGS': [], 'ERT_GPU_LDFLAGS': [], 'ERT_GPU_BLOCKS': ['1'], 'ERT_GPU_THREADS': ['1'], 'ERT_HIP': ['False'], 'ERT_OCL': ['False'], 'ERT_SYCL': ['False'], 'ERT_FLOPS': ['1,2,4,8'], 'ERT_ALIGN': ['32'], 'ERT_CC': ['g++'], 'ERT_CFLAGS': ['-O3', '-march=native', '-mavx2', '-mfma', '-ffast-math'], 'ERT_LD': ['g++'], 'ERT_LDFLAGS': [], 'ERT_LDLIBS': [], 'ERT_PRECISION': ['FP64'], 'ERT_PROCS_THREADS': ['6'], 'ERT_BLOCKS_THREADS': ['1'], 'ERT_WORKING_SET_MIN': ['1'], 'ERT_MEMORY_MAX': ['2147483648'], 'ERT_WSS_MULT': ['2.0'], 'ERT_TRIALS_MIN': ['1'], 'ERT_NUM_EXPERIMENTS': ['1'], 'ERT_RUN': ['OMP_NUM_THREADS=ERT_OPENMP_THREADS', './ERT_CODE'], 'ERT_GNUPLOT': ['False']}
